Crime ID,Month,Reported by,Falls within,Longitude,Latitude,Location,LSOA code,LSOA name,Crime type,Last outcome category,Context
b2e7b7207c7637bc8707f08b67d5d55a95527d1809709b24b37c9b19a5e77d2d,2022-06,Cambridgeshire Constabulary,Cambridgeshire Constabulary,0.076951,51.536326,On or near East Street,E01000010,Barking and Dagenham 015C,Violence and sexual offences,Status update unavailable,
57281e4c6eab9760b10715a8c1ebfc25b21c0ecb844303f89e1dfdb75b396f4f,2022-06,Cambridgeshire Constabulary,Cambridgeshire Constabulary,-0.267155,52.207832,On or near Barford Road,E01017542,Bedford 004D,Other theft,Investigation complete; no suspect identified,
3b202466a081fe6dfb885f008b1bfe36d2da460665e17cfbc1f7dedeb307bf27,2022-06,Cambridgeshire Constabulary,Cambridgeshire Constabulary,-0.270013,52.208108,On or near Alington Road,E01017542,Bedford 004D,Violence and sexual offences,Status update unavailable,
e967a4869f124c852b372cdfac99f9fd12ee9b99ed72c06eda2e79f28f234a55,2022-06,Cambridgeshire Constabulary,Cambridgeshire Constabulary,-1.869566,52.452741,On or near Ivor Road,E01009383,Birmingham 083D,Violence and sexual offences,Status update unavailable,
1cec415e5a5ad5572529ecbab63fc0c394e5ec3e544fe8a7487459969b9f6322,2022-06,Cambridgeshire Constabulary,Cambridgeshire Constabulary,-0.024454,52.977009,On or near Town Bridge,E01026006,Boston 003A,Violence and sexual offences,Status update unavailable,
b6c1242526af19fd3007636b9341ebb5384dd6f8b1838dd67ce7f68b71e4c474,2022-06,Cambridgeshire Constabulary,Cambridgeshire Constabulary,-0.252027,51.537103,On or near Connaught Road,E01000524,Brent 031B,Violence and sexual offences,Status update unavailable,
ec7a62d86a3412b031658584f71648e9ef9f5ac3b0bc2010a68bd2261a4cf8c9,2022-06,Cambridgeshire Constabulary,Cambridgeshire Constabulary,-0.049057,51.701136,On or near Pengelly Close,E01023296,Broxbourne 011D,Violence and sexual offences,Unable to prosecute suspect,
228b341bb9484096980644d9e71de545c633741d9abf57eaff7faeb6d4905819,2022-06,Cambridgeshire Constabulary,Cambridgeshire Constabulary,0.133320,52.228984,On or near Campkin Road,E01017975,Cambridge 001A,Criminal damage and arson,Unable to prosecute suspect,
4b12b34b70103829c80895548b2de5e007cb0620ae4e90cf6851c6927c28dc92,2022-06,Cambridgeshire Constabulary,Cambridgeshire Constabulary,0.133320,52.228984,On or near Campkin Road,E01017975,Cambridge 001A,Other theft,Unable to prosecute suspect,
3d056b1db73ad0d8dc165253e6dd91cb0ccc2fbff6522d97d77d39ea23e9d20e,2022-06,Cambridgeshire Constabulary,Cambridgeshire Constabulary,0.131681,52.229005,On or near Crowland Way,E01017975,Cambridge 001A,Public order,Court result unavailable,
d0cbc024474d8a686bece4f163710b051162baf39673b4ef8a15c37131f86966,2022-06,Cambridgeshire Constabulary,Cambridgeshire Constabulary,0.136532,52.228485,On or near Jackson Road,E01017975,Cambridge 001A,Public order,Unable to prosecute suspect,
ff3d4aadc136b0c14557b7644ce01137dd2bbcb81d5b861b56f73ff18d307a61,2022-06,Cambridgeshire Constabulary,Cambridgeshire Constabulary,0.133320,52.228984,On or near Campkin Road,E01017975,Cambridge 001A,Public order,Unable to prosecute suspect,
43b22e73b8d335f66ac4676b589716b09c09c122de7610d3e671323ad9bb997b,2022-06,Cambridgeshire Constabulary,Cambridgeshire Constabulary,0.136532,52.228485,On or near Jackson Road,E01017975,Cambridge 001A,Public order,Investigation complete; no suspect identified,
6e716e45abba8bfc0d7a120b93ec4244cdd5a10882a5de1fdaa7ca7fe3013f04,2022-06,Cambridgeshire Constabulary,Cambridgeshire Constabulary,0.133546,52.226678,On or near Haviland Way,E01017975,Cambridge 001A,Public order,Status update unavailable,
c58c5c99c9cffd4e7e49652b6dc187c3619e1ba53ef0baa872069dc2d4adbb40,2022-06,Cambridgeshire Constabulary,Cambridgeshire Constabulary,0.132766,52.227196,On or near Sports/Recreation Area,E01017975,Cambridge 001A,Robbery,Unable to prosecute suspect,
439bf972aaaf2cccb8ff6fa6fc9fe9a5b2aeb329fd6c30d2a39409e273a76266,2022-06,Cambridgeshire Constabulary,Cambridgeshire Constabulary,0.133320,52.228984,On or near Campkin Road,E01017975,Cambridge 001A,Robbery,Unable to prosecute suspect,
140575b236f14bb56490717b02e2313c06eb22f0c2b08896c057bd7037e098a7,2022-06,Cambridgeshire Constabulary,Cambridgeshire Constabulary,0.131739,52.230209,On or near Cadwin Field,E01017975,Cambridge 001A,Violence and sexual offences,Unable to prosecute suspect,
2f9f0953b0afeaad7048c2717c123770be654793b82b281c1e35bc81cda79b7c,2022-06,Cambridgeshire Constabulary,Cambridgeshire Constabulary,0.133320,52.228984,On or near Campkin Road,E01017975,Cambridge 001A,Violence and sexual offences,Unable to prosecute suspect,
c8961ca6acbe676ab2a4a18bb6926d5232bc7ff1aec418f1ad1fb1f8bcb20cd3,2022-06,Cambridgeshire Constabulary,Cambridgeshire Constabulary,0.131739,52.230209,On or near Cadwin Field,E01017975,Cambridge 001A,Violence and sexual offences,Unable to prosecute suspect,
744f299505de99123df4d5dd7789759811588df4bb512c7dbb899fe973572831,2022-06,Cambridgeshire Constabulary,Cambridgeshire Constabulary,0.133320,52.228984,On or near Campkin Road,E01017975,Cambridge 001A,Violence and sexual offences,Court result unavailable,
84f8a540c1af19ef014c017cc510344074eed12db4743c458b80621c73c4b567,2022-06,Cambridgeshire Constabulary,Cambridgeshire Constabulary,0.133546,52.226678,On or near Haviland Way,E01017975,Cambridge 001A,Violence and sexual offences,Unable to prosecute suspect,
a25ee7d5166c91d3b994ba308f551015d4c94f8e287a43061f1e43e6886edb4a,2022-06,Cambridgeshire Constabulary,Cambridgeshire Constabulary,0.131997,52.225825,On or near Sports/Recreation Area,E01017975,Cambridge 001A,Violence and sexual offences,Further action is not in the public interest,
2fd74d68b7d13adfbafbea796311e9d7bf26176594e5d0e0b8c835ebc0fcc7e6,2022-06,Cambridgeshire Constabulary,Cambridgeshire Constabulary,0.135216,52.228518,On or near Kent Way,E01017975,Cambridge 001A,Violence and sexual offences,Unable to prosecute suspect,
1e1cea8d563d542b91558e4ca7b20a2a70e09e53107a01f3947354125e9ba1f1,2022-06,Cambridgeshire Constabulary,Cambridgeshire Constabulary,0.135216,52.228518,On or near Kent Way,E01017975,Cambridge 001A,Violence and sexual offences,Unable to prosecute suspect,
c208a4faf4a56cb0080e5d9f9c231a207f227a982cb931e4b995ed401a173138,2022-06,Cambridgeshire Constabulary,Cambridgeshire Constabulary,0.133182,52.231900,On or near Sports/Recreation Area,E01017975,Cambridge 001A,Violence and sexual offences,Status update unavailable,
a98871d02b99ed40fe4d178d0d24243f6c52f6414ff38bf00dc8fa683846b975,2022-06,Cambridgeshire Constabulary,Cambridgeshire Constabulary,0.132766,52.227196,On or near Sports/Recreation Area,E01017975,Cambridge 001A,Violence and sexual offences,Investigation complete; no suspect identified,
8b7122545c21d92723f044dd94153d48865eb8ef104e20f060334519252d413b,2022-06,Cambridgeshire Constabulary,Cambridgeshire Constabulary,0.131681,52.229005,On or near Crowland Way,E01017975,Cambridge 001A,Violence and sexual offences,Unable to prosecute suspect,
8515fdd2a6f089ccc5ddfba8d70d9acc10037cea1acb02f7875f0b91a686da2f,2022-06,Cambridgeshire Constabulary,Cambridgeshire Constabulary,0.133546,52.226678,On or near Haviland Way,E01017975,Cambridge 001A,Violence and sexual offences,Unable to prosecute suspect,
dadfa3b420d5f626cb2f8c03c7d1ac6de81864b40049df7a32428c7fea388cac,2022-06,Cambridgeshire Constabulary,Cambridgeshire Constabulary,0.133546,52.226678,On or near Haviland Way,E01017975,Cambridge 001A,Violence and sexual offences,Unable to prosecute suspect,
a90ff0030ff024f911ca4a6cb953d554b00371f2ae31f768db18c411a5549416,2022-06,Cambridgeshire Constabulary,Cambridgeshire Constabulary,0.133320,52.228984,On or near Campkin Road,E01017975,Cambridge 001A,Other crime,Status update unavailable,
,2022-06,Cambridgeshire Constabulary,Cambridgeshire Constabulary,0.141965,52.225447,On or near Milton Road,E01017976,Cambridge 001B,Anti-social behaviour,,
d7b498c0aeea63d13ed02674d1669496d254a57560f95383368531cfe824c24d,2022-06,Cambridgeshire Constabulary,Cambridgeshire Constabulary,0.142650,52.227817,On or near Ramsden Square,E01017976,Cambridge 001B,Criminal damage and arson,Investigation complete; no suspect identified,
18babdaf596c615b4c4c38adc76851c87ff3e0c339f706c42ec032ca0ba8eb0a,2022-06,Cambridgeshire Constabulary,Cambridgeshire Constabulary,0.143759,52.229865,On or near Lovell Road,E01017976,Cambridge 001B,Vehicle crime,Investigation complete; no suspect identified,
,2022-06,Cambridgeshire Constabulary,Cambridgeshire Constabulary,0.139660,52.229580,On or near Apthorpe Way,E01017977,Cambridge 001C,Anti-social behaviour,,
,2022-06,Cambridgeshire Constabulary,Cambridgeshire Constabulary,0.140388,52.229800,On or near Woodhouse Way,E01017977,Cambridge 001C,Anti-social behaviour,,
,2022-06,Cambridgeshire Constabulary,Cambridgeshire Constabulary,0.138744,52.225460,On or near Woodhead Drive,E01017977,Cambridge 001C,Anti-social behaviour,,
2fe971466d7c56d01c3c98de0a287d14127ff5a3ce5e4860c8873c3032419718,2022-06,Cambridgeshire Constabulary,Cambridgeshire Constabulary,0.138744,52.225460,On or near Woodhead Drive,E01017977,Cambridge 001C,Bicycle theft,Investigation complete; no suspect identified,
1c31badddd259d59712b1f236247484e3a7c359a5685405d111257397b21dd86,2022-06,Cambridgeshire Constabulary,Cambridgeshire Constabulary,0.135193,52.230776,On or near Blackberry Way,E01017977,Cambridge 001C,Burglary,Unable to prosecute suspect,
3ee7b2c7e4f97d56fb2fc0f313bf07a2fe540d89addc33346615cb8aa96421d0,2022-06,Cambridgeshire Constabulary,Cambridgeshire Constabulary,0.136273,52.225226,On or near Alice Bell Close,E01017977,Cambridge 001C,Other theft,Investigation complete; no suspect identified,
6bd4b3c8df46335023df69b0e45781302a177b11d2bac6187fd42999cfad2ff4,2022-06,Cambridgeshire Constabulary,Cambridgeshire Constabulary,0.135732,52.231027,On or near Wagstaff Close,E01017977,Cambridge 001C,Public order,Court result unavailable,
53992bfbb76f11327b0224a5d268ecd7a2db4f3edd7830a45b1ea57cf2fe3c18,2022-06,Cambridgeshire Constabulary,Cambridgeshire Constabulary,0.136952,52.229908,On or near Supermarket,E01017977,Cambridge 001C,Public order,Unable to prosecute suspect,
2f83e55eda063bded3931b802490e34978334e1b5f9f8542f9f18ab2694998db,2022-06,Cambridgeshire Constabulary,Cambridgeshire Constabulary,0.136952,52.229908,On or near Supermarket,E01017977,Cambridge 001C,Public order,Unable to prosecute suspect,
ca6ad636d8b6806250971c7e644e9061d9daaacf0958d687180e39a84ed34b72,2022-06,Cambridgeshire Constabulary,Cambridgeshire Constabulary,0.140388,52.229800,On or near Woodhouse Way,E01017977,Cambridge 001C,Public order,Investigation complete; no suspect identified,
b8a37e27ae32229117f91310920f44e8d3be35c4b058a05afe4e5d68ed0dc043,2022-06,Cambridgeshire Constabulary,Cambridgeshire Constabulary,0.136952,52.229908,On or near Supermarket,E01017977,Cambridge 001C,Public order,Unable to prosecute suspect,
4308231e8c94d59381cf1f17208a3ccd7c46b7443dc37cae41ada05285f4ed85,2022-06,Cambridgeshire Constabulary,Cambridgeshire Constabulary,0.135193,52.230776,On or near Blackberry Way,E01017977,Cambridge 001C,Theft from the person,Investigation complete; no suspect identified,
0ce63526f7fdee08d4acccfa147737dd3a4adbbf2fd4e3bdc9be480b507f0f9d,2022-06,Cambridgeshire Constabulary,Cambridgeshire Constabulary,0.136952,52.229908,On or near Supermarket,E01017977,Cambridge 001C,Violence and sexual offences,Unable to prosecute suspect,
4b8e46337f35c92a49175011d4b6b2a5d22f608847e4a3ba68ab9fe14072a8af,2022-06,Cambridgeshire Constabulary,Cambridgeshire Constabulary,0.136952,52.229908,On or near Supermarket,E01017977,Cambridge 001C,Violence and sexual offences,Unable to prosecute suspect,
c3420794045dca520147996c2b28c41eadf4fbe8dfb1887870d3f288753dea09,2022-06,Cambridgeshire Constabulary,Cambridgeshire Constabulary,0.136952,52.229908,On or near Supermarket,E01017977,Cambridge 001C,Violence and sexual offences,Unable to prosecute suspect,
f4ff965e46dae49da50419eb16e0d3b08412dcd5c8ebf1eed95e7aca4976365c,2022-06,Cambridgeshire Constabulary,Cambridgeshire Constabulary,0.136952,52.229908,On or near Supermarket,E01017977,Cambridge 001C,Violence and sexual offences,Unable to prosecute suspect,
f556d165830c33fc80af102d092546b7ec822c8b7c88299876986b48d2e8796a,2022-06,Cambridgeshire Constabulary,Cambridgeshire Constabulary,0.139669,52.225506,On or near Robert Jennings Close,E01017977,Cambridge 001C,Violence and sexual offences,Unable to prosecute suspect,
909d8dbe1d7d7bdb5fe3fafb0bfa1658e0e7f8d248105a3ff0d10b5b04518cae,2022-06,Cambridgeshire Constabulary,Cambridgeshire Constabulary,0.136127,52.227063,On or near Hawkins Road,E01017977,Cambridge 001C,Violence and sexual offences,Unable to prosecute suspect,
70ceb543b9cf4270dff56216dd891a1737990175ed7e27f6187d8b17e6b938b3,2022-06,Cambridgeshire Constabulary,Cambridgeshire Constabulary,0.136952,52.229908,On or near Supermarket,E01017977,Cambridge 001C,Violence and sexual offences,Unable to prosecute suspect,
4cffb257054fec80587d36733e23a971af1ad23816617890ccca95a5f543b683,2022-06,Cambridgeshire Constabulary,Cambridgeshire Constabulary,0.140388,52.229800,On or near Woodhouse Way,E01017977,Cambridge 001C,Violence and sexual offences,Status update unavailable,
400e4ffaf1f6d2b5bceb49d524e02128a5e79d3db7371b63e7ef0f43411318ad,2022-06,Cambridgeshire Constabulary,Cambridgeshire Constabulary,0.136952,52.229908,On or near Supermarket,E01017977,Cambridge 001C,Violence and sexual offences,Status update unavailable,
fd56ea72d0a0ba990355c22dcf4e61d15ea546921574911a178347ed18d4e577,2022-06,Cambridgeshire Constabulary,Cambridgeshire Constabulary,0.136952,52.229908,On or near Supermarket,E01017977,Cambridge 001C,Violence and sexual offences,Unable to prosecute suspect,
068f15cc6ae086f2dcaf3d292d399b181ef45aefd591e1c89c68ac3515a04960,2022-06,Cambridgeshire Constabulary,Cambridgeshire Constabulary,0.136127,52.227063,On or near Hawkins Road,E01017977,Cambridge 001C,Other crime,Unable to prosecute suspect,
,2022-06,Cambridgeshire Constabulary,Cambridgeshire Constabulary,0.127744,52.225074,On or near Supermarket,E01017978,Cambridge 001D,Anti-social behaviour,,
,2022-06,Cambridgeshire Constabulary,Cambridgeshire Constabulary,0.126465,52.228326,On or near Montrose Close,E01017978,Cambridge 001D,Anti-social behaviour,,
,2022-06,Cambridgeshire Constabulary,Cambridgeshire Constabulary,0.127744,52.225074,On or near Supermarket,E01017978,Cambridge 001D,Anti-social behaviour,,
,2022-06,Cambridgeshire Constabulary,Cambridgeshire Constabulary,0.123331,52.229245,On or near Albemarle Way,E01017978,Cambridge 001D,Anti-social behaviour,,
989211bef7c6a772af6e690b7aed98360d2888d1fa68074cfc78e9d0843f1e3d,2022-06,Cambridgeshire Constabulary,Cambridgeshire Constabulary,0.122299,52.229713,On or near Ashvale,E01017978,Cambridge 001D,Bicycle theft,Investigation complete; no suspect identified,
911f0b9b4c8c8774e506fd0646e4cc675c08431f7bda5c2dd9d9cc44d91e1292,2022-06,Cambridgeshire Constabulary,Cambridgeshire Constabulary,0.123331,52.229245,On or near Albemarle Way,E01017978,Cambridge 001D,Bicycle theft,Investigation complete; no suspect identified,
0eda1de8d4797078416a7fde1254e29f124ff746b70e27986fd6a3d54447efca,2022-06,Cambridgeshire Constabulary,Cambridgeshire Constabulary,0.124335,52.227887,On or near Arbury Road,E01017978,Cambridge 001D,Other theft,Investigation complete; no suspect identified,
0bfc9a5bcd529f31466c75bafacdf0a132d685b6226fb5454a7ae5ed2c59f54d,2022-06,Cambridgeshire Constabulary,Cambridgeshire Constabulary,0.129686,52.228321,On or near Whitfield Close,E01017978,Cambridge 001D,Public order,Unable to prosecute suspect,
6fcf0c7a69dd359d1f743b45864e15ee17fa278a08b280366d0f3c51ac7680a6,2022-06,Cambridgeshire Constabulary,Cambridgeshire Constabulary,0.127754,52.226495,On or near Parking Area,E01017978,Cambridge 001D,Vehicle crime,Investigation complete; no suspect identified,
be062542c6a3aa225d2820780c3bed857d952008562df08a42612f17336468d4,2022-06,Cambridgeshire Constabulary,Cambridgeshire Constabulary,0.122886,52.230054,On or near Abbots Close,E01017978,Cambridge 001D,Violence and sexual offences,Investigation complete; no suspect identified,
286452dc067444df1944bd5e8d6cdf484bfa80ab03e23da12bb38659a1476ff4,2022-06,Cambridgeshire Constabulary,Cambridgeshire Constabulary,0.129686,52.228321,On or near Whitfield Close,E01017978,Cambridge 001D,Violence and sexual offences,Status update unavailable,
0582888efef1fbde5497e17a4fdb549f8b91f211603a6606c097881f5d81669e,2022-06,Cambridgeshire Constabulary,Cambridgeshire Constabulary,0.127754,52.226495,On or near Parking Area,E01017978,Cambridge 001D,Violence and sexual offences,Unable to prosecute suspect,
f206b361d8a91799bdea2ac9ed524f9d301ceff1a8e21d51c906bc91637c533a,2022-06,Cambridgeshire Constabulary,Cambridgeshire Constabulary,0.129686,52.228321,On or near Whitfield Close,E01017978,Cambridge 001D,Other crime,Investigation complete; no suspect identified,
,2022-06,Cambridgeshire Constabulary,Cambridgeshire Constabulary,0.124571,52.233440,On or near Caledon Way,E01017979,Cambridge 001E,Anti-social behaviour,,
3feb0aee286e53cbf9b88bfd6f97009962f1fc924b9d88eb1ab6aa322f368e6e,2022-06,Cambridgeshire Constabulary,Cambridgeshire Constabulary,0.126413,52.233362,On or near Minerva Way,E01017979,Cambridge 001E,Criminal damage and arson,Investigation complete; no suspect identified,
64105495630433fe1de573652c0e5a74e8722581341cd36bc5d5cd964acf3e0b,2022-06,Cambridgeshire Constabulary,Cambridgeshire Constabulary,0.122198,52.231586,On or near Jedburgh Close,E01017979,Cambridge 001E,Criminal damage and arson,Investigation complete; no suspect identified,
0a97d6fa234b2c1604c4344435c917e4091497d520975808d67a4037557b4fba,2022-06,Cambridgeshire Constabulary,Cambridgeshire Constabulary,0.124571,52.233440,On or near Caledon Way,E01017979,Cambridge 001E,Public order,Unable to prosecute suspect,
9ec861cb1bc2b198c5946470096d2882cc4b2b47e774650b495474c0d9ae79a1,2022-06,Cambridgeshire Constabulary,Cambridgeshire Constabulary,0.124571,52.233440,On or near Caledon Way,E01017979,Cambridge 001E,Public order,Further action is not in the public interest,
0e2c0da39c269ce97b9b1bf564ddb941bf0e15b0b816044010b3b1b42d2ac788,2022-06,Cambridgeshire Constabulary,Cambridgeshire Constabulary,0.126337,52.230243,On or near Sackville Close,E01017979,Cambridge 001E,Public order,Unable to prosecute suspect,
217831dd808f1e4ce903822ec17981dd3b9e6ee22d19f54dc9f4b85b4343bc8e,2022-06,Cambridgeshire Constabulary,Cambridgeshire Constabulary,0.124571,52.233440,On or near Caledon Way,E01017979,Cambridge 001E,Public order,Unable to prosecute suspect,
76f1952897441d98a1cc41cb3e0590b89e183bd777f1eda7320bcecf0c9a9a91,2022-06,Cambridgeshire Constabulary,Cambridgeshire Constabulary,0.121753,52.232385,On or near Conference/Exhibition Centre,E01017979,Cambridge 001E,Shoplifting,Investigation complete; no suspect identified,
eeae4398095dbeb5b35b7e5dde045afb79052c6159a8ee8c77427ba6516c41c8,2022-06,Cambridgeshire Constabulary,Cambridgeshire Constabulary,0.126156,52.233816,On or near Augustus Close,E01017979,Cambridge 001E,Violence and sexual offences,Unable to prosecute suspect,
7948b84c9abfab75a825db8d33f09a50e9d1d80aaf4461b77da425f2c628f847,2022-06,Cambridgeshire Constabulary,Cambridgeshire Constabulary,0.127219,52.231243,On or near Aragon Close,E01017979,Cambridge 001E,Violence and sexual offences,Unable to prosecute suspect,
ff0100950dc7a5cb81b4e034f559ec77302c11afe17c86d4bf6e9d1948c9ebb0,2022-06,Cambridgeshire Constabulary,Cambridgeshire Constabulary,0.127962,52.232381,On or near Apollo Way,E01017979,Cambridge 001E,Violence and sexual offences,Investigation complete; no suspect identified,
cf9a170fe999e6ee515a8e66cbb0b108e7cbc3143b14b0c516bb9a4a8c92505c,2022-06,Cambridgeshire Constabulary,Cambridgeshire Constabulary,0.124571,52.233440,On or near Caledon Way,E01017979,Cambridge 001E,Violence and sexual offences,Unable to prosecute suspect,
f10bd4dd8030445b6d3c00fd756b00330e7528396edb0eb9f3b6db70381fc369,2022-06,Cambridgeshire Constabulary,Cambridgeshire Constabulary,0.131157,52.233960,On or near Armitage Way,E01017980,Cambridge 001F,Public order,Local resolution,
58c9a5a58c4797b1a2ecd3b33a3c5573bb462c01d17bb6bb3842ce2a736c7a00,2022-06,Cambridgeshire Constabulary,Cambridgeshire Constabulary,0.139870,52.231806,On or near Garry Drive,E01017980,Cambridge 001F,Theft from the person,Investigation complete; no suspect identified,
67352980c1085ba6871ddba86054c3be64003372fb6dcd3bbbde0e485e5ea0d5,2022-06,Cambridgeshire Constabulary,Cambridgeshire Constabulary,0.139870,52.231806,On or near Garry Drive,E01017980,Cambridge 001F,Theft from the person,Investigation complete; no suspect identified,
30a149c3514cd5bfb8c65c62f43c135f361c81ff185c93d935c5b3ee1f326848,2022-06,Cambridgeshire Constabulary,Cambridgeshire Constabulary,0.139870,52.231806,On or near Garry Drive,E01017980,Cambridge 001F,Violence and sexual offences,Investigation complete; no suspect identified,
f4f1f62fbb814589f7a901941e88b6972ea2c3a5b81654f922c04c21c5ffd2f3,2022-06,Cambridgeshire Constabulary,Cambridgeshire Constabulary,0.139870,52.231806,On or near Garry Drive,E01017980,Cambridge 001F,Violence and sexual offences,Unable to prosecute suspect,
e1b926419fd6f7115bdbc13da97e805f23e0475fae522415e1c7ead52ba49795,2022-06,Cambridgeshire Constabulary,Cambridgeshire Constabulary,0.138121,52.230462,On or near St Kilda Avenue,E01017980,Cambridge 001F,Violence and sexual offences,Unable to prosecute suspect,
023f6e6ca4be7c6e08811737d5f977af9c2824019add5ce171010b22b4931adb,2022-06,Cambridgeshire Constabulary,Cambridgeshire Constabulary,0.139870,52.231806,On or near Garry Drive,E01017980,Cambridge 001F,Violence and sexual offences,Investigation complete; no suspect identified,
93c45057752e6bef3c050db2635e954b074cbaf65c6b58103c1b1de567c43dab,2022-06,Cambridgeshire Constabulary,Cambridgeshire Constabulary,0.130003,52.234017,On or near Bayford Place,E01017980,Cambridge 001F,Violence and sexual offences,Unable to prosecute suspect,
,2022-06,Cambridgeshire Constabulary,Cambridgeshire Constabulary,0.110165,52.215940,On or near North Street,E01017949,Cambridge 002A,Anti-social behaviour,,
,2022-06,Cambridgeshire Constabulary,Cambridgeshire Constabulary,0.113198,52.216605,On or near Bermuda Road,E01017949,Cambridge 002A,Anti-social behaviour,,
,2022-06,Cambridgeshire Constabulary,Cambridgeshire Constabulary,0.111633,52.219726,On or near Histon Road,E01017949,Cambridge 002A,Anti-social behaviour,,
,2022-06,Cambridgeshire Constabulary,Cambridgeshire Constabulary,0.111633,52.219726,On or near Histon Road,E01017949,Cambridge 002A,Anti-social behaviour,,
0c2b5d8674236b255d48f536e2017950739e53d06ee0fd5834f9a7f71fcba038,2022-06,Cambridgeshire Constabulary,Cambridgeshire Constabulary,0.112291,52.217556,On or near Linden Close,E01017949,Cambridge 002A,Bicycle theft,Investigation complete; no suspect identified,
777a6d6a95d99c71af4f0c894fbceea76ee53bce8543edc77ded66e65d6ec975,2022-06,Cambridgeshire Constabulary,Cambridgeshire Constabulary,0.112291,52.217556,On or near Linden Close,E01017949,Cambridge 002A,Bicycle theft,Investigation complete; no suspect identified,
db13f9d6af8f4a89a1be081f62b699ccb93b94bf2f0702b3182a083066310350,2022-06,Cambridgeshire Constabulary,Cambridgeshire Constabulary,0.111633,52.219726,On or near Histon Road,E01017949,Cambridge 002A,Other theft,Investigation complete; no suspect identified,
bc6a23d2ac684ae074486184c6a2f054dafdf42d330444d3ae20fd3e1445618b,2022-06,Cambridgeshire Constabulary,Cambridgeshire Constabulary,0.110656,52.219492,On or near Supermarket,E01017949,Cambridge 002A,Shoplifting,Court result unavailable,
2202c3de2ef600225bc6da1754eb512ff7572aad8833837329c86166508d3e4e,2022-06,Cambridgeshire Constabulary,Cambridgeshire Constabulary,0.110656,52.219492,On or near Supermarket,E01017949,Cambridge 002A,Shoplifting,Investigation complete; no suspect identified,
f0ab7b0794e00d5614631162cbf9847b141bc6471ed50fa6f4e1eba0e1498c25,2022-06,Cambridgeshire Constabulary,Cambridgeshire Constabulary,0.113198,52.216605,On or near Bermuda Road,E01017949,Cambridge 002A,Violence and sexual offences,Unable to prosecute suspect,
ee065eda70c899927a3877bc97c581b9cd07ffdee7eb163619f7b7c2bd27cb3d,2022-06,Cambridgeshire Constabulary,Cambridgeshire Constabulary,0.110656,52.219492,On or near Supermarket,E01017949,Cambridge 002A,Violence and sexual offences,Investigation complete; no suspect identified,
037ee9484f1d3f3db229d686e68ed7041e119f1f0d085941d77da2c0b117da23,2022-06,Cambridgeshire Constabulary,Cambridgeshire Constabulary,0.112271,52.215282,On or near Prince William Court,E01017949,Cambridge 002A,Violence and sexual offences,Unable to prosecute suspect,
94d7994e59d586a7b45dc67f498ee2f0c55ca70628d5a67f83335443bf7673bc,2022-06,Cambridgeshire Constabulary,Cambridgeshire Constabulary,0.113198,52.216605,On or near Bermuda Road,E01017949,Cambridge 002A,Violence and sexual offences,Unable to prosecute suspect,
,2022-06,Cambridgeshire Constabulary,Cambridgeshire Constabulary,0.119723,52.213754,On or near Carlyle Road,E01017950,Cambridge 002B,Anti-social behaviour,,
,2022-06,Cambridgeshire Constabulary,Cambridgeshire Constabulary,0.115959,52.212167,On or near Chesterton Lane,E01017950,Cambridge 002B,Anti-social behaviour,,
c4ef90f2ef239bd27f04133c1039f6b435026fc7d31d64c41665394c33875bc6,2022-06,Cambridgeshire Constabulary,Cambridgeshire Constabulary,0.119723,52.213754,On or near Carlyle Road,E01017950,Cambridge 002B,Bicycle theft,Investigation complete; no suspect identified,
7e3f83e90e77d34e33c6f2e0cb1fbe58c6f5b603974c7542ebc1fa1b1480dc04,2022-06,Cambridgeshire Constabulary,Cambridgeshire Constabulary,0.119723,52.213754,On or near Carlyle Road,E01017950,Cambridge 002B,Burglary,Investigation complete; no suspect identified,
40fd3b68a2914a2dfdc22ac333caebdd119ae0fc1ea342c3a3289e9db8bed72f,2022-06,Cambridgeshire Constabulary,Cambridgeshire Constabulary,0.119723,52.213754,On or near Carlyle Road,E01017950,Cambridge 002B,Other theft,Unable to prosecute suspect,
7b14c05abd3f845138f93db440cff73dd27d1cb8f33172bb90ecd66b6618a273,2022-06,Cambridgeshire Constabulary,Cambridgeshire Constabulary,0.116319,52.215137,On or near Hilda Street,E01017950,Cambridge 002B,Other theft,Investigation complete; no suspect identified,
c392bae10c95ff06b919b3b9a6b2b1f3a4ce54fb7b4bd4912498e1334894809f,2022-06,Cambridgeshire Constabulary,Cambridgeshire Constabulary,0.113750,52.215282,On or near Arthur Street,E01017950,Cambridge 002B,Other theft,Unable to prosecute suspect,
a5dc2a784df502fca0596270f86541979d2433204c628e9d70b91509a557ebb7,2022-06,Cambridgeshire Constabulary,Cambridgeshire Constabulary,0.119723,52.213754,On or near Carlyle Road,E01017950,Cambridge 002B,Theft from the person,Investigation complete; no suspect identified,
8eccd1b2cff490a2e2e5b138bd5a2ec7501109163c838b40ad974efd29998049,2022-06,Cambridgeshire Constabulary,Cambridgeshire Constabulary,0.113942,52.215629,On or near Victoria Road,E01017950,Cambridge 002B,Vehicle crime,Investigation complete; no suspect identified,
3c58a0f0f6169a7acc80223e67232842ebe7d539a705c7515824c899a077b764,2022-06,Cambridgeshire Constabulary,Cambridgeshire Constabulary,0.118117,52.214763,On or near Fisher Street,E01017950,Cambridge 002B,Vehicle crime,Investigation complete; no suspect identified,
4411bb8e40b635fc1b4941757ed16b1a1dc57173c1234901f77b70fb217fd7c5,2022-06,Cambridgeshire Constabulary,Cambridgeshire Constabulary,0.113750,52.215282,On or near Arthur Street,E01017950,Cambridge 002B,Violence and sexual offences,Unable to prosecute suspect,
3e7ad448a71ded593037f2062732c819ad6ebcf9d8a76490be1e1659a428d06d,2022-06,Cambridgeshire Constabulary,Cambridgeshire Constabulary,0.111217,52.227008,On or near Chancellors Walk,E01017951,Cambridge 002C,Other theft,Unable to prosecute suspect,
5cd4c357c4ec0b68361d037976361e8d8d106020e8ab18fde95edf26cc5f8dcc,2022-06,Cambridgeshire Constabulary,Cambridgeshire Constabulary,0.116052,52.226130,On or near Roseford Road,E01017951,Cambridge 002C,Public order,Status update unavailable,
8e34d1d2bb22e374193127ff3ba03294ffcaaba996ca447344cdaa3b7f6965d6,2022-06,Cambridgeshire Constabulary,Cambridgeshire Constabulary,0.116487,52.224504,On or near Perse Way,E01017951,Cambridge 002C,Violence and sexual offences,Unable to prosecute suspect,
fe24ca98e25ec4b2118217cbcf445d484da5c44dd3c9edb3aad1adeeb52f3abf,2022-06,Cambridgeshire Constabulary,Cambridgeshire Constabulary,0.113523,52.228693,On or near Walnut Tree Way,E01017951,Cambridge 002C,Violence and sexual offences,Unable to prosecute suspect,
46ed9a39edadbffcf3e3dfeab3cf79b01d3cbbd68b99febc7bb158168a7d91d9,2022-06,Cambridgeshire Constabulary,Cambridgeshire Constabulary,0.116487,52.224504,On or near Perse Way,E01017951,Cambridge 002C,Violence and sexual offences,Unable to prosecute suspect,
,2022-06,Cambridgeshire Constabulary,Cambridgeshire Constabulary,0.118707,52.231154,On or near St Catharines Road,E01017952,Cambridge 002D,Anti-social behaviour,,
05a298e977bd94f863d9fd4e659f4897fb4f26e26410d68fa155da26299692c8,2022-06,Cambridgeshire Constabulary,Cambridgeshire Constabulary,0.119716,52.225282,On or near Butler Way,E01017952,Cambridge 002D,Bicycle theft,Investigation complete; no suspect identified,
11425891c3a118262d766cc0077327b2c33aee2fa401de22d6b966372b3e6a57,2022-06,Cambridgeshire Constabulary,Cambridgeshire Constabulary,0.119485,52.228424,On or near Aylesborough Close,E01017952,Cambridge 002D,Public order,Status update unavailable,
96d88a7152324d31dba9aa447925289aa743e3e073118332d2957fd2af73e9e7,2022-06,Cambridgeshire Constabulary,Cambridgeshire Constabulary,0.121730,52.228231,On or near Somerset Close,E01017952,Cambridge 002D,Public order,Investigation complete; no suspect identified,
5a3ae561f7d36f7fc69eb606bec9af9fb2f80a68533c9551c6bba439517ca7b7,2022-06,Cambridgeshire Constabulary,Cambridgeshire Constabulary,0.120432,52.227094,On or near Veralam Way,E01017952,Cambridge 002D,Public order,Investigation complete; no suspect identified,
4490acaf8ae19efc564be0b4ab6b38df8f741e04e2687ff20765d1c1c6f31928,2022-06,Cambridgeshire Constabulary,Cambridgeshire Constabulary,0.119716,52.225282,On or near Butler Way,E01017952,Cambridge 002D,Vehicle crime,Investigation complete; no suspect identified,
261b027e73bfae744edcd74faae9938fde38258ea5303d7251a4c1dd051ec079,2022-06,Cambridgeshire Constabulary,Cambridgeshire Constabulary,0.121890,52.227590,On or near Ellesmere Road,E01017952,Cambridge 002D,Vehicle crime,Unable to prosecute suspect,
b588c11b61aaf04c00706a73bb97367fdbf5aeb3654f47d6f5f6b67f707280a3,2022-06,Cambridgeshire Constabulary,Cambridgeshire Constabulary,0.119716,52.225282,On or near Butler Way,E01017952,Cambridge 002D,Violence and sexual offences,Unable to prosecute suspect,
fe967319faaf5c195deeafd36efff20d3b0a1e55486fa7f7654ecb53d5e17161,2022-06,Cambridgeshire Constabulary,Cambridgeshire Constabulary,0.114314,52.228391,On or near Hazelwood Close,E01017952,Cambridge 002D,Violence and sexual offences,Status update unavailable,
1fb7d62bff18e04f06d2650e24f3752aed208eb55497f451918fa393445cb639,2022-06,Cambridgeshire Constabulary,Cambridgeshire Constabulary,0.119485,52.228424,On or near Aylesborough Close,E01017952,Cambridge 002D,Violence and sexual offences,Further action is not in the public interest,
0faba709624be20b34e8ede19118ec48612137871dafa159538b766658bb3e29,2022-06,Cambridgeshire Constabulary,Cambridgeshire Constabulary,0.119716,52.225282,On or near Butler Way,E01017952,Cambridge 002D,Violence and sexual offences,Investigation complete; no suspect identified,
ea0b3575134d4d006931670ad742e2e83637f897982fe404f13d703c316ba78a,2022-06,Cambridgeshire Constabulary,Cambridgeshire Constabulary,0.112571,52.224376,On or near Borrowdale,E01017953,Cambridge 002E,Burglary,Status update unavailable,
6bdf105d32087ad6f4a24e8ebc51e540583b5ee3fb455bb6041ae69a679a6eed,2022-06,Cambridgeshire Constabulary,Cambridgeshire Constabulary,0.118963,52.223317,On or near Finch Road,E01017953,Cambridge 002E,Criminal damage and arson,Investigation complete; no suspect identified,
0149171504aa8a069656f98cb9f440db7e8fa90bd1a3b538971f38145eec001c,2022-06,Cambridgeshire Constabulary,Cambridgeshire Constabulary,0.113290,52.220712,On or near Francis Darwin Court,E01017953,Cambridge 002E,Other theft,Investigation complete; no suspect identified,
17285b9cc57f8c7609be55f5053caaaaf88707a0ce9991c238338f17dd16a92a,2022-06,Cambridgeshire Constabulary,Cambridgeshire Constabulary,0.116911,52.220189,On or near Erasmus Close,E01017953,Cambridge 002E,Public order,Unable to prosecute suspect,
dcacc9b588afb22b75372dd2707ba52be7ab030ac139e45a2273c435b9b99e11,2022-06,Cambridgeshire Constabulary,Cambridgeshire Constabulary,0.118963,52.223317,On or near Finch Road,E01017953,Cambridge 002E,Vehicle crime,Investigation complete; no suspect identified,
dfe221a5ce9f4e997eb525f388372562fd4feac70408e332c844fb93c3ebbd63,2022-06,Cambridgeshire Constabulary,Cambridgeshire Constabulary,0.116911,52.220189,On or near Erasmus Close,E01017953,Cambridge 002E,Vehicle crime,Investigation complete; no suspect identified,
7320fdb03657a0f075ffbb1ce766a1eed28c56b4c3fc5ff3d829c047d72d0edc,2022-06,Cambridgeshire Constabulary,Cambridgeshire Constabulary,0.116911,52.220189,On or near Erasmus Close,E01017953,Cambridge 002E,Violence and sexual offences,Unable to prosecute suspect,
b6f08052f6196959150b6ca935dd4510a420e82fa364efd66477291de787d8fb,2022-06,Cambridgeshire Constabulary,Cambridgeshire Constabulary,0.112571,52.224376,On or near Borrowdale,E01017953,Cambridge 002E,Violence and sexual offences,Further action is not in the public interest,
c84e37f151c706f3a7bb2b8d22d62db948af1682a09445808b51eeedf4d3741e,2022-06,Cambridgeshire Constabulary,Cambridgeshire Constabulary,0.113290,52.220712,On or near Francis Darwin Court,E01017953,Cambridge 002E,Violence and sexual offences,Unable to prosecute suspect,
c113fe1a452133fcb819d456061b6b88dee99b7eb9ae5b09764ff53c4d5dfc5a,2022-06,Cambridgeshire Constabulary,Cambridgeshire Constabulary,0.115000,52.220331,On or near Darwin Drive,E01017953,Cambridge 002E,Violence and sexual offences,Unable to prosecute suspect,
a143374e03003e1660a4225f99237775a2d26b0c070398fd1cd16cdf23d32b02,2022-06,Cambridgeshire Constabulary,Cambridgeshire Constabulary,0.112522,52.223028,On or near Gilbert Close,E01017953,Cambridge 002E,Violence and sexual offences,Unable to prosecute suspect,
312c5cc330a912ea65b667bb08adcb86ca94713750ae33f5b9a4c47328a8d8ed,2022-06,Cambridgeshire Constabulary,Cambridgeshire Constabulary,0.112571,52.224376,On or near Borrowdale,E01017953,Cambridge 002E,Violence and sexual offences,Unable to prosecute suspect,
,2022-06,Cambridgeshire Constabulary,Cambridgeshire Constabulary,0.118742,52.224202,On or near Cockerell Road,E01017954,Cambridge 002F,Anti-social behaviour,,
0a6b664099354064be4fa24b3c0c0673a90b347dcf9ee7784258c0abee9ebae8,2022-06,Cambridgeshire Constabulary,Cambridgeshire Constabulary,0.123237,52.223582,On or near Essex Close,E01017954,Cambridge 002F,Bicycle theft,Investigation complete; no suspect identified,
36613ecf34c345e96fcb0f975e16e913b91d1f95677b672a9dc249e29a938667,2022-06,Cambridgeshire Constabulary,Cambridgeshire Constabulary,0.119525,52.224971,On or near Ferrars Way,E01017954,Cambridge 002F,Bicycle theft,Unable to prosecute suspect,
7ca1affda8d5c0b884904884cef0fc5f9f4698fd71a71c0bc294378cdd302d72,2022-06,Cambridgeshire Constabulary,Cambridgeshire Constabulary,0.119525,52.224971,On or near Ferrars Way,E01017954,Cambridge 002F,Burglary,Investigation complete; no suspect identified,
792f634b0e1500475006e659ad7a33352e6a92d8795e3c10b9c185e7d86c62f4,2022-06,Cambridgeshire Constabulary,Cambridgeshire Constabulary,0.123237,52.223582,On or near Essex Close,E01017954,Cambridge 002F,Criminal damage and arson,Unable to prosecute suspect,
6ac8f9e052275239746c1c2f9f87294903fe530f9c688e8594c223855f5f709a,2022-06,Cambridgeshire Constabulary,Cambridgeshire Constabulary,0.118742,52.224202,On or near Cockerell Road,E01017954,Cambridge 002F,Criminal damage and arson,Investigation complete; no suspect identified,
37c3d48790273cf0bc48d9df18e9e427f5e65237cb1d814ef9991c11d5bf19d4,2022-06,Cambridgeshire Constabulary,Cambridgeshire Constabulary,0.124609,52.225338,On or near Alex Wood Road,E01017954,Cambridge 002F,Public order,Investigation complete; no suspect identified,
a4da1574e9a44a0a9369a4f1b0a6cdb5a9acea75ab211813ce7e7c275c31cc2e,2022-06,Cambridgeshire Constabulary,Cambridgeshire Constabulary,0.123467,52.224432,On or near Cunningham Close,E01017954,Cambridge 002F,Violence and sexual offences,Unable to prosecute suspect,
85212b06efa71aef2f9f95de466c5840068e88ed984a20206c216afe1ba1a219,2022-06,Cambridgeshire Constabulary,Cambridgeshire Constabulary,0.123467,52.224432,On or near Cunningham Close,E01017954,Cambridge 002F,Violence and sexual offences,Unable to prosecute suspect,
9f4932951bbca8484d00071aefc90da689a4531ac1bee6c8fc434ef6ea5ad385,2022-06,Cambridgeshire Constabulary,Cambridgeshire Constabulary,0.122318,52.224579,On or near Wavell Way,E01017954,Cambridge 002F,Violence and sexual offences,Status update unavailable,
a62a700567ebb92b8a51b904fff54b3974c446d7ad6b1bba801666b541b99f1c,2022-06,Cambridgeshire Constabulary,Cambridgeshire Constabulary,0.124757,52.224454,On or near Montgomery Road,E01017954,Cambridge 002F,Violence and sexual offences,Unable to prosecute suspect,
4f6a74064b3916d010d0f62a2a3b9d705ca50d068e73563efaca63dd4cab95d1,2022-06,Cambridgeshire Constabulary,Cambridgeshire Constabulary,0.123467,52.224432,On or near Cunningham Close,E01017954,Cambridge 002F,Violence and sexual offences,Unable to prosecute suspect,
2bd59eb82ce345a38bf5498fc20dc986e4b2d09e5a0a2d126e1ff180e16abc1b,2022-06,Cambridgeshire Constabulary,Cambridgeshire Constabulary,0.122167,52.223871,On or near Roland Close,E01017954,Cambridge 002F,Violence and sexual offences,Awaiting court outcome,
,2022-06,Cambridgeshire Constabulary,Cambridgeshire Constabulary,0.147827,52.225853,On or near Supermarket,E01017971,Cambridge 003B,Anti-social behaviour,,
,2022-06,Cambridgeshire Constabulary,Cambridgeshire Constabulary,0.149530,52.224131,On or near The Grove,E01017971,Cambridge 003B,Anti-social behaviour,,
,2022-06,Cambridgeshire Constabulary,Cambridgeshire Constabulary,0.149489,52.230552,On or near Parking Area,E01017971,Cambridge 003B,Anti-social behaviour,,
,2022-06,Cambridgeshire Constabulary,Cambridgeshire Constabulary,0.148242,52.227769,On or near Gainsborough Close,E01017971,Cambridge 003B,Anti-social behaviour,,
,2022-06,Cambridgeshire Constabulary,Cambridgeshire Constabulary,0.147827,52.225853,On or near Supermarket,E01017971,Cambridge 003B,Anti-social behaviour,,
,2022-06,Cambridgeshire Constabulary,Cambridgeshire Constabulary,0.147827,52.225853,On or near Supermarket,E01017971,Cambridge 003B,Anti-social behaviour,,
,2022-06,Cambridgeshire Constabulary,Cambridgeshire Constabulary,0.151577,52.225892,On or near Nuffield Road,E01017971,Cambridge 003B,Anti-social behaviour,,
789c4174d2c2dbc098f901fc14d1c8b9913e23a93d1fbf55972f8bd5fff2995e,2022-06,Cambridgeshire Constabulary,Cambridgeshire Constabulary,0.145357,52.225637,On or near Sports/Recreation Area,E01017971,Cambridge 003B,Criminal damage and arson,Investigation complete; no suspect identified,
205ab9267f3af5debeffad914a06a8fa1ea157f16442e233cfd4b3735aaded07,2022-06,Cambridgeshire Constabulary,Cambridgeshire Constabulary,0.145357,52.225637,On or near Sports/Recreation Area,E01017971,Cambridge 003B,Criminal damage and arson,Investigation complete; no suspect identified,
34617d5f59b6d33c04fd8f550fd6d3c354b291ce56031933cd3c07e708596369,2022-06,Cambridgeshire Constabulary,Cambridgeshire Constabulary,0.149530,52.224131,On or near The Grove,E01017971,Cambridge 003B,Criminal damage and arson,Investigation complete; no suspect identified,
12168fb4878dc0eeed6ef0a66d47927595219baef86b2ea914170e069e666e2b,2022-06,Cambridgeshire Constabulary,Cambridgeshire Constabulary,0.145357,52.225637,On or near Sports/Recreation Area,E01017971,Cambridge 003B,Criminal damage and arson,Investigation complete; no suspect identified,
5cb7b4d248db35f8894aa788b5288ace360144b4abe8eaa764bd0e4ce22f51ef,2022-06,Cambridgeshire Constabulary,Cambridgeshire Constabulary,0.145357,52.225637,On or near Sports/Recreation Area,E01017971,Cambridge 003B,Criminal damage and arson,Investigation complete; no suspect identified,
6935bc33231c272109ccc7fe90d9bd21d51059c3e53932d2bed17b7bd03c10ee,2022-06,Cambridgeshire Constabulary,Cambridgeshire Constabulary,0.145357,52.225637,On or near Sports/Recreation Area,E01017971,Cambridge 003B,Criminal damage and arson,Investigation complete; no suspect identified,
6ca8ff5e7923699cfae2c125b83dfbea6e6394e5bf4d53d07b5b6e89d8b3ca5a,2022-06,Cambridgeshire Constabulary,Cambridgeshire Constabulary,0.145357,52.225637,On or near Sports/Recreation Area,E01017971,Cambridge 003B,Criminal damage and arson,Investigation complete; no suspect identified,
5cdd1b959ace0ae3223755ab1e980e60fb4d125b0979c8957e33c341bda258e4,2022-06,Cambridgeshire Constabulary,Cambridgeshire Constabulary,0.149134,52.226242,On or near Mortlock Avenue,E01017971,Cambridge 003B,Criminal damage and arson,Unable to prosecute suspect,
21be3cd659e7f26d02c3426287e4e85f5bf65a834cc9d00125a0898bae76ab36,2022-06,Cambridgeshire Constabulary,Cambridgeshire Constabulary,0.148242,52.227769,On or near Gainsborough Close,E01017971,Cambridge 003B,Drugs,Investigation complete; no suspect identified,
03873afb9cb2418a757c832440b474d047252e0d68e29f6e470298188abb9084,2022-06,Cambridgeshire Constabulary,Cambridgeshire Constabulary,0.145357,52.225637,On or near Sports/Recreation Area,E01017971,Cambridge 003B,Other theft,Investigation complete; no suspect identified,
4ca575e99611bd8b736789ca9e9b5dd4c47207ba7a4fbc6144ac58bc7d0edbd2,2022-06,Cambridgeshire Constabulary,Cambridgeshire Constabulary,0.149489,52.230552,On or near Parking Area,E01017971,Cambridge 003B,Other theft,Investigation complete; no suspect identified,
fd07e2e3937e8291668108a82995dfbcc5627d8a1ab1e0f64b757d98a90688b9,2022-06,Cambridgeshire Constabulary,Cambridgeshire Constabulary,0.149530,52.224131,On or near The Grove,E01017971,Cambridge 003B,Public order,Unable to prosecute suspect,
277700226c16e4353a8d95a64e5c004d60ae1f5fc0fcc9b03f1c9f7a8b615a2e,2022-06,Cambridgeshire Constabulary,Cambridgeshire Constabulary,0.148939,52.222793,On or near The Green,E01017971,Cambridge 003B,Public order,Unable to prosecute suspect,
931920c412d55e635f3b67a17cdb914b716567921b6ba60b9c2ff7c95cd0832a,2022-06,Cambridgeshire Constabulary,Cambridgeshire Constabulary,0.149530,52.224131,On or near The Grove,E01017971,Cambridge 003B,Public order,Unable to prosecute suspect,
e52871bfbaa7e48039507a66cc54ad469876fa7025f43760a3224d4b15d45d7f,2022-06,Cambridgeshire Constabulary,Cambridgeshire Constabulary,0.149489,52.230552,On or near Parking Area,E01017971,Cambridge 003B,Public order,Investigation complete; no suspect identified,
e41273b897e4c6f03f21a1b6969f1e1c55706f6b6addd616162cf0630468e113,2022-06,Cambridgeshire Constabulary,Cambridgeshire Constabulary,0.151415,52.223755,On or near Laxton Way,E01017971,Cambridge 003B,Public order,Unable to prosecute suspect,
56c58ef51199cab1ea7c1eb535f291b4a64dab4f42e0030b265405db6682a345,2022-06,Cambridgeshire Constabulary,Cambridgeshire Constabulary,0.149530,52.224131,On or near The Grove,E01017971,Cambridge 003B,Public order,Status update unavailable,
2b1f161bf50be98a22dfd04167ef8c78c4049ec498e974d1c7386fb17784ffbc,2022-06,Cambridgeshire Constabulary,Cambridgeshire Constabulary,0.149489,52.230552,On or near Parking Area,E01017971,Cambridge 003B,Robbery,Investigation complete; no suspect identified,
11925275017bdd8400ab16ff146e8157dd1465a7dca07766ca325f1e41e92605,2022-06,Cambridgeshire Constabulary,Cambridgeshire Constabulary,0.146080,52.226370,On or near Scarsdale Close,E01017971,Cambridge 003B,Shoplifting,Unable to prosecute suspect,
e4caff57f42defeee627d3f850eb3756f84624077a6d411ec3ae8330f05fd107,2022-06,Cambridgeshire Constabulary,Cambridgeshire Constabulary,0.146080,52.226370,On or near Scarsdale Close,E01017971,Cambridge 003B,Shoplifting,Unable to prosecute suspect,
0855cfd245c390801fa5df1d05c7a964a4cb624a2b229950f6dbc94b520b534a,2022-06,Cambridgeshire Constabulary,Cambridgeshire Constabulary,0.146080,52.226370,On or near Scarsdale Close,E01017971,Cambridge 003B,Shoplifting,Investigation complete; no suspect identified,
8b150666140a978bc8f1e8879657b88d3a0a310caad62309ca84fe034f589c44,2022-06,Cambridgeshire Constabulary,Cambridgeshire Constabulary,0.146080,52.226370,On or near Scarsdale Close,E01017971,Cambridge 003B,Shoplifting,Investigation complete; no suspect identified,
f2f262b598c3c0a1bff92986ceed2cc513f64773ed9a27bbe3a6f1ff5385bd84,2022-06,Cambridgeshire Constabulary,Cambridgeshire Constabulary,0.146080,52.226370,On or near Scarsdale Close,E01017971,Cambridge 003B,Shoplifting,Investigation complete; no suspect identified,
d09a246ac5d0e8d36957acbe2c81b913737f12a8e93eb2e65b15ac2336305371,2022-06,Cambridgeshire Constabulary,Cambridgeshire Constabulary,0.149489,52.230552,On or near Parking Area,E01017971,Cambridge 003B,Vehicle crime,Investigation complete; no suspect identified,
b61bf944ebd9fd22ae89c41e9e2f3f23adc611f2c7f74453e539b53fcc785473,2022-06,Cambridgeshire Constabulary,Cambridgeshire Constabulary,0.152439,52.225229,On or near Pippin Drive,E01017971,Cambridge 003B,Violence and sexual offences,Unable to prosecute suspect,
352874eb09b6430b2c267bbb56ead2457d5985c6a835176bf258a30192518bce,2022-06,Cambridgeshire Constabulary,Cambridgeshire Constabulary,0.149530,52.224131,On or near The Grove,E01017971,Cambridge 003B,Violence and sexual offences,Status update unavailable,
4e412bc6260893ebb295e5b295ec3db251c44aa85fde6c6bac20bd4982174f69,2022-06,Cambridgeshire Constabulary,Cambridgeshire Constabulary,0.146080,52.226370,On or near Scarsdale Close,E01017971,Cambridge 003B,Violence and sexual offences,Unable to prosecute suspect,
d1bd42fb0117cc1526c50cfb690d70ba8a227c7bd0d456143a9ff533a70375a3,2022-06,Cambridgeshire Constabulary,Cambridgeshire Constabulary,0.149530,52.224131,On or near The Grove,E01017971,Cambridge 003B,Violence and sexual offences,Unable to prosecute suspect,
deb8d648662518bfc04f6967b86405281d743ea75b3aedac1289d79f603ba012,2022-06,Cambridgeshire Constabulary,Cambridgeshire Constabulary,0.149530,52.224131,On or near The Grove,E01017971,Cambridge 003B,Violence and sexual offences,Unable to prosecute suspect,
1c086e59e933f19fcb5a870be692e38158c9656ebd9d0ff4279feb174730a8f6,2022-06,Cambridgeshire Constabulary,Cambridgeshire Constabulary,0.149530,52.224131,On or near The Grove,E01017971,Cambridge 003B,Violence and sexual offences,Unable to prosecute suspect,
f0db04122e6cb661bf1667e14f3c263c649ea7f8ea2ab5e43231c9513838bb95,2022-06,Cambridgeshire Constabulary,Cambridgeshire Constabulary,0.149530,52.224131,On or near The Grove,E01017971,Cambridge 003B,Violence and sexual offences,Unable to prosecute suspect,
b3a9634b15af96f39fff1d9ca869cb324d5a926a98e99a774b2fce785fbc874c,2022-06,Cambridgeshire Constabulary,Cambridgeshire Constabulary,0.149134,52.226242,On or near Mortlock Avenue,E01017971,Cambridge 003B,Violence and sexual offences,Unable to prosecute suspect,
4656a6b3b55adeabfa062e0f13c3dbaa061f515184485ed7e68e1a54068d07eb,2022-06,Cambridgeshire Constabulary,Cambridgeshire Constabulary,0.149530,52.224131,On or near The Grove,E01017971,Cambridge 003B,Other crime,Investigation complete; no suspect identified,
,2022-06,Cambridgeshire Constabulary,Cambridgeshire Constabulary,0.151804,52.220277,On or near Izaak Walton Way,E01017972,Cambridge 003C,Anti-social behaviour,,
,2022-06,Cambridgeshire Constabulary,Cambridgeshire Constabulary,0.156175,52.222256,On or near Long Reach Road,E01017972,Cambridge 003C,Anti-social behaviour,,
,2022-06,Cambridgeshire Constabulary,Cambridgeshire Constabulary,0.156175,52.222256,On or near Long Reach Road,E01017972,Cambridge 003C,Anti-social behaviour,,
8473540c6bbb8509df5e0414328f32eae8e33e4fab1bf268b122a75b84e8df93,2022-06,Cambridgeshire Constabulary,Cambridgeshire Constabulary,0.147769,52.218579,On or near Water Street,E01017972,Cambridge 003C,Bicycle theft,Investigation complete; no suspect identified,
afefd486546ccf53315cce70783443124815325c9b6ac1d9e4ec422a8cc1645f,2022-06,Cambridgeshire Constabulary,Cambridgeshire Constabulary,0.157933,52.221073,On or near Fen View Court,E01017972,Cambridge 003C,Criminal damage and arson,Unable to prosecute suspect,
8b36bb16c952b7e4d88e272c37b47f170e4a325190e9d4f2e0b219d768f016de,2022-06,Cambridgeshire Constabulary,Cambridgeshire Constabulary,0.155043,52.220344,On or near Fen Road,E01017972,Cambridge 003C,Possession of weapons,Unable to prosecute suspect,
efdb89a175f7559659781d621feae030277b9cb83464630b1270c091c49f1526,2022-06,Cambridgeshire Constabulary,Cambridgeshire Constabulary,0.151528,52.221244,On or near Anglers Way,E01017972,Cambridge 003C,Public order,Investigation complete; no suspect identified,
f2d89f56820ef37cfb89a96eb84d1c64e43d77f8b5bd7e23b8ab129867a73cbc,2022-06,Cambridgeshire Constabulary,Cambridgeshire Constabulary,0.151804,52.220277,On or near Izaak Walton Way,E01017972,Cambridge 003C,Public order,Investigation complete; no suspect identified,
323e77be37728d9d9d449ff1d56bd3d7575232e5f3f5ce38b61efa4a8369e129,2022-06,Cambridgeshire Constabulary,Cambridgeshire Constabulary,0.155043,52.220344,On or near Fen Road,E01017972,Cambridge 003C,Public order,Unable to prosecute suspect,
cf4882515f111494a8969627095d54bb3b48c1bce8cbad0fa501c9b44145dedb,2022-06,Cambridgeshire Constabulary,Cambridgeshire Constabulary,0.154145,52.222671,On or near Bourne Road,E01017972,Cambridge 003C,Violence and sexual offences,Unable to prosecute suspect,
003396a624302dc92dab64ca631531d9254edd2f1f1e596a0041ddc258ce379b,2022-06,Cambridgeshire Constabulary,Cambridgeshire Constabulary,0.151804,52.220277,On or near Izaak Walton Way,E01017972,Cambridge 003C,Violence and sexual offences,Unable to prosecute suspect,
5c5b7138597c28a081dca98a48c570358c247b57ffa8d92d43c2a7e8de81bef4,2022-06,Cambridgeshire Constabulary,Cambridgeshire Constabulary,0.152285,52.222966,On or near Grieve Court,E01017972,Cambridge 003C,Violence and sexual offences,Unable to prosecute suspect,
4f42d44c1c8d3f9151e4665f553e7e36b0ac26dfb6583c0662dc320322eeb908,2022-06,Cambridgeshire Constabulary,Cambridgeshire Constabulary,0.152538,52.220327,On or near Mays Way,E01017972,Cambridge 003C,Violence and sexual offences,Unable to prosecute suspect,
06b62e7dbc2988d5c0a0f4c573fa72f0cca1ae46e3708548edfec4e13f898b95,2022-06,Cambridgeshire Constabulary,Cambridgeshire Constabulary,0.151804,52.220277,On or near Izaak Walton Way,E01017972,Cambridge 003C,Violence and sexual offences,Investigation complete; no suspect identified,
1d29e7c2d1b5d8d88dfcecba241d913779f37813dcd29c00b312af0a263aace9,2022-06,Cambridgeshire Constabulary,Cambridgeshire Constabulary,0.147769,52.218579,On or near Water Street,E01017972,Cambridge 003C,Violence and sexual offences,Status update unavailable,
27bf1994fdd46ea1f3a79fbc147e4ead83b5822de9d0ded3b39cd2b33c05ab77,2022-06,Cambridgeshire Constabulary,Cambridgeshire Constabulary,0.152285,52.222966,On or near Grieve Court,E01017972,Cambridge 003C,Violence and sexual offences,Unable to prosecute suspect,
d697f80cf700e15d816d6123fcb55413895573c20948e58fd22bb9c3b3bd7d65,2022-06,Cambridgeshire Constabulary,Cambridgeshire Constabulary,0.152285,52.222966,On or near Grieve Court,E01017972,Cambridge 003C,Violence and sexual offences,Unable to prosecute suspect,
d0d47a85dba4a937e9e0c4620a6646a57525788f486715d357537a3364389b61,2022-06,Cambridgeshire Constabulary,Cambridgeshire Constabulary,0.152538,52.220327,On or near Mays Way,E01017972,Cambridge 003C,Violence and sexual offences,Unable to prosecute suspect,
0f373dbd1542cf54e93613093d651b340343e8078a363979b30b3873db95c5aa,2022-06,Cambridgeshire Constabulary,Cambridgeshire Constabulary,0.149209,52.220198,On or near Fallowfield,E01017972,Cambridge 003C,Violence and sexual offences,Status update unavailable,
55b2539ee88b9389a70017bc7a71159421fa5dccf38d11c5775aa0be3b11f0be,2022-06,Cambridgeshire Constabulary,Cambridgeshire Constabulary,0.149209,52.220198,On or near Fallowfield,E01017972,Cambridge 003C,Violence and sexual offences,Status update unavailable,
,2022-06,Cambridgeshire Constabulary,Cambridgeshire Constabulary,0.136342,52.220558,On or near Pakenham Close,E01017973,Cambridge 003D,Anti-social behaviour,,
,2022-06,Cambridgeshire Constabulary,Cambridgeshire Constabulary,0.136342,52.220558,On or near Pakenham Close,E01017973,Cambridge 003D,Anti-social behaviour,,
,2022-06,Cambridgeshire Constabulary,Cambridgeshire Constabulary,0.136342,52.220558,On or near Pakenham Close,E01017973,Cambridge 003D,Anti-social behaviour,,
800f5e04662e872f9eefbee282dea9385d35467607827743ad0b6b1951fd9527,2022-06,Cambridgeshire Constabulary,Cambridgeshire Constabulary,0.136342,52.220558,On or near Pakenham Close,E01017973,Cambridge 003D,Bicycle theft,Investigation complete; no suspect identified,
22329bcf6989d857eac4665d56b8dfbcb797673e0d85883ad14050f2ec2cd177,2022-06,Cambridgeshire Constabulary,Cambridgeshire Constabulary,0.136175,52.216470,On or near Chesterton Road,E01017973,Cambridge 003D,Burglary,Unable to prosecute suspect,
723333a3bed6a08fbe6d347d6d978d1c8806d482ee6a76e3fad2438291baec00,2022-06,Cambridgeshire Constabulary,Cambridgeshire Constabulary,0.134705,52.219392,On or near Oak Tree Avenue,E01017973,Cambridge 003D,Criminal damage and arson,Investigation complete; no suspect identified,
a580b8559c1589742165489e3568d5d3dc8cf4335fb43904b309d03dacb4ea1e,2022-06,Cambridgeshire Constabulary,Cambridgeshire Constabulary,0.136175,52.216470,On or near Chesterton Road,E01017973,Cambridge 003D,Drugs,Unable to prosecute suspect,
86a1c540be0e81d233af2f007ac1909a39f1cb66fa828cac8ee7dc824ec9ff01,2022-06,Cambridgeshire Constabulary,Cambridgeshire Constabulary,0.134265,52.217844,On or near Laburnum Close,E01017973,Cambridge 003D,Public order,Investigation complete; no suspect identified,
6df824f17e0ebe9a9d6c3343a7e5e9229ace387663ea685361bf9bee3707e8fe,2022-06,Cambridgeshire Constabulary,Cambridgeshire Constabulary,0.134705,52.219392,On or near Oak Tree Avenue,E01017973,Cambridge 003D,Vehicle crime,Investigation complete; no suspect identified,
5df16ec52f4acbc06f5982a26631db694455ef3cf4949fea3627a9739fdb501b,2022-06,Cambridgeshire Constabulary,Cambridgeshire Constabulary,0.136342,52.220558,On or near Pakenham Close,E01017973,Cambridge 003D,Violence and sexual offences,Unable to prosecute suspect,
bdc59ce9eabfc85683268d7ee5c9c17ee06be5f3bdb5e3a574bb0b2f594b18ba,2022-06,Cambridgeshire Constabulary,Cambridgeshire Constabulary,0.138046,52.220374,On or near Kinross Road,E01017973,Cambridge 003D,Violence and sexual offences,Unable to prosecute suspect,
b96a460a405b09be4b90a2dc5943540a9b9ecbb2295ecea74dbf61614138bcf0,2022-06,Cambridgeshire Constabulary,Cambridgeshire Constabulary,0.134265,52.217844,On or near Laburnum Close,E01017973,Cambridge 003D,Violence and sexual offences,Investigation complete; no suspect identified,
acf157adc2d6d02d84e450cc2edb5f49cf424ec8292bbda12df29ffa41b90c07,2022-06,Cambridgeshire Constabulary,Cambridgeshire Constabulary,0.136876,52.218264,On or near Hospital,E01017973,Cambridge 003D,Violence and sexual offences,Unable to prosecute suspect,
9732b6df2301d275c7802d548597475bbd5a6cacbfc09f442cdb8475042a2eb3,2022-06,Cambridgeshire Constabulary,Cambridgeshire Constabulary,0.133905,52.218885,On or near Maple Close,E01017973,Cambridge 003D,Violence and sexual offences,Offender given a caution,
45bfe7f7904288ebbbe31270102b4e2a91631bcbf64945e6b52edce9d2b5e3aa,2022-06,Cambridgeshire Constabulary,Cambridgeshire Constabulary,0.141151,52.221316,On or near Heath House,E01017973,Cambridge 003D,Violence and sexual offences,Unable to prosecute suspect,
a0e09c6e1ad952b63bda84a7f6915af4e57df752a5abf49a695c56d88c90c9d2,2022-06,Cambridgeshire Constabulary,Cambridgeshire Constabulary,0.141151,52.221316,On or near Heath House,E01017973,Cambridge 003D,Violence and sexual offences,Unable to prosecute suspect,
36795820bd2bb402ac20cb55352e967a382277f38ad466057745ca7067fa1535,2022-06,Cambridgeshire Constabulary,Cambridgeshire Constabulary,0.133905,52.218885,On or near Maple Close,E01017973,Cambridge 003D,Violence and sexual offences,Investigation complete; no suspect identified,
db545c95a151338ffd8e0b712f232f8c9f972907a0acc1ab060206fac8bfc533,2022-06,Cambridgeshire Constabulary,Cambridgeshire Constabulary,0.136876,52.218264,On or near Hospital,E01017973,Cambridge 003D,Violence and sexual offences,Unable to prosecute suspect,
585c86647443e22ada6ca964f337410d89e4b634332b1234c67b97be4170aa53,2022-06,Cambridgeshire Constabulary,Cambridgeshire Constabulary,0.134265,52.217844,On or near Laburnum Close,E01017973,Cambridge 003D,Violence and sexual offences,Court result unavailable,
9f17087c96b6cf1786854a87461a96c26af2f7d3edb3466fbb159d311a4cb6b2,2022-06,Cambridgeshire Constabulary,Cambridgeshire Constabulary,0.134265,52.217844,On or near Laburnum Close,E01017973,Cambridge 003D,Violence and sexual offences,Status update unavailable,
120868160bd89592ba66f0bbe91216d8b36d53f1f48de5a4f54e7e851e5f4b91,2022-06,Cambridgeshire Constabulary,Cambridgeshire Constabulary,0.145255,52.219281,On or near Supermarket,E01017974,Cambridge 003E,Criminal damage and arson,Investigation complete; no suspect identified,
133204ac8c45bb0008c424d12b8ea5ff55aeefe2a2968d2e75aabc48a0e1a16f,2022-06,Cambridgeshire Constabulary,Cambridgeshire Constabulary,0.146461,52.221507,On or near Evergreens,E01017974,Cambridge 003E,Shoplifting,Investigation complete; no suspect identified,
61bb043019aafc9cdda0626d5b0debad425425e0ce894216afa8385089cc37d8,2022-06,Cambridgeshire Constabulary,Cambridgeshire Constabulary,0.144834,52.218435,On or near Supermarket,E01017974,Cambridge 003E,Shoplifting,Court result unavailable,
d79f40c6db0ee70fff02de36a855ad8462e01215f3c3d67eaccb89f4242cf18c,2022-06,Cambridgeshire Constabulary,Cambridgeshire Constabulary,0.145096,52.222971,On or near Shirley Grove,E01017974,Cambridge 003E,Violence and sexual offences,Unable to prosecute suspect,
570b4ee586dfc9f8f280f5ffbf26d2d7ae9fd8dccefa03f86845ec3f06f36a5f,2022-06,Cambridgeshire Constabulary,Cambridgeshire Constabulary,0.144878,52.220862,On or near Ashfield Road,E01017974,Cambridge 003E,Violence and sexual offences,Unable to prosecute suspect,
,2022-06,Cambridgeshire Constabulary,Cambridgeshire Constabulary,0.140895,52.215683,On or near Scholars Walk,E01032792,Cambridge 003F,Anti-social behaviour,,
,2022-06,Cambridgeshire Constabulary,Cambridgeshire Constabulary,0.141375,52.213489,On or near Sports/Recreation Area,E01032792,Cambridge 003F,Anti-social behaviour,,
,2022-06,Cambridgeshire Constabulary,Cambridgeshire Constabulary,0.143532,52.217550,On or near Thrifts Walk,E01032792,Cambridge 003F,Anti-social behaviour,,
0f7b991049df30b9ab531fd66b09395158fbf133e3630f8149d2f55ba4aad41c,2022-06,Cambridgeshire Constabulary,Cambridgeshire Constabulary,0.143532,52.217550,On or near Thrifts Walk,E01032792,Cambridge 003F,Burglary,Investigation complete; no suspect identified,
902bb0100a1fdde6f32130bb92abbbb482e65d759ed3d28ba2073aba46121f24,2022-06,Cambridgeshire Constabulary,Cambridgeshire Constabulary,0.140534,52.216705,On or near Church Street,E01032792,Cambridge 003F,Burglary,Investigation complete; no suspect identified,
a4624734f565af3de26174d6a37704886a414c2d8832868e1681e98444766107,2022-06,Cambridgeshire Constabulary,Cambridgeshire Constabulary,0.142504,52.214736,On or near Sports/Recreation Area,E01032792,Cambridge 003F,Criminal damage and arson,Investigation complete; no suspect identified,
8e0527aa5fdb43737188ca1216e0495038f88c9134bbb4eb572cc0869766cf20,2022-06,Cambridgeshire Constabulary,Cambridgeshire Constabulary,0.142414,52.216824,On or near Camside,E01032792,Cambridge 003F,Criminal damage and arson,Investigation complete; no suspect identified,
c8a182c851a6d9efa4f1cdf227f6e2d44d60a563b9b84deefc4e5893d0704f9e,2022-06,Cambridgeshire Constabulary,Cambridgeshire Constabulary,0.140534,52.216705,On or near Church Street,E01032792,Cambridge 003F,Other theft,Investigation complete; no suspect identified,
57794ee88ab145b527373dc5ba156a9b81a7161c4cb5a48dae103f8dcf128e11,2022-06,Cambridgeshire Constabulary,Cambridgeshire Constabulary,0.141984,52.216400,On or near Lynfield Lane,E01032792,Cambridge 003F,Other theft,Investigation complete; no suspect identified,
d7438708098a56312e4ad558b1ed5f222bdef6f5f99aa65db056608df467da3b,2022-06,Cambridgeshire Constabulary,Cambridgeshire Constabulary,0.136897,52.213202,On or near Petrol Station,E01032792,Cambridge 003F,Other theft,Investigation complete; no suspect identified,
560a389e4d6dd06cc1a537ae772488a75a930afaf1f171b4719eb1b692555848,2022-06,Cambridgeshire Constabulary,Cambridgeshire Constabulary,0.136897,52.213202,On or near Petrol Station,E01032792,Cambridge 003F,Other theft,Investigation complete; no suspect identified,
d0df0d98f50c0de8909b4f4ae4fd8596b0cc09ee30a2c1a2b73e87ed96296b27,2022-06,Cambridgeshire Constabulary,Cambridgeshire Constabulary,0.136897,52.213202,On or near Petrol Station,E01032792,Cambridge 003F,Possession of weapons,Court result unavailable,
74bcb75deac11856a5c27a2bc5c8e00a2e15be87fa9bf96c8d75d4084c5dda85,2022-06,Cambridgeshire Constabulary,Cambridgeshire Constabulary,0.136897,52.213202,On or near Petrol Station,E01032792,Cambridge 003F,Robbery,Unable to prosecute suspect,
19f14a525fc1b543660a2501e2f6017a7c0304376c12ee2551cefc5a4a96a69f,2022-06,Cambridgeshire Constabulary,Cambridgeshire Constabulary,0.139217,52.213969,On or near St Andrew'S Road,E01032792,Cambridge 003F,Vehicle crime,Investigation complete; no suspect identified,
cc7de7de3a7f4c1a51079291ae470d4e8832ac200c7ed4c81c783665b7cbc6ce,2022-06,Cambridgeshire Constabulary,Cambridgeshire Constabulary,0.138063,52.214322,On or near Longworth Avenue,E01032792,Cambridge 003F,Violence and sexual offences,Unable to prosecute suspect,
1b0209ecf38a641ed247ceda26e1d31e00c28c4ebe9efbd1eb02e025ea00d983,2022-06,Cambridgeshire Constabulary,Cambridgeshire Constabulary,0.138063,52.214322,On or near Longworth Avenue,E01032792,Cambridge 003F,Violence and sexual offences,Unable to prosecute suspect,
d3ad3653c0cdda5b8408e18af064127eeceb0b076d573c4954b9fc9ddb37e2fe,2022-06,Cambridgeshire Constabulary,Cambridgeshire Constabulary,0.136897,52.213202,On or near Petrol Station,E01032792,Cambridge 003F,Violence and sexual offences,Court result unavailable,
610df6628ffddaf4f9d232a201c356c854b5f1ae4eb67efbf58cd113f44c7885,2022-06,Cambridgeshire Constabulary,Cambridgeshire Constabulary,0.139217,52.213969,On or near St Andrew'S Road,E01032792,Cambridge 003F,Violence and sexual offences,Investigation complete; no suspect identified,
,2022-06,Cambridgeshire Constabulary,Cambridgeshire Constabulary,0.135524,52.215411,On or near Elizabeth Way,E01032802,Cambridge 003G,Anti-social behaviour,,
,2022-06,Cambridgeshire Constabulary,Cambridgeshire Constabulary,0.144346,52.218947,On or near Primary Court,E01032802,Cambridge 003G,Anti-social behaviour,,
,2022-06,Cambridgeshire Constabulary,Cambridgeshire Constabulary,0.144549,52.217990,On or near Ferry Lane,E01032802,Cambridge 003G,Anti-social behaviour,,
,2022-06,Cambridgeshire Constabulary,Cambridgeshire Constabulary,0.146916,52.218810,On or near Water Lane,E01032802,Cambridge 003G,Anti-social behaviour,,
b9aebe61ee97e0552209a9e0b4bce3ef9d9cd9902ecc2385cf091df3d687ea3f,2022-06,Cambridgeshire Constabulary,Cambridgeshire Constabulary,0.140211,52.217278,On or near Chapel Street,E01032802,Cambridge 003G,Bicycle theft,Investigation complete; no suspect identified,
c525d6f9a87e7e09aec54909155e5389205f2e35848edd670cea7c1baf02e955,2022-06,Cambridgeshire Constabulary,Cambridgeshire Constabulary,0.146916,52.218810,On or near Water Lane,E01032802,Cambridge 003G,Bicycle theft,Investigation complete; no suspect identified,
3ec4e3ab008564a63269a646d7a2748cbdcbfd78b3c8dd076844e5c2eb67df8e,2022-06,Cambridgeshire Constabulary,Cambridgeshire Constabulary,0.144346,52.218947,On or near Primary Court,E01032802,Cambridge 003G,Bicycle theft,Investigation complete; no suspect identified,
1dd5c103031af0efaa5127b47292c5606ecbdad297611ac0d08adc220d2eed73,2022-06,Cambridgeshire Constabulary,Cambridgeshire Constabulary,0.144346,52.218947,On or near Primary Court,E01032802,Cambridge 003G,Criminal damage and arson,Investigation complete; no suspect identified,
eff0aaae4f334c85319e69a6acf68bf1d28359e140ca9d6c2ac055d658571cfb,2022-06,Cambridgeshire Constabulary,Cambridgeshire Constabulary,0.146916,52.218810,On or near Water Lane,E01032802,Cambridge 003G,Criminal damage and arson,Investigation complete; no suspect identified,
be0b354613a498b7a8b32559479cc7defd218365b2c293065b57bf9b413aa3ba,2022-06,Cambridgeshire Constabulary,Cambridgeshire Constabulary,0.140961,52.217660,On or near Maltsters Way,E01032802,Cambridge 003G,Public order,Unable to prosecute suspect,
d625ecb9a8f72e4035f3f314118be1a13dd2dd188a96270e36f51563c5393353,2022-06,Cambridgeshire Constabulary,Cambridgeshire Constabulary,0.144549,52.217990,On or near Ferry Lane,E01032802,Cambridge 003G,Public order,Unable to prosecute suspect,
abb75ced9da1f693be10eed3c4df6bdbae48003bf5fb0c1e2967a7dc9c421ca8,2022-06,Cambridgeshire Constabulary,Cambridgeshire Constabulary,0.140211,52.217278,On or near Chapel Street,E01032802,Cambridge 003G,Theft from the person,Investigation complete; no suspect identified,
a0f37632e1b2194674d57e8779703a91e91ad6536c2b61abe18f96ae470138ed,2022-06,Cambridgeshire Constabulary,Cambridgeshire Constabulary,0.140961,52.217660,On or near Maltsters Way,E01032802,Cambridge 003G,Vehicle crime,Investigation complete; no suspect identified,
62a310259a2d4a972e52e05c587660e4bb76f25e04d6629e48e5b2e3f61af660,2022-06,Cambridgeshire Constabulary,Cambridgeshire Constabulary,0.144549,52.217990,On or near Ferry Lane,E01032802,Cambridge 003G,Violence and sexual offences,Investigation complete; no suspect identified,
fe93ec9cd8c270f37c2fd5f1cae6ecd13c4906d09aa38ca453672cb543816cd3,2022-06,Cambridgeshire Constabulary,Cambridgeshire Constabulary,0.144549,52.217990,On or near Ferry Lane,E01032802,Cambridge 003G,Violence and sexual offences,Court result unavailable,
7662acc2b0362bce5eca4966f187015502ddc4c7827eddc473f2672ae0b50f47,2022-06,Cambridgeshire Constabulary,Cambridgeshire Constabulary,0.146916,52.218810,On or near Water Lane,E01032802,Cambridge 003G,Violence and sexual offences,Unable to prosecute suspect,
f4bc48b1e1e36bda25e8116d98cb43b58804fd24a9583a033ef19c036833ea0c,2022-06,Cambridgeshire Constabulary,Cambridgeshire Constabulary,0.140545,52.217847,On or near High Street,E01032802,Cambridge 003G,Other crime,Offender given a caution,
,2022-06,Cambridgeshire Constabulary,Cambridgeshire Constabulary,0.136605,52.222990,On or near John Clarke Court,E01018006,Cambridge 004A,Anti-social behaviour,,
,2022-06,Cambridgeshire Constabulary,Cambridgeshire Constabulary,0.134552,52.222299,On or near Kirby Close,E01018006,Cambridge 004A,Anti-social behaviour,,
a01a6c4d1eb6a316d38eb0c988b46d82c9801a2c422054ace4997e3d4ca5d587,2022-06,Cambridgeshire Constabulary,Cambridgeshire Constabulary,0.132675,52.219500,On or near Milton Road,E01018006,Cambridge 004A,Bicycle theft,Investigation complete; no suspect identified,
9b3aebfea49172b170db7ed35b512eb638039267030c31470a8ad96f3e071e99,2022-06,Cambridgeshire Constabulary,Cambridgeshire Constabulary,0.135564,52.224789,On or near College Fields,E01018006,Cambridge 004A,Bicycle theft,Investigation complete; no suspect identified,
4db855462e41654c50fc1127fa90c98579016d2397b8f04bf705100c2f636d82,2022-06,Cambridgeshire Constabulary,Cambridgeshire Constabulary,0.134750,52.223374,On or near Woodhead Drive,E01018006,Cambridge 004A,Other theft,Investigation complete; no suspect identified,
01a083a3358e7711f446ede922269a6b97fcad00ef4f63436d67b2b8be8cc718,2022-06,Cambridgeshire Constabulary,Cambridgeshire Constabulary,0.133899,52.223048,On or near The Beeches,E01018006,Cambridge 004A,Public order,Unable to prosecute suspect,
2b126e1a9ad2055f2b7c5884642cecce909a3a3a16cedbbdfead20a0c02ced60,2022-06,Cambridgeshire Constabulary,Cambridgeshire Constabulary,0.134552,52.222299,On or near Kirby Close,E01018006,Cambridge 004A,Vehicle crime,Investigation complete; no suspect identified,
a4afd15e90f0a2907f20ca86948568e6da0fd4694028aca7e68dd202e0099e07,2022-06,Cambridgeshire Constabulary,Cambridgeshire Constabulary,0.136605,52.222990,On or near John Clarke Court,E01018006,Cambridge 004A,Violence and sexual offences,Unable to prosecute suspect,
353899c6532817a89433fcfe57b84664c17321c32c1f8b2a1b847f4826c5dc41,2022-06,Cambridgeshire Constabulary,Cambridgeshire Constabulary,0.132675,52.219500,On or near Milton Road,E01018006,Cambridge 004A,Violence and sexual offences,Unable to prosecute suspect,
5886da31f11500ea4f17c095d6984f50ff227af5c93856db95543a5961578229,2022-06,Cambridgeshire Constabulary,Cambridgeshire Constabulary,0.131557,52.221229,On or near Mulberry Close,E01018006,Cambridge 004A,Violence and sexual offences,Unable to prosecute suspect,
2ec96f7412788a9bfb9f1f8c06a9a5b9435a7df7e3b9e14b64c82e881149b410,2022-06,Cambridgeshire Constabulary,Cambridgeshire Constabulary,0.136605,52.222990,On or near John Clarke Court,E01018006,Cambridge 004A,Violence and sexual offences,Unable to prosecute suspect,
fdd65560c5d97dcf32a0ce1659a34489e85754de75240f015dd25ab6a8e3f488,2022-06,Cambridgeshire Constabulary,Cambridgeshire Constabulary,0.132675,52.219500,On or near Milton Road,E01018006,Cambridge 004A,Violence and sexual offences,Unable to prosecute suspect,
26a6fe3e62e077c74152f1ee492eb92fbee18b38b94e3a38e05fc4afd016d765,2022-06,Cambridgeshire Constabulary,Cambridgeshire Constabulary,0.136605,52.222990,On or near John Clarke Court,E01018006,Cambridge 004A,Violence and sexual offences,Unable to prosecute suspect,
,2022-06,Cambridgeshire Constabulary,Cambridgeshire Constabulary,0.128458,52.221941,On or near Orchard Avenue,E01018007,Cambridge 004B,Anti-social behaviour,,
,2022-06,Cambridgeshire Constabulary,Cambridgeshire Constabulary,0.119156,52.221830,On or near Carlton Way,E01018007,Cambridge 004B,Anti-social behaviour,,
,2022-06,Cambridgeshire Constabulary,Cambridgeshire Constabulary,0.128404,52.218651,On or near Atherton Close,E01018007,Cambridge 004B,Anti-social behaviour,,
6683cf7b71e54c8b28e8b7c4a9f590c947af58d237c140b125fc0b93b8f78278,2022-06,Cambridgeshire Constabulary,Cambridgeshire Constabulary,0.122660,52.218854,On or near Gilbert Road,E01018007,Cambridge 004B,Bicycle theft,Investigation complete; no suspect identified,
24660db7acee4605a675a2b69b0fbbfbd8ed014e33726b6ee75646ebd62532c6,2022-06,Cambridgeshire Constabulary,Cambridgeshire Constabulary,0.119156,52.221830,On or near Carlton Way,E01018007,Cambridge 004B,Burglary,Investigation complete; no suspect identified,
c478552c234b613938b92d686440c1b53c0222965bd54353b27d798d1063a4ef,2022-06,Cambridgeshire Constabulary,Cambridgeshire Constabulary,0.130754,52.221873,On or near Leys Road,E01018007,Cambridge 004B,Burglary,Investigation complete; no suspect identified,
888a85d88ed3512a651f882b37cd752b7bf2d88da19d5928878c2e051344ba27,2022-06,Cambridgeshire Constabulary,Cambridgeshire Constabulary,0.119156,52.221830,On or near Carlton Way,E01018007,Cambridge 004B,Other theft,Investigation complete; no suspect identified,
b82d1a4dabd9bbda99af901c36d328293742763fd411a9deef901b8f8e26b277,2022-06,Cambridgeshire Constabulary,Cambridgeshire Constabulary,0.128404,52.218651,On or near Atherton Close,E01018007,Cambridge 004B,Public order,Unable to prosecute suspect,
f513760d54563ea8fbedc455d5297f410fb76435de79623b46b726fa12a09d4f,2022-06,Cambridgeshire Constabulary,Cambridgeshire Constabulary,0.119156,52.221830,On or near Carlton Way,E01018007,Cambridge 004B,Public order,Investigation complete; no suspect identified,
135cd7d29205ea305aff8edb8aaa660324dac371f3b6cee4d1774bcde58b6163,2022-06,Cambridgeshire Constabulary,Cambridgeshire Constabulary,0.119156,52.221830,On or near Carlton Way,E01018007,Cambridge 004B,Shoplifting,Investigation complete; no suspect identified,
37a3d53772fdcf08d803fb1cb39d58a94d119c87f48411e45a32096c9688e871,2022-06,Cambridgeshire Constabulary,Cambridgeshire Constabulary,0.119156,52.221830,On or near Carlton Way,E01018007,Cambridge 004B,Violence and sexual offences,Unable to prosecute suspect,
ce3f37f2a2271cd77bbd812421b3c4406248bea3c420c7f704e25e828c4b3fef,2022-06,Cambridgeshire Constabulary,Cambridgeshire Constabulary,0.119156,52.221830,On or near Carlton Way,E01018007,Cambridge 004B,Violence and sexual offences,Unable to prosecute suspect,
b2dbd52d478b8ad774e6e3fa725c5d59ab5016d742851a7521c6f0baae28462b,2022-06,Cambridgeshire Constabulary,Cambridgeshire Constabulary,0.122660,52.218854,On or near Gilbert Road,E01018007,Cambridge 004B,Violence and sexual offences,Investigation complete; no suspect identified,
072c05580a68add0457410997a42a492caefd4ec394a72a0f8461ac90abf4163,2022-06,Cambridgeshire Constabulary,Cambridgeshire Constabulary,0.128404,52.218651,On or near Atherton Close,E01018007,Cambridge 004B,Violence and sexual offences,Unable to prosecute suspect,
8ea21cb104427c356c1d613a16ad35f7476f63725a468737c65c0129f2485743,2022-06,Cambridgeshire Constabulary,Cambridgeshire Constabulary,0.123301,52.216954,On or near Parking Area,E01018007,Cambridge 004B,Violence and sexual offences,Investigation complete; no suspect identified,
4390fc59f9ab8cdefac7006a2e5b723f20f3749ba30d8ff6f79929807f9efd59,2022-06,Cambridgeshire Constabulary,Cambridgeshire Constabulary,0.119156,52.221830,On or near Carlton Way,E01018007,Cambridge 004B,Violence and sexual offences,Investigation complete; no suspect identified,
c6b45c970f855dc910d8ed2c1462c10769d8b8f3ee250b9e832266415ffeb6e7,2022-06,Cambridgeshire Constabulary,Cambridgeshire Constabulary,0.123301,52.216954,On or near Parking Area,E01018007,Cambridge 004B,Violence and sexual offences,Unable to prosecute suspect,
f67398a2cb1cfa803374b8ed30e72a2e6190927b9207d53107cff0350a5a40c8,2022-06,Cambridgeshire Constabulary,Cambridgeshire Constabulary,0.119156,52.221830,On or near Carlton Way,E01018007,Cambridge 004B,Violence and sexual offences,Court result unavailable,
280aa8371f3a33945180b3250c8657fb566f13733c25e3dce7511bf1cb1d34c0,2022-06,Cambridgeshire Constabulary,Cambridgeshire Constabulary,0.128404,52.218651,On or near Atherton Close,E01018007,Cambridge 004B,Violence and sexual offences,Unable to prosecute suspect,
c6487f52ce747a5755567740c1cded5da5d38d24e6bdd346b5648f5afd594c11,2022-06,Cambridgeshire Constabulary,Cambridgeshire Constabulary,0.123301,52.216954,On or near Parking Area,E01018007,Cambridge 004B,Violence and sexual offences,Investigation complete; no suspect identified,
,2022-06,Cambridgeshire Constabulary,Cambridgeshire Constabulary,0.134341,52.216080,On or near Chesterton Road,E01018008,Cambridge 004C,Anti-social behaviour,,
,2022-06,Cambridgeshire Constabulary,Cambridgeshire Constabulary,0.132322,52.219165,On or near Milton Road,E01018008,Cambridge 004C,Anti-social behaviour,,
,2022-06,Cambridgeshire Constabulary,Cambridgeshire Constabulary,0.130320,52.216486,On or near Chesterton Hall Crescent,E01018008,Cambridge 004C,Anti-social behaviour,,
8516442a42005ded49c8db44ef025e94baa2cf9f9ea2f470b6cd337229b3eade,2022-06,Cambridgeshire Constabulary,Cambridgeshire Constabulary,0.133588,52.215330,On or near Sandy Lane,E01018008,Cambridge 004C,Bicycle theft,Investigation complete; no suspect identified,
dfa564492303c9b42b3270e028ff75c5cc6a066d003a634dc1afc31616e20a7f,2022-06,Cambridgeshire Constabulary,Cambridgeshire Constabulary,0.127635,52.216040,On or near Herbert Street,E01018008,Cambridge 004C,Criminal damage and arson,Unable to prosecute suspect,
1e9f43898cd628eb792a0e84cd26f2fb8e4ea2c580ec8ef31d2bf203797c1643,2022-06,Cambridgeshire Constabulary,Cambridgeshire Constabulary,0.134099,52.214385,On or near Montague Road,E01018008,Cambridge 004C,Other theft,Investigation complete; no suspect identified,
43fd030b7102510ce31f0f73c22d6c5f96fda58a2f4b45172640408e8454278c,2022-06,Cambridgeshire Constabulary,Cambridgeshire Constabulary,0.126650,52.215347,On or near Springfield Road,E01018008,Cambridge 004C,Public order,Unable to prosecute suspect,
7ab4e2318ac5df2581f376149fd0471a7d9d999170d04d8dc619c03715a49647,2022-06,Cambridgeshire Constabulary,Cambridgeshire Constabulary,0.126650,52.215347,On or near Springfield Road,E01018008,Cambridge 004C,Vehicle crime,Investigation complete; no suspect identified,
4a933b0172780f5e0eb2a324a04c0b0f24c9468c1eaa57265589249604b68a74,2022-06,Cambridgeshire Constabulary,Cambridgeshire Constabulary,0.131924,52.218183,On or near Sports/Recreation Area,E01018008,Cambridge 004C,Vehicle crime,Investigation complete; no suspect identified,
5a7fb9fed70dda5f0e71115f49666aefd420ffd1aa9d25768a865f30a793c114,2022-06,Cambridgeshire Constabulary,Cambridgeshire Constabulary,0.127635,52.216040,On or near Herbert Street,E01018008,Cambridge 004C,Violence and sexual offences,Unable to prosecute suspect,
0b10a0480d939bdfe69f5943dd25a4b57937870fe6cceaeeda00f6898d2c3dc8,2022-06,Cambridgeshire Constabulary,Cambridgeshire Constabulary,0.132337,52.216719,On or near Hawthorn Way,E01018008,Cambridge 004C,Violence and sexual offences,Unable to prosecute suspect,
d9abecda187c46ebda01ad70fe60bf6c7e54f2d23e14879d7157d7ab63e4f376,2022-06,Cambridgeshire Constabulary,Cambridgeshire Constabulary,0.126650,52.215347,On or near Springfield Road,E01018008,Cambridge 004C,Violence and sexual offences,Court result unavailable,
,2022-06,Cambridgeshire Constabulary,Cambridgeshire Constabulary,0.125700,52.213844,On or near Victoria Avenue,E01018009,Cambridge 004D,Anti-social behaviour,,
,2022-06,Cambridgeshire Constabulary,Cambridgeshire Constabulary,0.127572,52.214737,On or near Chesterton Road,E01018009,Cambridge 004D,Anti-social behaviour,,
,2022-06,Cambridgeshire Constabulary,Cambridgeshire Constabulary,0.123106,52.214089,On or near Croft Holme Lane,E01018009,Cambridge 004D,Anti-social behaviour,,
,2022-06,Cambridgeshire Constabulary,Cambridgeshire Constabulary,0.119055,52.218793,On or near Bateson Road,E01018009,Cambridge 004D,Anti-social behaviour,,
,2022-06,Cambridgeshire Constabulary,Cambridgeshire Constabulary,0.126317,52.213887,On or near Trafalgar Street,E01018009,Cambridge 004D,Anti-social behaviour,,
,2022-06,Cambridgeshire Constabulary,Cambridgeshire Constabulary,0.125700,52.213844,On or near Victoria Avenue,E01018009,Cambridge 004D,Anti-social behaviour,,
6daca33c0e0f724021b9990961a8a1c59c0209d234e8798eb8fd69058d5b24bc,2022-06,Cambridgeshire Constabulary,Cambridgeshire Constabulary,0.123106,52.214089,On or near Croft Holme Lane,E01018009,Cambridge 004D,Criminal damage and arson,Investigation complete; no suspect identified,
3a56b62d6ef4934cf0a84e55243cd533336d437e78836629cc7929e51a8c102c,2022-06,Cambridgeshire Constabulary,Cambridgeshire Constabulary,0.123408,52.214893,On or near Corona Road,E01018009,Cambridge 004D,Drugs,Court result unavailable,
ee0bed7c398c51ba6d0d7bb236b900fd13b1e1a0045a9fb421c0b43ffec74b4e,2022-06,Cambridgeshire Constabulary,Cambridgeshire Constabulary,0.121455,52.215378,On or near Green'S Road,E01018009,Cambridge 004D,Other theft,Investigation complete; no suspect identified,
acb14eb7be66c53d848aee9d0c23c2111ceed433354fb5de77081ca8b580d7c0,2022-06,Cambridgeshire Constabulary,Cambridgeshire Constabulary,0.124677,52.214492,On or near Supermarket,E01018009,Cambridge 004D,Public order,Investigation complete; no suspect identified,
576a6ce5283db2ba8cfe52e20f3e98b3d0a0981e6df4dc52982ccbf804ee8c07,2022-06,Cambridgeshire Constabulary,Cambridgeshire Constabulary,0.124677,52.214492,On or near Supermarket,E01018009,Cambridge 004D,Public order,Unable to prosecute suspect,
732e48c5426df76f8e6d0a1bd6a6dacd472c78979f66a75a9a56eac638b1b338,2022-06,Cambridgeshire Constabulary,Cambridgeshire Constabulary,0.123106,52.214089,On or near Croft Holme Lane,E01018009,Cambridge 004D,Robbery,Unable to prosecute suspect,
f09ce747dc1166d61c0bc029b772771a07afc314314051602a776c7da5dc787d,2022-06,Cambridgeshire Constabulary,Cambridgeshire Constabulary,0.125700,52.213844,On or near Victoria Avenue,E01018009,Cambridge 004D,Robbery,Investigation complete; no suspect identified,
8eef1b93950936515b5b9c85fb24d26296bf07478739ca12aae3f1cc9afa3a88,2022-06,Cambridgeshire Constabulary,Cambridgeshire Constabulary,0.127572,52.214737,On or near Chesterton Road,E01018009,Cambridge 004D,Shoplifting,Investigation complete; no suspect identified,
68fc53d550913effcda2ae10cf6d0de95ce52f059b12bd479febc92f1f2a28d4,2022-06,Cambridgeshire Constabulary,Cambridgeshire Constabulary,0.127572,52.214737,On or near Chesterton Road,E01018009,Cambridge 004D,Shoplifting,Investigation complete; no suspect identified,
a4697faf80508b4fa015b948249aebb7d482fefd972b2f9f993f43e2b60a907c,2022-06,Cambridgeshire Constabulary,Cambridgeshire Constabulary,0.119566,52.215996,On or near Victoria Park,E01018009,Cambridge 004D,Vehicle crime,Investigation complete; no suspect identified,
560a8edb716f40abbf276f94b02c03d3985ac2b11281b72009db735f80cc67ee,2022-06,Cambridgeshire Constabulary,Cambridgeshire Constabulary,0.123408,52.214893,On or near Corona Road,E01018009,Cambridge 004D,Vehicle crime,Investigation complete; no suspect identified,
0a69f5717e5c309adda2a0d1e4e3dcd6012d414239cfb1b85e4513a79a733c34,2022-06,Cambridgeshire Constabulary,Cambridgeshire Constabulary,0.123106,52.214089,On or near Croft Holme Lane,E01018009,Cambridge 004D,Violence and sexual offences,Unable to prosecute suspect,
689a7d6d067ed327f4c0db08c5fe92a8912ca1120bce58cbb7a57416d1462857,2022-06,Cambridgeshire Constabulary,Cambridgeshire Constabulary,0.125700,52.213844,On or near Victoria Avenue,E01018009,Cambridge 004D,Violence and sexual offences,Local resolution,
2ea7276eb5a83dd20ba4ca906af4ca7db2a9723601b6de8ff59cea6716d67651,2022-06,Cambridgeshire Constabulary,Cambridgeshire Constabulary,0.126317,52.213887,On or near Trafalgar Street,E01018009,Cambridge 004D,Violence and sexual offences,Status update unavailable,
76188e99abcfb9322f650cc61e4b2a524fd542e6ee05401f182f928169a29819,2022-06,Cambridgeshire Constabulary,Cambridgeshire Constabulary,0.127181,52.214510,On or near Supermarket,E01018009,Cambridge 004D,Violence and sexual offences,Investigation complete; no suspect identified,
0fe27120febab42ceb51c44c32c0a8ae3da35b1ef8c6540339c2115965caa2f7,2022-06,Cambridgeshire Constabulary,Cambridgeshire Constabulary,0.124677,52.214492,On or near Supermarket,E01018009,Cambridge 004D,Violence and sexual offences,Investigation complete; no suspect identified,
cb7c51eab7a4636d9e324a3ea822046d1f15f2a8c2694e56fcdbd2a674ad0fc2,2022-06,Cambridgeshire Constabulary,Cambridgeshire Constabulary,0.125700,52.213844,On or near Victoria Avenue,E01018009,Cambridge 004D,Violence and sexual offences,Investigation complete; no suspect identified,
79e1f25c1deca53008637f706b4d8e175b18093139da0521b6e136c40861e3a1,2022-06,Cambridgeshire Constabulary,Cambridgeshire Constabulary,0.123106,52.214089,On or near Croft Holme Lane,E01018009,Cambridge 004D,Violence and sexual offences,Investigation complete; no suspect identified,
d2454338d5e7fdeeec6b1721ffff1d2d66413a80ba3dfebad403b973d9ba600d,2022-06,Cambridgeshire Constabulary,Cambridgeshire Constabulary,0.123106,52.214089,On or near Croft Holme Lane,E01018009,Cambridge 004D,Violence and sexual offences,Unable to prosecute suspect,
1ed0a071d55674ff5787cf6a36b8e79f38e826cda81d3d63fe1747b0f104b770,2022-06,Cambridgeshire Constabulary,Cambridgeshire Constabulary,0.125700,52.213844,On or near Victoria Avenue,E01018009,Cambridge 004D,Violence and sexual offences,Investigation complete; no suspect identified,
8d0dcf28455f452980049fd4dc1c7faa2864fc64b840239215f1bf4113c12220,2022-06,Cambridgeshire Constabulary,Cambridgeshire Constabulary,0.118190,52.216614,On or near Garden Walk,E01018009,Cambridge 004D,Violence and sexual offences,Unable to prosecute suspect,
e843a5f12b2df425a8a21b724779361da228640786378e1e0d6bc7365690c733,2022-06,Cambridgeshire Constabulary,Cambridgeshire Constabulary,0.125700,52.213844,On or near Victoria Avenue,E01018009,Cambridge 004D,Violence and sexual offences,Investigation complete; no suspect identified,
aafeb1cc6652337037b53980666f978daf4bc5040007b1c45b147fd5b8921939,2022-06,Cambridgeshire Constabulary,Cambridgeshire Constabulary,0.118190,52.216614,On or near Garden Walk,E01018009,Cambridge 004D,Violence and sexual offences,Unable to prosecute suspect,
72700b0386571e712008dae6cd7b484fb8ba50c9a16177b40cf51757974d4401,2022-06,Cambridgeshire Constabulary,Cambridgeshire Constabulary,0.123106,52.214089,On or near Croft Holme Lane,E01018009,Cambridge 004D,Violence and sexual offences,Investigation complete; no suspect identified,
e1fd178149a6dd8026a2478a25269e9329a86ce99c6fb9a959fdc1bf8a8c96e5,2022-06,Cambridgeshire Constabulary,Cambridgeshire Constabulary,0.125700,52.213844,On or near Victoria Avenue,E01018009,Cambridge 004D,Violence and sexual offences,Local resolution,
357913fdc7bb3244acfac63dc883542d949a8be5b1628caf773fac99c4bb565e,2022-06,Cambridgeshire Constabulary,Cambridgeshire Constabulary,0.118190,52.216614,On or near Garden Walk,E01018009,Cambridge 004D,Violence and sexual offences,Unable to prosecute suspect,
b2da6ccb20f5246eea5bb3419c25dd49bcbe3f2b447bbdc1bef14f12e843739f,2022-06,Cambridgeshire Constabulary,Cambridgeshire Constabulary,0.124677,52.214492,On or near Supermarket,E01018009,Cambridge 004D,Other crime,Court result unavailable,
,2022-06,Cambridgeshire Constabulary,Cambridgeshire Constabulary,0.136055,52.212138,On or near Cutter Ferry Close,E01018010,Cambridge 004E,Anti-social behaviour,,
,2022-06,Cambridgeshire Constabulary,Cambridgeshire Constabulary,0.129854,52.214399,On or near Hamilton Road,E01018010,Cambridge 004E,Anti-social behaviour,,
5b3082e2efdd004f4df72d7999f7a8d854c2c7a720dde93e74610cabb231e583,2022-06,Cambridgeshire Constabulary,Cambridgeshire Constabulary,0.136055,52.212138,On or near Cutter Ferry Close,E01018010,Cambridge 004E,Bicycle theft,Investigation complete; no suspect identified,
8c82edf433a8b1413137652bede37c1eb2e6d923ee62e04979c9bd38e6830a73,2022-06,Cambridgeshire Constabulary,Cambridgeshire Constabulary,0.131582,52.213478,On or near De Freville Avenue,E01018010,Cambridge 004E,Criminal damage and arson,Unable to prosecute suspect,
fd99a332b0b4d35b41d18a930cda48cc4754b32e3641e7732f992b9139e2394b,2022-06,Cambridgeshire Constabulary,Cambridgeshire Constabulary,0.128714,52.213502,On or near Pretoria Road,E01018010,Cambridge 004E,Drugs,Unable to prosecute suspect,
29d0c28e208df94829545f0b335a480b88ae7090c760886c584ea59c8581623a,2022-06,Cambridgeshire Constabulary,Cambridgeshire Constabulary,0.128714,52.213502,On or near Pretoria Road,E01018010,Cambridge 004E,Other theft,Investigation complete; no suspect identified,
cb76a55e215cc9e0956ffeb9c2f38a45d885b1c2f8eac217cc08bbf65bb7ee74,2022-06,Cambridgeshire Constabulary,Cambridgeshire Constabulary,0.128714,52.213502,On or near Pretoria Road,E01018010,Cambridge 004E,Public order,Investigation complete; no suspect identified,
ab9429e3eb65fdca3956dbb0373eaa518390e2211a9f5a729a6e6b55d1244e4a,2022-06,Cambridgeshire Constabulary,Cambridgeshire Constabulary,0.129296,52.212206,On or near Banhams Close,E01018010,Cambridge 004E,Robbery,Investigation complete; no suspect identified,
2c7a603ff446c8146728bd9c1db0858e6f6484f3562ca97b1dfe9d3c2f93c7ad,2022-06,Cambridgeshire Constabulary,Cambridgeshire Constabulary,0.135149,52.211561,On or near Acrefield Drive,E01018010,Cambridge 004E,Vehicle crime,Investigation complete; no suspect identified,
e70e373284e21eb3f7a61091ce85aef95dabfb5fd28a6b21daa87f21cf70b953,2022-06,Cambridgeshire Constabulary,Cambridgeshire Constabulary,0.136055,52.212138,On or near Cutter Ferry Close,E01018010,Cambridge 004E,Violence and sexual offences,Unable to prosecute suspect,
69f7138e2d133aaced25bb667e480ec6b0c981f4fd468b0a4567395e5f465888,2022-06,Cambridgeshire Constabulary,Cambridgeshire Constabulary,0.131582,52.213478,On or near De Freville Avenue,E01018010,Cambridge 004E,Violence and sexual offences,Unable to prosecute suspect,
7627ec3608ccd9c4bcadab15dfec8d2e462227f3c27b413065e47108c3a7f5a3,2022-06,Cambridgeshire Constabulary,Cambridgeshire Constabulary,0.129296,52.212206,On or near Banhams Close,E01018010,Cambridge 004E,Violence and sexual offences,Unable to prosecute suspect,
fb3e255909c6b6389ea11608ff8bb263345988f91070dd231ee7f274793c927d,2022-06,Cambridgeshire Constabulary,Cambridgeshire Constabulary,0.133444,52.210800,On or near Cutter Ferry Lane,E01018010,Cambridge 004E,Violence and sexual offences,Investigation complete; no suspect identified,
8f4522d5de7a6237d99e0c05b31f037b0d587b15b208d2d3a02089ecc73277ae,2022-06,Cambridgeshire Constabulary,Cambridgeshire Constabulary,0.129296,52.212206,On or near Banhams Close,E01018010,Cambridge 004E,Violence and sexual offences,Unable to prosecute suspect,
0bdabb79a939987b6d0bdfd79f544651ece4f736ecaba06b3770ba745841f15e,2022-06,Cambridgeshire Constabulary,Cambridgeshire Constabulary,0.136055,52.212138,On or near Cutter Ferry Close,E01018010,Cambridge 004E,Violence and sexual offences,Unable to prosecute suspect,
1396f06cc7a80cb8c09d8124b99a81ea5340287fba2332c8f57441c3b6440151,2022-06,Cambridgeshire Constabulary,Cambridgeshire Constabulary,0.136055,52.212138,On or near Cutter Ferry Close,E01018010,Cambridge 004E,Violence and sexual offences,Unable to prosecute suspect,
,2022-06,Cambridgeshire Constabulary,Cambridgeshire Constabulary,0.112156,52.222423,On or near Histon Road,E01017955,Cambridge 005A,Anti-social behaviour,,
,2022-06,Cambridgeshire Constabulary,Cambridgeshire Constabulary,0.089935,52.214402,On or near Conduit Head Road,E01017956,Cambridge 005B,Anti-social behaviour,,
,2022-06,Cambridgeshire Constabulary,Cambridgeshire Constabulary,0.103783,52.218742,On or near Marion Close,E01017956,Cambridge 005B,Anti-social behaviour,,
,2022-06,Cambridgeshire Constabulary,Cambridgeshire Constabulary,0.084429,52.214680,On or near Parking Area,E01017956,Cambridge 005B,Anti-social behaviour,,
,2022-06,Cambridgeshire Constabulary,Cambridgeshire Constabulary,0.084429,52.214680,On or near Parking Area,E01017956,Cambridge 005B,Anti-social behaviour,,
,2022-06,Cambridgeshire Constabulary,Cambridgeshire Constabulary,0.094850,52.223658,On or near Whitehouse Lane,E01017956,Cambridge 005B,Anti-social behaviour,,
66d41a0cd0246942651c4a2cf66d4341fb9423beecf82099bd621458a215fb64,2022-06,Cambridgeshire Constabulary,Cambridgeshire Constabulary,0.105486,52.215745,On or near Further/Higher Educational Building,E01017956,Cambridge 005B,Bicycle theft,Investigation complete; no suspect identified,
79d660cb5d05a93d764b114afdb224d67db394665cfc20cb905a7d4502a894a7,2022-06,Cambridgeshire Constabulary,Cambridgeshire Constabulary,0.102410,52.214783,On or near Storey'S Way,E01017956,Cambridge 005B,Bicycle theft,Investigation complete; no suspect identified,
91a090fb835dcd41eec0cf0bf88d1b5240f8098bd05870510232ccb905d5fd67,2022-06,Cambridgeshire Constabulary,Cambridgeshire Constabulary,0.107332,52.215163,On or near Conference/Exhibition Centre,E01017956,Cambridge 005B,Bicycle theft,Investigation complete; no suspect identified,
0e7fc6ec2790e171ae5909d5cb93815afa86c340f28446d8fbc89fb707db3ded,2022-06,Cambridgeshire Constabulary,Cambridgeshire Constabulary,0.102410,52.214783,On or near Storey'S Way,E01017956,Cambridge 005B,Bicycle theft,Investigation complete; no suspect identified,
f5d42bf743311a3cbf2d5d03812b142ba957c5157e5226ab9ee5fc3df8f20c69,2022-06,Cambridgeshire Constabulary,Cambridgeshire Constabulary,0.093874,52.221895,On or near Huntingdon Road,E01017956,Cambridge 005B,Criminal damage and arson,Investigation complete; no suspect identified,
0afd053daf746753dd0a60fe43d4c826078054eec6f157829caf92d444392b9d,2022-06,Cambridgeshire Constabulary,Cambridgeshire Constabulary,0.101294,52.214075,On or near Churchill Road,E01017956,Cambridge 005B,Criminal damage and arson,Investigation complete; no suspect identified,
95e6c80050b9bc81e6da3714bfd6166192bf2a59ab08812ac6c2111924727b54,2022-06,Cambridgeshire Constabulary,Cambridgeshire Constabulary,0.105486,52.215745,On or near Further/Higher Educational Building,E01017956,Cambridge 005B,Other theft,Investigation complete; no suspect identified,
e111f5416e00c63358d4231119444ed308bad4217fad77252092f11b3b342bfc,2022-06,Cambridgeshire Constabulary,Cambridgeshire Constabulary,0.084429,52.214680,On or near Parking Area,E01017956,Cambridge 005B,Public order,Court result unavailable,
9cd2f7228ade2a4edcf8022d8b7a995097e55a4064e73cec1eee158696a4bc50,2022-06,Cambridgeshire Constabulary,Cambridgeshire Constabulary,0.094850,52.223658,On or near Whitehouse Lane,E01017956,Cambridge 005B,Public order,Unable to prosecute suspect,
9dafa96aba70c1855863eaaf29982cdd22932bd537c894e93468b7529c9c4609,2022-06,Cambridgeshire Constabulary,Cambridgeshire Constabulary,0.101159,52.222377,On or near Sports/Recreation Area,E01017956,Cambridge 005B,Public order,Unable to prosecute suspect,
8534f185bba1c04aae6314a72af12448cc1c5beb80958ed3e7daef8b5bc41dc0,2022-06,Cambridgeshire Constabulary,Cambridgeshire Constabulary,0.101159,52.222377,On or near Sports/Recreation Area,E01017956,Cambridge 005B,Public order,Unable to prosecute suspect,
f355518e001cda5f1f22503f021755e0bac2fabed5e8f29c8091c6e74048955c,2022-06,Cambridgeshire Constabulary,Cambridgeshire Constabulary,0.084429,52.214680,On or near Parking Area,E01017956,Cambridge 005B,Shoplifting,Court result unavailable,
d6a852af7bc9617d5a156e83a875a736b09d2af87ad60c0be94bd57d7ff49924,2022-06,Cambridgeshire Constabulary,Cambridgeshire Constabulary,0.101159,52.222377,On or near Sports/Recreation Area,E01017956,Cambridge 005B,Violence and sexual offences,Unable to prosecute suspect,
4483ac03b12736972023def55df3c4cdcff5f068596576a96a62e7e544d6ea04,2022-06,Cambridgeshire Constabulary,Cambridgeshire Constabulary,0.094850,52.223658,On or near Whitehouse Lane,E01017956,Cambridge 005B,Violence and sexual offences,Unable to prosecute suspect,
d67ee81d89f4dd3d28ce1c31169bbb03aa59bc76cdd8e2065ebaf2a178f82fe4,2022-06,Cambridgeshire Constabulary,Cambridgeshire Constabulary,0.101159,52.222377,On or near Sports/Recreation Area,E01017956,Cambridge 005B,Violence and sexual offences,Unable to prosecute suspect,
1d837242b0163c658fcdf1c08f29ea140326362c7a0a41378e5f59057fdba031,2022-06,Cambridgeshire Constabulary,Cambridgeshire Constabulary,0.101159,52.222377,On or near Sports/Recreation Area,E01017956,Cambridge 005B,Violence and sexual offences,Unable to prosecute suspect,
0e676015570fde6f4e3936d2ac4aca8f99a7bdf630850fd7f8ca70d4e7c278ca,2022-06,Cambridgeshire Constabulary,Cambridgeshire Constabulary,0.097076,52.222108,On or near Howes Place,E01017956,Cambridge 005B,Violence and sexual offences,Unable to prosecute suspect,
9adafd20b33060e511ccdc85620e0bf80551813007db494130923835e5c9695b,2022-06,Cambridgeshire Constabulary,Cambridgeshire Constabulary,0.094850,52.223658,On or near Whitehouse Lane,E01017956,Cambridge 005B,Violence and sexual offences,Unable to prosecute suspect,
30af0ada92528376550a39ecc15e2f92aa1828c6212987366c34907515c1f664,2022-06,Cambridgeshire Constabulary,Cambridgeshire Constabulary,0.107332,52.215163,On or near Conference/Exhibition Centre,E01017956,Cambridge 005B,Violence and sexual offences,Unable to prosecute suspect,
0f4ccf393744a224a851e8793c15e5f75970e2db39eb1ffd5fc27c922a059344,2022-06,Cambridgeshire Constabulary,Cambridgeshire Constabulary,0.104592,52.221902,On or near Hoadly Road,E01017956,Cambridge 005B,Violence and sexual offences,Unable to prosecute suspect,
fb06404149e0a5c01811165deb518f912b46d344640f886fc306b04344f5fb44,2022-06,Cambridgeshire Constabulary,Cambridgeshire Constabulary,0.101159,52.222377,On or near Sports/Recreation Area,E01017956,Cambridge 005B,Violence and sexual offences,Unable to prosecute suspect,
a8dd1bf45f0e63b6bdfe6bbc8a9c6325033aeaba7ee95ff527d34aeed828a342,2022-06,Cambridgeshire Constabulary,Cambridgeshire Constabulary,0.101159,52.222377,On or near Sports/Recreation Area,E01017956,Cambridge 005B,Violence and sexual offences,Unable to prosecute suspect,
e6e53f79bd0c4382eb32b6dea7d8c691dd5bd8a31d8a5b352d948c262852b3a4,2022-06,Cambridgeshire Constabulary,Cambridgeshire Constabulary,0.110416,52.214128,On or near Castle Street,E01017957,Cambridge 005C,Vehicle crime,Investigation complete; no suspect identified,
,2022-06,Cambridgeshire Constabulary,Cambridgeshire Constabulary,0.110797,52.213824,On or near Huntingdon Road,E01017958,Cambridge 005D,Anti-social behaviour,,
,2022-06,Cambridgeshire Constabulary,Cambridgeshire Constabulary,0.113344,52.210434,On or near Northampton Street,E01017958,Cambridge 005D,Anti-social behaviour,,
,2022-06,Cambridgeshire Constabulary,Cambridgeshire Constabulary,0.115760,52.210444,On or near Further/Higher Educational Building,E01017958,Cambridge 005D,Anti-social behaviour,,
,2022-06,Cambridgeshire Constabulary,Cambridgeshire Constabulary,0.113165,52.212217,On or near Castle Street,E01017958,Cambridge 005D,Anti-social behaviour,,
,2022-06,Cambridgeshire Constabulary,Cambridgeshire Constabulary,0.115393,52.204885,On or near Further/Higher Educational Building,E01017958,Cambridge 005D,Anti-social behaviour,,
2273fce2251275224323db25b61ab8259044c83c249573c36cc16dd71fa049fc,2022-06,Cambridgeshire Constabulary,Cambridgeshire Constabulary,0.110874,52.212663,On or near Mount Pleasant Walk,E01017958,Cambridge 005D,Bicycle theft,Investigation complete; no suspect identified,
2dfbcbde1b66857db942c691f2b5047635c8348fb2b98377c7233d6a28b1b6a6,2022-06,Cambridgeshire Constabulary,Cambridgeshire Constabulary,0.117381,52.208842,On or near Further/Higher Educational Building,E01017958,Cambridge 005D,Bicycle theft,Investigation complete; no suspect identified,
6aee62f19a86f3d531fc4e7e4279f12ba24a01ad888a101b3a5897334c89e1cf,2022-06,Cambridgeshire Constabulary,Cambridgeshire Constabulary,0.115760,52.210444,On or near Further/Higher Educational Building,E01017958,Cambridge 005D,Burglary,Investigation complete; no suspect identified,
57bd7f6b11cf6f7cd8f88db323571757f62235c66cc10f4bb3500dbf090d8214,2022-06,Cambridgeshire Constabulary,Cambridgeshire Constabulary,0.117944,52.205891,On or near Further/Higher Educational Building,E01017958,Cambridge 005D,Burglary,Investigation complete; no suspect identified,
34141e95b56f23806c7c2163c0670d4f05938feeb77e4b944b797da82972616d,2022-06,Cambridgeshire Constabulary,Cambridgeshire Constabulary,0.113490,52.211052,On or near Honey Hill,E01017958,Cambridge 005D,Burglary,Investigation complete; no suspect identified,
1ff9185c4e36638801ba541eac49963b0a6d6ce3daa853666100befd814d8b69,2022-06,Cambridgeshire Constabulary,Cambridgeshire Constabulary,0.117577,52.207112,On or near Further/Higher Educational Building,E01017958,Cambridge 005D,Burglary,Investigation complete; no suspect identified,
3cea5a3db760bf947de65405c2c6b4f6da2f130ead83ce9cbc90cf509bc0a629,2022-06,Cambridgeshire Constabulary,Cambridgeshire Constabulary,0.112618,52.213324,On or near Castle Park,E01017958,Cambridge 005D,Criminal damage and arson,Investigation complete; no suspect identified,
4ec997dfd10182342c04716de05a6ffdd92fce2f8ad0ab20d8005d9694fac036,2022-06,Cambridgeshire Constabulary,Cambridgeshire Constabulary,0.117944,52.205891,On or near Further/Higher Educational Building,E01017958,Cambridge 005D,Criminal damage and arson,Investigation complete; no suspect identified,
de3ba993ad55a592dc3201d8dd08e47ec012c196f435a805f761b4bccf534bcf,2022-06,Cambridgeshire Constabulary,Cambridgeshire Constabulary,0.113490,52.211052,On or near Honey Hill,E01017958,Cambridge 005D,Criminal damage and arson,Investigation complete; no suspect identified,
81540759f78a036dc0383acb65e15045a9a8cc8ce0aa95e280fccc040ea072a8,2022-06,Cambridgeshire Constabulary,Cambridgeshire Constabulary,0.113165,52.212217,On or near Castle Street,E01017958,Cambridge 005D,Drugs,Unable to prosecute suspect,
23375cffd99b08fd0103965fcdf3457c5942fea78bc5c078e38e91076ec0803c,2022-06,Cambridgeshire Constabulary,Cambridgeshire Constabulary,0.111768,52.211775,On or near Albion Row,E01017958,Cambridge 005D,Other theft,Unable to prosecute suspect,
85f7e79999b6e7c9eeb2d71800880bc781487bdd6991d434eebfafcdc2746c39,2022-06,Cambridgeshire Constabulary,Cambridgeshire Constabulary,0.117944,52.205891,On or near Further/Higher Educational Building,E01017958,Cambridge 005D,Other theft,Investigation complete; no suspect identified,
970465c161212be222a60ccd454bce29fddc1b8478fe76a3b32bdfb2ad7b11e0,2022-06,Cambridgeshire Constabulary,Cambridgeshire Constabulary,0.110856,52.211054,On or near Lady Margaret Road,E01017958,Cambridge 005D,Other theft,Investigation complete; no suspect identified,
08e55efb35425af485a97a6859db70a0ec9042ac177fc3154dc4035aed3eb809,2022-06,Cambridgeshire Constabulary,Cambridgeshire Constabulary,0.115760,52.210444,On or near Further/Higher Educational Building,E01017958,Cambridge 005D,Other theft,Investigation complete; no suspect identified,
762329fba9ee0a0130643b88a39f3c534f2cf8c540ec4305f53ece1a6ee9670c,2022-06,Cambridgeshire Constabulary,Cambridgeshire Constabulary,0.113490,52.211052,On or near Honey Hill,E01017958,Cambridge 005D,Other theft,Investigation complete; no suspect identified,
e5598d18ecc4e1b1662492611075f8e62f5d93c783ad45420b96995c450bbf72,2022-06,Cambridgeshire Constabulary,Cambridgeshire Constabulary,0.115760,52.210444,On or near Further/Higher Educational Building,E01017958,Cambridge 005D,Other theft,Investigation complete; no suspect identified,
b357be007099ea93397111a0a726cb7c5ab21eb37a25953fb08fc6341b835d47,2022-06,Cambridgeshire Constabulary,Cambridgeshire Constabulary,0.117944,52.205891,On or near Further/Higher Educational Building,E01017958,Cambridge 005D,Public order,Investigation complete; no suspect identified,
66365391e8fa876778e6535ebdfdc53f1a74dc4ff9cb9d1b0c8dc246730fd05b,2022-06,Cambridgeshire Constabulary,Cambridgeshire Constabulary,0.115760,52.210444,On or near Further/Higher Educational Building,E01017958,Cambridge 005D,Public order,Investigation complete; no suspect identified,
ae169f7caa4db36758262cdaba983c1abee71eaf685651c1fe236a17c30ccd7c,2022-06,Cambridgeshire Constabulary,Cambridgeshire Constabulary,0.113490,52.211052,On or near Honey Hill,E01017958,Cambridge 005D,Public order,Investigation complete; no suspect identified,
3b106a34358604348cc9ce33d5b10833b2b2a9d707678e108c36f959caf2bb02,2022-06,Cambridgeshire Constabulary,Cambridgeshire Constabulary,0.117443,52.205837,On or near Market Hill,E01017958,Cambridge 005D,Robbery,Investigation complete; no suspect identified,
1327262b967aac601f662d556ee5d6b4f059379f68efcbe681b381de37e22699,2022-06,Cambridgeshire Constabulary,Cambridgeshire Constabulary,0.117944,52.205891,On or near Further/Higher Educational Building,E01017958,Cambridge 005D,Shoplifting,Investigation complete; no suspect identified,
1d0f2247e2667f323991a6b1735bbddf83afd753551465cc6ecafe9121df9592,2022-06,Cambridgeshire Constabulary,Cambridgeshire Constabulary,0.115760,52.210444,On or near Further/Higher Educational Building,E01017958,Cambridge 005D,Shoplifting,Investigation complete; no suspect identified,
afec1f68c5650fafc8d4c059f7a42e987385b4b761ca2b5872edfa8d31e88e78,2022-06,Cambridgeshire Constabulary,Cambridgeshire Constabulary,0.117443,52.205837,On or near Market Hill,E01017958,Cambridge 005D,Theft from the person,Investigation complete; no suspect identified,
3943bab4c39c14b1a3535a708d92a8c415c33935090b7b9262682d88b7baf14e,2022-06,Cambridgeshire Constabulary,Cambridgeshire Constabulary,0.113165,52.212217,On or near Castle Street,E01017958,Cambridge 005D,Theft from the person,Investigation complete; no suspect identified,
e148b0a3b1a1cf0c49690bc4f9ccf489251c31a3650cadcc205ed66287822cf8,2022-06,Cambridgeshire Constabulary,Cambridgeshire Constabulary,0.110263,52.210893,On or near Further/Higher Educational Building,E01017958,Cambridge 005D,Violence and sexual offences,Status update unavailable,
acab327da32290faf29122c994c721f590ba6cd0cf5ed70342ebdf4eb07c5522,2022-06,Cambridgeshire Constabulary,Cambridgeshire Constabulary,0.115760,52.210444,On or near Further/Higher Educational Building,E01017958,Cambridge 005D,Violence and sexual offences,Unable to prosecute suspect,
e7654ae4d18d42926bd934c7460ffa64a72e94d1c8d8dcbc5a12c0898f04bab6,2022-06,Cambridgeshire Constabulary,Cambridgeshire Constabulary,0.115596,52.206068,On or near Further/Higher Educational Building,E01017958,Cambridge 005D,Violence and sexual offences,Investigation complete; no suspect identified,
6eba66ad9430e37633b09f2de3f5e12f31ebb24b681fbd79a76f6160a79f3b6f,2022-06,Cambridgeshire Constabulary,Cambridgeshire Constabulary,0.112675,52.212064,On or near Castle Row,E01017958,Cambridge 005D,Violence and sexual offences,Unable to prosecute suspect,
29b9f155d3a2e0d7b17867fefd4dc6322fbec751231701936c14a5268bbc53fc,2022-06,Cambridgeshire Constabulary,Cambridgeshire Constabulary,0.117944,52.205891,On or near Further/Higher Educational Building,E01017958,Cambridge 005D,Violence and sexual offences,Unable to prosecute suspect,
c1896d678b249dc0d07dda214d2da6e9601ccd9f90f87869ead2f2ed7a40e380,2022-06,Cambridgeshire Constabulary,Cambridgeshire Constabulary,0.117443,52.205837,On or near Market Hill,E01017958,Cambridge 005D,Violence and sexual offences,Unable to prosecute suspect,
2aeb872db1af6b16910a6553e2c24a1e773aaa2f000429fc8b9a35468a3c3948,2022-06,Cambridgeshire Constabulary,Cambridgeshire Constabulary,0.117944,52.205891,On or near Further/Higher Educational Building,E01017958,Cambridge 005D,Violence and sexual offences,Court result unavailable,
2897947760f2041abfa712971024f60e5c0bf27da9d00665d44b2472c9e8cb8f,2022-06,Cambridgeshire Constabulary,Cambridgeshire Constabulary,0.115760,52.210444,On or near Further/Higher Educational Building,E01017958,Cambridge 005D,Violence and sexual offences,Unable to prosecute suspect,
,2022-06,Cambridgeshire Constabulary,Cambridgeshire Constabulary,0.141613,52.209618,On or near Godesdone Road,E01017943,Cambridge 006A,Anti-social behaviour,,
,2022-06,Cambridgeshire Constabulary,Cambridgeshire Constabulary,0.145439,52.210331,On or near Newmarket Road,E01017943,Cambridge 006A,Anti-social behaviour,,
,2022-06,Cambridgeshire Constabulary,Cambridgeshire Constabulary,0.142323,52.211898,On or near Riverside Place,E01017943,Cambridge 006A,Anti-social behaviour,,
,2022-06,Cambridgeshire Constabulary,Cambridgeshire Constabulary,0.146839,52.210521,On or near Shopping Area,E01017943,Cambridge 006A,Anti-social behaviour,,
3d68012223523fe1b757e3470a1d19229b8f2ea2083b4530b142befff0126f48,2022-06,Cambridgeshire Constabulary,Cambridgeshire Constabulary,0.141613,52.209618,On or near Godesdone Road,E01017943,Cambridge 006A,Bicycle theft,Investigation complete; no suspect identified,
0845388ece91d4f8fe73b145eb2a022fd17e0db746f11898e7455d889a8840bd,2022-06,Cambridgeshire Constabulary,Cambridgeshire Constabulary,0.146799,52.208184,On or near Henley Road,E01017943,Cambridge 006A,Bicycle theft,Investigation complete; no suspect identified,
f19316c174596ce9bf855b8232e67891d4129da368230f5c6eebdfe8a9f2a577,2022-06,Cambridgeshire Constabulary,Cambridgeshire Constabulary,0.141613,52.209618,On or near Godesdone Road,E01017943,Cambridge 006A,Criminal damage and arson,Court result unavailable,
e22c91b0fdaa9a5fb9482ffd9095c6c058dd4c630ef6f8b86fc464016453b357,2022-06,Cambridgeshire Constabulary,Cambridgeshire Constabulary,0.143443,52.211446,On or near Supermarket,E01017943,Cambridge 006A,Criminal damage and arson,Awaiting court outcome,
92fefbc42805350548e20717900f150306af9d50d2347c79fe0c2a54121b0210,2022-06,Cambridgeshire Constabulary,Cambridgeshire Constabulary,0.137262,52.210749,On or near Parking Area,E01017943,Cambridge 006A,Criminal damage and arson,Investigation complete; no suspect identified,
adba1d44b70f38835c1e11ce2d2efbdd1a2f7866955a36a7c418503defb9e898,2022-06,Cambridgeshire Constabulary,Cambridgeshire Constabulary,0.142724,52.210803,On or near Stevenson Court,E01017943,Cambridge 006A,Criminal damage and arson,Unable to prosecute suspect,
27fdd1f7c276511648ca7e28ed7ba50990070f59a7ed360a7370dd1a7b3553bc,2022-06,Cambridgeshire Constabulary,Cambridgeshire Constabulary,0.147236,52.209354,On or near Shopping Area,E01017943,Cambridge 006A,Drugs,Court result unavailable,
e09885945901bd2f17fbabd12005e0ee40b16e898bcabe9c3bfed9272ec61415,2022-06,Cambridgeshire Constabulary,Cambridgeshire Constabulary,0.145439,52.210331,On or near Newmarket Road,E01017943,Cambridge 006A,Other theft,Investigation complete; no suspect identified,
656a798b863164e14bc7058db9f4e3c91b6f0df43ccd166604301bf6a3c96ff9,2022-06,Cambridgeshire Constabulary,Cambridgeshire Constabulary,0.142323,52.211898,On or near Riverside Place,E01017943,Cambridge 006A,Other theft,Investigation complete; no suspect identified,
a06a858a432d7aac518db3994c71d70e8f0ecf16b6623a09595afbcc0502d9de,2022-06,Cambridgeshire Constabulary,Cambridgeshire Constabulary,0.142220,52.210354,On or near River Lane,E01017943,Cambridge 006A,Other theft,Investigation complete; no suspect identified,
0b0412aa971685ae993a777af550b8783844a410a26c5799e6fd0bfd531c313d,2022-06,Cambridgeshire Constabulary,Cambridgeshire Constabulary,0.147236,52.209354,On or near Shopping Area,E01017943,Cambridge 006A,Possession of weapons,Unable to prosecute suspect,
dc19f9cc12687bd041bbbc1f6b2e547db2ff3cf92e4334ee1cd23ef5691b843e,2022-06,Cambridgeshire Constabulary,Cambridgeshire Constabulary,0.137262,52.210749,On or near Parking Area,E01017943,Cambridge 006A,Possession of weapons,Court result unavailable,
f88d6c0b09cb7c8ed62dbdb5d524a064a63cb6186839ecedafea005f7d18b2fd,2022-06,Cambridgeshire Constabulary,Cambridgeshire Constabulary,0.147236,52.209354,On or near Shopping Area,E01017943,Cambridge 006A,Possession of weapons,Investigation complete; no suspect identified,
a9864b5c82729a7652ca5b8fce16d11de40e9db18e9ea16678390d38a08bf201,2022-06,Cambridgeshire Constabulary,Cambridgeshire Constabulary,0.147236,52.209354,On or near Shopping Area,E01017943,Cambridge 006A,Possession of weapons,Unable to prosecute suspect,
5e90a0bbe9e0deeba5b4de0626df71f7d309d1fc6c92b8c1920449acb8d80413,2022-06,Cambridgeshire Constabulary,Cambridgeshire Constabulary,0.146839,52.210521,On or near Shopping Area,E01017943,Cambridge 006A,Public order,Court result unavailable,
02de53dbf16fd4c97cdb70f7661ea5b2805c060599a1e3e72445f6d561f69b6c,2022-06,Cambridgeshire Constabulary,Cambridgeshire Constabulary,0.146839,52.210521,On or near Shopping Area,E01017943,Cambridge 006A,Public order,Investigation complete; no suspect identified,
67d021bdfc426f72d439bc4a120184c86ef433ac95a5a0d6c7266151a2aeac58,2022-06,Cambridgeshire Constabulary,Cambridgeshire Constabulary,0.146799,52.208184,On or near Henley Road,E01017943,Cambridge 006A,Shoplifting,Investigation complete; no suspect identified,
993b7855d2e2ad399066cc353cf152ac2d37a67665dd1187cc44011f83dbc302,2022-06,Cambridgeshire Constabulary,Cambridgeshire Constabulary,0.146839,52.210521,On or near Shopping Area,E01017943,Cambridge 006A,Shoplifting,Investigation complete; no suspect identified,
d53872f963eaedd7bf323b49d5080781069bcf4aa016e8adb86202d6a33c77e9,2022-06,Cambridgeshire Constabulary,Cambridgeshire Constabulary,0.146839,52.210521,On or near Shopping Area,E01017943,Cambridge 006A,Shoplifting,Investigation complete; no suspect identified,
6c9eff29e9583b363e29d1e7d4d0e6ddb3fdc81f3fdfab34946456d3d868b319,2022-06,Cambridgeshire Constabulary,Cambridgeshire Constabulary,0.146799,52.208184,On or near Henley Road,E01017943,Cambridge 006A,Shoplifting,Investigation complete; no suspect identified,
6ad44f8904df45f94996eb743aa8709bd4a269c39b0f38123a894e0d1498e329,2022-06,Cambridgeshire Constabulary,Cambridgeshire Constabulary,0.146799,52.208184,On or near Henley Road,E01017943,Cambridge 006A,Shoplifting,Investigation complete; no suspect identified,
152b99b70d63e21b8ce55ec79756aef4b4773281e7943ba3f245b574ca9dd0c3,2022-06,Cambridgeshire Constabulary,Cambridgeshire Constabulary,0.146799,52.208184,On or near Henley Road,E01017943,Cambridge 006A,Shoplifting,Investigation complete; no suspect identified,
a9435300dd8180680df66fa83c41f86d3c3f3cd2ad9ac8ead7bf0f8b99889257,2022-06,Cambridgeshire Constabulary,Cambridgeshire Constabulary,0.137106,52.210851,On or near Walnut Tree Avenue,E01017943,Cambridge 006A,Theft from the person,Unable to prosecute suspect,
2b3a526539a95e9aa05dd7fab162e65e1b30cfcea5e8ab2f13f290e28062d911,2022-06,Cambridgeshire Constabulary,Cambridgeshire Constabulary,0.142220,52.210354,On or near River Lane,E01017943,Cambridge 006A,Vehicle crime,Investigation complete; no suspect identified,
3a0a5840642becbbf7cb021b946e040f976905952e5ac81565b11970d11390cb,2022-06,Cambridgeshire Constabulary,Cambridgeshire Constabulary,0.140839,52.208427,On or near Harvest Way,E01017943,Cambridge 006A,Violence and sexual offences,Unable to prosecute suspect,
994d7f289ba2db9828ffb84c73c7d9595e5cf34c675efba9f26398b141c01fbe,2022-06,Cambridgeshire Constabulary,Cambridgeshire Constabulary,0.141613,52.209618,On or near Godesdone Road,E01017943,Cambridge 006A,Violence and sexual offences,Investigation complete; no suspect identified,
647c238139a4380fb96a471cc5fc3bb2d0e6ef5c0e35eed57784696a40c4bf33,2022-06,Cambridgeshire Constabulary,Cambridgeshire Constabulary,0.147236,52.209354,On or near Shopping Area,E01017943,Cambridge 006A,Violence and sexual offences,Court result unavailable,
d523acff4ec1f07b5442e99a4e6d832985c7b653edf0382e464c89502df0ac9b,2022-06,Cambridgeshire Constabulary,Cambridgeshire Constabulary,0.146799,52.208184,On or near Henley Road,E01017943,Cambridge 006A,Violence and sexual offences,Investigation complete; no suspect identified,
9f8827f4ef3d3a4e2e324bf83ebbb58d8fb7c6c78c1b89fa5ba0b5c3820f1e29,2022-06,Cambridgeshire Constabulary,Cambridgeshire Constabulary,0.142906,52.210314,On or near Rowlinson Way,E01017943,Cambridge 006A,Violence and sexual offences,Status update unavailable,
edfa735ed8e759c02c386bbb356d25f7e1f2ba07a776c01bf46f8f1f899d3334,2022-06,Cambridgeshire Constabulary,Cambridgeshire Constabulary,0.146839,52.210521,On or near Shopping Area,E01017943,Cambridge 006A,Violence and sexual offences,Unable to prosecute suspect,
953f1b72faf22b8d18958a5a4bc0aa198c588d97ef719cd8027100a8ecdadcad,2022-06,Cambridgeshire Constabulary,Cambridgeshire Constabulary,0.137106,52.210851,On or near Walnut Tree Avenue,E01017943,Cambridge 006A,Violence and sexual offences,Investigation complete; no suspect identified,
29dc5620a57b3d0a59d105e5a19f47e7991800547b8daf6468b655e535f28dd7,2022-06,Cambridgeshire Constabulary,Cambridgeshire Constabulary,0.140839,52.208427,On or near Harvest Way,E01017943,Cambridge 006A,Violence and sexual offences,Court result unavailable,
be7f82d7ee5602ce6002472236fea3fe58eb89b9b2efa1cd6aa4a566cac2b554,2022-06,Cambridgeshire Constabulary,Cambridgeshire Constabulary,0.140839,52.208427,On or near Harvest Way,E01017943,Cambridge 006A,Violence and sexual offences,Unable to prosecute suspect,
849583f48ee684a34b3d6132f22d6b3c812ee2300c647fb70702da7e7a764d63,2022-06,Cambridgeshire Constabulary,Cambridgeshire Constabulary,0.137106,52.210851,On or near Walnut Tree Avenue,E01017943,Cambridge 006A,Violence and sexual offences,Investigation complete; no suspect identified,
7ab0f3e24c50e7504df787ded3aa1a0ef59a0e17c020949f9a6904cc6eff9a96,2022-06,Cambridgeshire Constabulary,Cambridgeshire Constabulary,0.140839,52.208427,On or near Harvest Way,E01017943,Cambridge 006A,Violence and sexual offences,Unable to prosecute suspect,
2123ed3ebc608c0029fd01725f5e831f248d10a332c5f6c82958f8f2ca3e2ff0,2022-06,Cambridgeshire Constabulary,Cambridgeshire Constabulary,0.146799,52.208184,On or near Henley Road,E01017943,Cambridge 006A,Violence and sexual offences,Investigation complete; no suspect identified,
3e361a64447328da16da6c9e18728332773e82f579301d0072929dbbcb2499fc,2022-06,Cambridgeshire Constabulary,Cambridgeshire Constabulary,0.140839,52.208427,On or near Harvest Way,E01017943,Cambridge 006A,Violence and sexual offences,Unable to prosecute suspect,
fcc3abe8b735b044334b004168e2570455f6868ba346b69aa6dc60454369216b,2022-06,Cambridgeshire Constabulary,Cambridgeshire Constabulary,0.142906,52.210314,On or near Rowlinson Way,E01017943,Cambridge 006A,Violence and sexual offences,Court result unavailable,
1b39c9e4d1f9daae2a2136a00468b3d730eac719773361f5c6d97e60fcf97c07,2022-06,Cambridgeshire Constabulary,Cambridgeshire Constabulary,0.137262,52.210749,On or near Parking Area,E01017943,Cambridge 006A,Other crime,Unable to prosecute suspect,
ce754f3b817ae578b80710c353e4bc86c387b2e992c685ba5a7c0d5c606d30a7,2022-06,Cambridgeshire Constabulary,Cambridgeshire Constabulary,0.140839,52.208427,On or near Harvest Way,E01017943,Cambridge 006A,Other crime,Court result unavailable,
,2022-06,Cambridgeshire Constabulary,Cambridgeshire Constabulary,0.162229,52.216993,On or near Headford Close,E01017944,Cambridge 006B,Anti-social behaviour,,
,2022-06,Cambridgeshire Constabulary,Cambridgeshire Constabulary,0.162229,52.216993,On or near Headford Close,E01017944,Cambridge 006B,Anti-social behaviour,,
,2022-06,Cambridgeshire Constabulary,Cambridgeshire Constabulary,0.162229,52.216993,On or near Headford Close,E01017944,Cambridge 006B,Anti-social behaviour,,
,2022-06,Cambridgeshire Constabulary,Cambridgeshire Constabulary,0.167443,52.217626,On or near Huntley Close,E01017944,Cambridge 006B,Anti-social behaviour,,
,2022-06,Cambridgeshire Constabulary,Cambridgeshire Constabulary,0.162229,52.216993,On or near Headford Close,E01017944,Cambridge 006B,Anti-social behaviour,,
a68589abeeedacd668cce3c4570285354102bfc99dc49c5797beb323232bbeeb,2022-06,Cambridgeshire Constabulary,Cambridgeshire Constabulary,0.164081,52.213821,On or near Ekin Road,E01017944,Cambridge 006B,Bicycle theft,Investigation complete; no suspect identified,
8da3b658a330091ee38a89d033f009dfd244bab3bfbc5967fcf285abf20141e3,2022-06,Cambridgeshire Constabulary,Cambridgeshire Constabulary,0.162229,52.216993,On or near Headford Close,E01017944,Cambridge 006B,Criminal damage and arson,Unable to prosecute suspect,
51810c75baf6ebb9ced25fc2605abb5c02a8d47c957bda537a528e0352987177,2022-06,Cambridgeshire Constabulary,Cambridgeshire Constabulary,0.164081,52.213821,On or near Ekin Road,E01017944,Cambridge 006B,Criminal damage and arson,Investigation complete; no suspect identified,
bcc34fa2f7d58fa11efa25d82d571f5de3090010584e85be52c380f8e6d546ac,2022-06,Cambridgeshire Constabulary,Cambridgeshire Constabulary,0.164081,52.213821,On or near Ekin Road,E01017944,Cambridge 006B,Public order,Investigation complete; no suspect identified,
41fcb4249a1d8236c6ad4ec9a4243924bb49610c3a5a98fb7aa5814428f80034,2022-06,Cambridgeshire Constabulary,Cambridgeshire Constabulary,0.162229,52.216993,On or near Headford Close,E01017944,Cambridge 006B,Public order,Unable to prosecute suspect,
7a5915fe8b1d9a5151f85b51e757dafd8c3653c377d38c39ad99baaa40667ef9,2022-06,Cambridgeshire Constabulary,Cambridgeshire Constabulary,0.162229,52.216993,On or near Headford Close,E01017944,Cambridge 006B,Public order,Unable to prosecute suspect,
612ce6e676d66645228e3e64e8ea58567f1ddfc18444d22a5c4fb7462aad6f84,2022-06,Cambridgeshire Constabulary,Cambridgeshire Constabulary,0.164081,52.213821,On or near Ekin Road,E01017944,Cambridge 006B,Theft from the person,Unable to prosecute suspect,
01160eeed8984cf2c3039247a5aa3c6489c939ae1fbe7cdfbcf60a79552b17f8,2022-06,Cambridgeshire Constabulary,Cambridgeshire Constabulary,0.162229,52.216993,On or near Headford Close,E01017944,Cambridge 006B,Violence and sexual offences,Unable to prosecute suspect,
37efacc50342e0490ce47ba0ef427fd978e194e4d31b6ebcf65b90ec97b609c8,2022-06,Cambridgeshire Constabulary,Cambridgeshire Constabulary,0.164081,52.213821,On or near Ekin Road,E01017944,Cambridge 006B,Violence and sexual offences,Unable to prosecute suspect,
3df2fcc25d37d3f7fde21d81c21172a2b05fb670407f085b56e51121c2310edd,2022-06,Cambridgeshire Constabulary,Cambridgeshire Constabulary,0.164081,52.213821,On or near Ekin Road,E01017944,Cambridge 006B,Violence and sexual offences,Unable to prosecute suspect,
a7ecae758b7d39805454401c8cd3ccd7247e70db35fa420321ca8061aa15b0d3,2022-06,Cambridgeshire Constabulary,Cambridgeshire Constabulary,0.162229,52.216993,On or near Headford Close,E01017944,Cambridge 006B,Violence and sexual offences,Unable to prosecute suspect,
ecdb825356c8d5c57ab0151413f49ca766461f5bbfbae46c8c957ffab40d7f2c,2022-06,Cambridgeshire Constabulary,Cambridgeshire Constabulary,0.164081,52.213821,On or near Ekin Road,E01017944,Cambridge 006B,Violence and sexual offences,Unable to prosecute suspect,
c404c3cfd3642981b18675c61180fae2b25dc00db1c6cd0ef7e068dfec4cd31a,2022-06,Cambridgeshire Constabulary,Cambridgeshire Constabulary,0.164081,52.213821,On or near Ekin Road,E01017944,Cambridge 006B,Violence and sexual offences,Unable to prosecute suspect,
,2022-06,Cambridgeshire Constabulary,Cambridgeshire Constabulary,0.147608,52.214329,On or near Grebe Court,E01017945,Cambridge 006C,Anti-social behaviour,,
,2022-06,Cambridgeshire Constabulary,Cambridgeshire Constabulary,0.156928,52.215148,On or near Ferndale Rise,E01017945,Cambridge 006C,Anti-social behaviour,,
,2022-06,Cambridgeshire Constabulary,Cambridgeshire Constabulary,0.146575,52.214168,On or near Oyster Row,E01017945,Cambridge 006C,Anti-social behaviour,,
9aab02f46b935bd1eeea934981bf8e64c9dd9df84c154e54958e48c8046e98f7,2022-06,Cambridgeshire Constabulary,Cambridgeshire Constabulary,0.155634,52.215325,On or near Maltings Place,E01017945,Cambridge 006C,Bicycle theft,Investigation complete; no suspect identified,
ee830f790c43dbdc425220426af416d1d2f4e3519b22b7beaf028967ae4500bc,2022-06,Cambridgeshire Constabulary,Cambridgeshire Constabulary,0.150695,52.214291,On or near Swann'S Road,E01017945,Cambridge 006C,Burglary,Investigation complete; no suspect identified,
ce23f0880cf7e974ae9a7e3476bf7cca7a8a9c8fe30a443ba701d6b26a890c54,2022-06,Cambridgeshire Constabulary,Cambridgeshire Constabulary,0.144030,52.213297,On or near St Bartholomew'S Court,E01017945,Cambridge 006C,Criminal damage and arson,Investigation complete; no suspect identified,
0694549cc644b0b56075f02298ee191aab3912fa1592b88b56385495217cade0,2022-06,Cambridgeshire Constabulary,Cambridgeshire Constabulary,0.157590,52.211593,On or near Elfleda Road,E01017945,Cambridge 006C,Other theft,Investigation complete; no suspect identified,
ed82ffd7ab1fa54270d48a8404c9e9fccea94bcd0729762e6a139a95d062042e,2022-06,Cambridgeshire Constabulary,Cambridgeshire Constabulary,0.148482,52.213648,On or near Garlic Row,E01017945,Cambridge 006C,Other theft,Investigation complete; no suspect identified,
a9da9e5658724d35634aab5c8fd38cda95122cb7693e2cb2282d82d0f31023a8,2022-06,Cambridgeshire Constabulary,Cambridgeshire Constabulary,0.158695,52.215062,On or near Ditton Fields,E01017945,Cambridge 006C,Public order,Investigation complete; no suspect identified,
64cb89ab5d0f485330777f4cbf4b49158a0222dfa35fbef8511c284d714f0684,2022-06,Cambridgeshire Constabulary,Cambridgeshire Constabulary,0.158695,52.215062,On or near Ditton Fields,E01017945,Cambridge 006C,Public order,Unable to prosecute suspect,
e4cab145999a4b48cbc0ac61fdfe3ebc533fc36459f8ab70ebc0b605e396ad3e,2022-06,Cambridgeshire Constabulary,Cambridgeshire Constabulary,0.144030,52.213297,On or near St Bartholomew'S Court,E01017945,Cambridge 006C,Vehicle crime,Investigation complete; no suspect identified,
ea015e77586434e0f3d73867cd481973c286943ce685beaec4aab68a7dc12855,2022-06,Cambridgeshire Constabulary,Cambridgeshire Constabulary,0.150695,52.214291,On or near Swann'S Road,E01017945,Cambridge 006C,Vehicle crime,Investigation complete; no suspect identified,
de2ec5ab189a81c432fa1f08621f6d6527475fd7cb8a4d7757a3670903189942,2022-06,Cambridgeshire Constabulary,Cambridgeshire Constabulary,0.147608,52.214329,On or near Grebe Court,E01017945,Cambridge 006C,Violence and sexual offences,Status update unavailable,
56da8fc472e6aa932d1f2d58167ed82aec051e7858f8b79a314aa83afae305b5,2022-06,Cambridgeshire Constabulary,Cambridgeshire Constabulary,0.144030,52.213297,On or near St Bartholomew'S Court,E01017945,Cambridge 006C,Violence and sexual offences,Investigation complete; no suspect identified,
45f3f73423d038da0fafd49a5663e7c38e41fa5b962833c3df29f80f26cbf5d0,2022-06,Cambridgeshire Constabulary,Cambridgeshire Constabulary,0.158695,52.215062,On or near Ditton Fields,E01017945,Cambridge 006C,Violence and sexual offences,Unable to prosecute suspect,
8b467f36faf27532c3b9aa584548a1ebce23f443fe9fe7b62de8a0949a0734f2,2022-06,Cambridgeshire Constabulary,Cambridgeshire Constabulary,0.154116,52.212097,On or near Sports/Recreation Area,E01017945,Cambridge 006C,Violence and sexual offences,Unable to prosecute suspect,
362f561885509e92a56a69a9f12d9aa4c313e8c9f840061128b2a95a7da3a063,2022-06,Cambridgeshire Constabulary,Cambridgeshire Constabulary,0.158695,52.215062,On or near Ditton Fields,E01017945,Cambridge 006C,Violence and sexual offences,Awaiting court outcome,
dab8af67d95e47133b89e1d8c7b4a6c02944eca01308fe0eab1328e2eeefbd3f,2022-06,Cambridgeshire Constabulary,Cambridgeshire Constabulary,0.158695,52.215062,On or near Ditton Fields,E01017945,Cambridge 006C,Violence and sexual offences,Status update unavailable,
23066a6c61a86c424d8d8caaae0a31eb2d5d3313274a2f5a707be8b3c47eeb06,2022-06,Cambridgeshire Constabulary,Cambridgeshire Constabulary,0.144030,52.213297,On or near St Bartholomew'S Court,E01017945,Cambridge 006C,Violence and sexual offences,Investigation complete; no suspect identified,
65616e6fff40d63b4312a4723806990de60407f4735d2349136ea35bf2f8517f,2022-06,Cambridgeshire Constabulary,Cambridgeshire Constabulary,0.158695,52.215062,On or near Ditton Fields,E01017945,Cambridge 006C,Violence and sexual offences,Status update unavailable,
d1b48e5fe2a0b2d1b1eec4ebe87ede0350ea424e6fd9da37aed04e39cf17fae9,2022-06,Cambridgeshire Constabulary,Cambridgeshire Constabulary,0.162534,52.214830,On or near Wadloes Road,E01017946,Cambridge 006D,Drugs,Offender given a caution,
b64e6279338b2b45a1781a16613b7db339d10f83a5dce3ad2b18d0db904752ef,2022-06,Cambridgeshire Constabulary,Cambridgeshire Constabulary,0.160838,52.212154,On or near Malden Close,E01017946,Cambridge 006D,Other theft,Investigation complete; no suspect identified,
046b317a5908a90391f4c7bd9f76d375b74423d422b0d34f0f2a2f12047ce6a3,2022-06,Cambridgeshire Constabulary,Cambridgeshire Constabulary,0.157341,52.212785,On or near Newmarket Road,E01017946,Cambridge 006D,Public order,Unable to prosecute suspect,
77e5ac5ff7b5ef42a0f47c45aa9099e739091a7bf7ea831efa0dfecf1eea1004,2022-06,Cambridgeshire Constabulary,Cambridgeshire Constabulary,0.157341,52.212785,On or near Newmarket Road,E01017946,Cambridge 006D,Public order,Investigation complete; no suspect identified,
eb8709a183ed064f4e57ba04c81e351cd89d526d3ad209c97062c99d5cf444ba,2022-06,Cambridgeshire Constabulary,Cambridgeshire Constabulary,0.162534,52.214830,On or near Wadloes Road,E01017946,Cambridge 006D,Violence and sexual offences,Unable to prosecute suspect,
4e2233ec8193d9809e7302b82cbac5ec44a7358542699a2fe76e7d4bc197a987,2022-06,Cambridgeshire Constabulary,Cambridgeshire Constabulary,0.158815,52.210285,On or near Stanesfield Road,E01017946,Cambridge 006D,Violence and sexual offences,Unable to prosecute suspect,
d47e49cb8c7b7364f735848de0d7a4d395b71b03c7ba8212b3896d3cd5aa7d93,2022-06,Cambridgeshire Constabulary,Cambridgeshire Constabulary,0.162534,52.214830,On or near Wadloes Road,E01017946,Cambridge 006D,Violence and sexual offences,Investigation complete; no suspect identified,
dc35e0f914bac92a15a53cf5473f834e082683ea30764a99227175d03e541408,2022-06,Cambridgeshire Constabulary,Cambridgeshire Constabulary,0.158386,52.210490,On or near Stanesfield Close,E01017946,Cambridge 006D,Other crime,Unable to prosecute suspect,
,2022-06,Cambridgeshire Constabulary,Cambridgeshire Constabulary,0.164654,52.208146,On or near Barnes Close,E01017947,Cambridge 006E,Anti-social behaviour,,
,2022-06,Cambridgeshire Constabulary,Cambridgeshire Constabulary,0.164654,52.208146,On or near Barnes Close,E01017947,Cambridge 006E,Anti-social behaviour,,
,2022-06,Cambridgeshire Constabulary,Cambridgeshire Constabulary,0.165866,52.209589,On or near Peverel Road,E01017947,Cambridge 006E,Anti-social behaviour,,
,2022-06,Cambridgeshire Constabulary,Cambridgeshire Constabulary,0.164654,52.208146,On or near Barnes Close,E01017947,Cambridge 006E,Anti-social behaviour,,
a7e36d392ca2a879f2fa0ff76fb068c6fe156302e6edecacc23464adfc8b84ca,2022-06,Cambridgeshire Constabulary,Cambridgeshire Constabulary,0.167071,52.213002,On or near Parking Area,E01017947,Cambridge 006E,Criminal damage and arson,Investigation complete; no suspect identified,
511816bffa20d21c031d988fd5fb9fafdbba0d4f4fb2eeb1889961abf2547d91,2022-06,Cambridgeshire Constabulary,Cambridgeshire Constabulary,0.160839,52.207352,On or near Galfrid Close,E01017947,Cambridge 006E,Criminal damage and arson,Investigation complete; no suspect identified,
00bca6b25d1fc60639fb6a1c00eb3806cefab699adeab1c34ba765690c16482c,2022-06,Cambridgeshire Constabulary,Cambridgeshire Constabulary,0.160839,52.207352,On or near Galfrid Close,E01017947,Cambridge 006E,Criminal damage and arson,Status update unavailable,
8aaaca147f77cd0031edc84e2cbda0e81891e98c135d88882c3c4384aa6cd68a,2022-06,Cambridgeshire Constabulary,Cambridgeshire Constabulary,0.164654,52.208146,On or near Barnes Close,E01017947,Cambridge 006E,Drugs,Court result unavailable,
482f30c5d542215186022701072a45d087b93e2bd564ea82ad0a867440b1fa21,2022-06,Cambridgeshire Constabulary,Cambridgeshire Constabulary,0.160549,52.208302,On or near Galfrid Road,E01017947,Cambridge 006E,Vehicle crime,Unable to prosecute suspect,
a719c9d11ff7e2117806bf7deb0c5ae7acde1b3860e6f4ae6f9301c36c39afe7,2022-06,Cambridgeshire Constabulary,Cambridgeshire Constabulary,0.163618,52.206699,On or near Barnwell Road,E01017947,Cambridge 006E,Violence and sexual offences,Unable to prosecute suspect,
1231b11e09501cd616ffbec07abc95832a3e8549e0fb3d7bdced26aa10c6bf6c,2022-06,Cambridgeshire Constabulary,Cambridgeshire Constabulary,0.162047,52.209929,On or near Rayson Way,E01017947,Cambridge 006E,Violence and sexual offences,Unable to prosecute suspect,
2d0177bf765459adf07c501da36e1d416f48add1e050b86958f4ee7775981ed9,2022-06,Cambridgeshire Constabulary,Cambridgeshire Constabulary,0.164654,52.208146,On or near Barnes Close,E01017947,Cambridge 006E,Violence and sexual offences,Unable to prosecute suspect,
eec9ecbbc6da4fd31a26df0937192053a5d2849b927cb71233b997f2307d5c0c,2022-06,Cambridgeshire Constabulary,Cambridgeshire Constabulary,0.164654,52.208146,On or near Barnes Close,E01017947,Cambridge 006E,Violence and sexual offences,Unable to prosecute suspect,
f2cda6c48c4d864f39fd731c9bf44da90307eff8a654c8d6622ea35f76eae99d,2022-06,Cambridgeshire Constabulary,Cambridgeshire Constabulary,0.163618,52.206699,On or near Barnwell Road,E01017947,Cambridge 006E,Violence and sexual offences,Unable to prosecute suspect,
7a8be309503ebf4f38552ce0fd007c06504d733c412e6a9924413999d7e0cb9a,2022-06,Cambridgeshire Constabulary,Cambridgeshire Constabulary,0.160839,52.207352,On or near Galfrid Close,E01017947,Cambridge 006E,Violence and sexual offences,Status update unavailable,
ccb7a822fa4c235e609f849e53cf87e6bceb4833a41e64c14957fe0fb083140e,2022-06,Cambridgeshire Constabulary,Cambridgeshire Constabulary,0.165855,52.209967,On or near Latimer Close,E01017947,Cambridge 006E,Violence and sexual offences,Unable to prosecute suspect,
fa3c280785c67ae7a0cef5c1de57a80870e73f371b078196e02a8778e3666be6,2022-06,Cambridgeshire Constabulary,Cambridgeshire Constabulary,0.164654,52.208146,On or near Barnes Close,E01017947,Cambridge 006E,Violence and sexual offences,Court result unavailable,
8ee7eb0da98d1fa413f0f0884a72e3d57203970f056024f6d7bff5fd91b8997b,2022-06,Cambridgeshire Constabulary,Cambridgeshire Constabulary,0.164654,52.208146,On or near Barnes Close,E01017947,Cambridge 006E,Violence and sexual offences,Unable to prosecute suspect,
37e7d69e474a8854b6e8d2d2b4d32267acf1acedc507ab71465cc5c516bb0925,2022-06,Cambridgeshire Constabulary,Cambridgeshire Constabulary,0.164654,52.208146,On or near Barnes Close,E01017947,Cambridge 006E,Violence and sexual offences,Unable to prosecute suspect,
4cded774275f1f2801890b942d43b21418320bec0b1dc07f08f811e5dba5d0ef,2022-06,Cambridgeshire Constabulary,Cambridgeshire Constabulary,0.164392,52.209994,On or near Peverel Close,E01017947,Cambridge 006E,Other crime,Investigation complete; no suspect identified,
87194a7ffe8d4596d6e54cd6719a8f3473d1637a534293afc0bc0f4d27c45df1,2022-06,Cambridgeshire Constabulary,Cambridgeshire Constabulary,0.162047,52.209929,On or near Rayson Way,E01017947,Cambridge 006E,Other crime,Court result unavailable,
,2022-06,Cambridgeshire Constabulary,Cambridgeshire Constabulary,0.171676,52.214671,On or near Brentwood Close,E01017948,Cambridge 006F,Anti-social behaviour,,
6b39da6af6e81564d792ac11cfb1b367d8ca51399a2ae5b3a5d58687166b12b5,2022-06,Cambridgeshire Constabulary,Cambridgeshire Constabulary,0.171676,52.214671,On or near Brentwood Close,E01017948,Cambridge 006F,Burglary,Investigation complete; no suspect identified,
fb2291277141c37309aacd7b69a0c72ceb2d6b1030fccfcd38311db3a6991940,2022-06,Cambridgeshire Constabulary,Cambridgeshire Constabulary,0.171676,52.214671,On or near Brentwood Close,E01017948,Cambridge 006F,Criminal damage and arson,Unable to prosecute suspect,
d6bb9c3cc2237f976d7c8d32a2d9f87cdc5b3bdb96448435ea43bbddaab19414,2022-06,Cambridgeshire Constabulary,Cambridgeshire Constabulary,0.171458,52.216518,On or near Ann'S Road,E01017948,Cambridge 006F,Vehicle crime,Investigation complete; no suspect identified,
84080259d3b90c46a1b1e0525cbf808c0d80af48e2a241910b6b72ce43a7ca34,2022-06,Cambridgeshire Constabulary,Cambridgeshire Constabulary,0.175143,52.217026,On or near Tiptree Close,E01017948,Cambridge 006F,Violence and sexual offences,Unable to prosecute suspect,
ed305fb58ce6fbdf7eabe74b6587bb6f626e0fde1f0622ba6ee18837678c0a59,2022-06,Cambridgeshire Constabulary,Cambridgeshire Constabulary,0.169992,52.217067,On or near Dunsmore Close,E01017948,Cambridge 006F,Violence and sexual offences,Unable to prosecute suspect,
d3bbac401da7704e6c2af893afad297cd9e13bb72e165669b3298a0280eeae55,2022-06,Cambridgeshire Constabulary,Cambridgeshire Constabulary,0.172675,52.215345,On or near Thorpe Way,E01017948,Cambridge 006F,Violence and sexual offences,Unable to prosecute suspect,
4e0a5d6a7e2ab22980d28d9d8bd9420984a198bebc5f1dec79f8d60db6ee116b,2022-06,Cambridgeshire Constabulary,Cambridgeshire Constabulary,0.170325,52.215181,On or near Coggeshall Close,E01017948,Cambridge 006F,Violence and sexual offences,Unable to prosecute suspect,
2052877116ef7f2dbe5f8f220d00e1c20fa242de0d0642136de674e87e84fbfa,2022-06,Cambridgeshire Constabulary,Cambridgeshire Constabulary,0.169174,52.216506,On or near Ditton Lane,E01017948,Cambridge 006F,Other crime,Unable to prosecute suspect,
,2022-06,Cambridgeshire Constabulary,Cambridgeshire Constabulary,0.133349,52.206063,On or near Burleigh Place,E01017983,Cambridge 007C,Anti-social behaviour,,
,2022-06,Cambridgeshire Constabulary,Cambridgeshire Constabulary,0.129460,52.207069,On or near Fair Court,E01017983,Cambridge 007C,Anti-social behaviour,,
,2022-06,Cambridgeshire Constabulary,Cambridgeshire Constabulary,0.132022,52.206168,On or near Shopping Area,E01017983,Cambridge 007C,Anti-social behaviour,,
,2022-06,Cambridgeshire Constabulary,Cambridgeshire Constabulary,0.129772,52.208385,On or near Brunswick Gardens,E01017983,Cambridge 007C,Anti-social behaviour,,
,2022-06,Cambridgeshire Constabulary,Cambridgeshire Constabulary,0.132942,52.204911,On or near Parking Area,E01017983,Cambridge 007C,Anti-social behaviour,,
,2022-06,Cambridgeshire Constabulary,Cambridgeshire Constabulary,0.134365,52.207115,On or near Parking Area,E01017983,Cambridge 007C,Anti-social behaviour,,
,2022-06,Cambridgeshire Constabulary,Cambridgeshire Constabulary,0.132942,52.204911,On or near Parking Area,E01017983,Cambridge 007C,Anti-social behaviour,,
,2022-06,Cambridgeshire Constabulary,Cambridgeshire Constabulary,0.133154,52.206570,On or near Shopping Area,E01017983,Cambridge 007C,Anti-social behaviour,,
,2022-06,Cambridgeshire Constabulary,Cambridgeshire Constabulary,0.133154,52.206570,On or near Shopping Area,E01017983,Cambridge 007C,Anti-social behaviour,,
87f41176b5626bd585381147c49157efb70d11afa2980a2421428be9197b9b7e,2022-06,Cambridgeshire Constabulary,Cambridgeshire Constabulary,0.135288,52.207746,On or near Wellington Court,E01017983,Cambridge 007C,Bicycle theft,Investigation complete; no suspect identified,
81ba3e799f7fdd9cc605b2f128de948a25baf2fa935537eff5b4ba62523a7489,2022-06,Cambridgeshire Constabulary,Cambridgeshire Constabulary,0.129460,52.207069,On or near Fair Court,E01017983,Cambridge 007C,Bicycle theft,Investigation complete; no suspect identified,
0f4cad66b38a7fb1289d416f79f750a2c0f27acd0bda1f4b297a13cde31d64d4,2022-06,Cambridgeshire Constabulary,Cambridgeshire Constabulary,0.130556,52.207346,On or near Parking Area,E01017983,Cambridge 007C,Bicycle theft,Investigation complete; no suspect identified,
f16531ff0d20cbf03c7ae23bb35762f0e9e55630a22f9c8a1fedb99e1c93758d,2022-06,Cambridgeshire Constabulary,Cambridgeshire Constabulary,0.129460,52.207069,On or near Fair Court,E01017983,Cambridge 007C,Bicycle theft,Court result unavailable,
1aad01fc20ba6107c4778f4a19f187a165f09c4d48d2629459de226bc0bfb197,2022-06,Cambridgeshire Constabulary,Cambridgeshire Constabulary,0.132157,52.205626,On or near Paradise Street,E01017983,Cambridge 007C,Burglary,Investigation complete; no suspect identified,
df465557bf81e5768f2355e591b9de6f502736ff8a386cf9fbd711c9d2bd7126,2022-06,Cambridgeshire Constabulary,Cambridgeshire Constabulary,0.134365,52.207115,On or near Parking Area,E01017983,Cambridge 007C,Burglary,Investigation complete; no suspect identified,
526a63f8c9c13e31953baf08ce8b8286d5f007d68331f4ced03f7142e168ca5d,2022-06,Cambridgeshire Constabulary,Cambridgeshire Constabulary,0.131127,52.205825,On or near City Road,E01017983,Cambridge 007C,Burglary,Investigation complete; no suspect identified,
d5b846be83890c055e62b92613c6c9c059e26c0f0b0a0407155959f38e19a242,2022-06,Cambridgeshire Constabulary,Cambridgeshire Constabulary,0.131835,52.208680,On or near Parsonage Street,E01017983,Cambridge 007C,Drugs,Offender given a caution,
9bc1522618eca3c02c9610cd2d8fc2d86c737daf9af44dbdca0ac0bf32cbffca,2022-06,Cambridgeshire Constabulary,Cambridgeshire Constabulary,0.132439,52.207231,On or near Grafton Centre,E01017983,Cambridge 007C,Other theft,Investigation complete; no suspect identified,
b3773c2adea0feabb430340383a5b6bc23ca05c500ef3b564424d65241b1674f,2022-06,Cambridgeshire Constabulary,Cambridgeshire Constabulary,0.132942,52.204911,On or near Parking Area,E01017983,Cambridge 007C,Other theft,Investigation complete; no suspect identified,
75235626ad51ab5f42a9c7b4e6e967444b2088e820ff44cfb2635b4894423add,2022-06,Cambridgeshire Constabulary,Cambridgeshire Constabulary,0.127920,52.204857,On or near Clarendon Street,E01017983,Cambridge 007C,Other theft,Investigation complete; no suspect identified,
8f2b9f752451760901d72c918b112f07cf87676b3e87cef68e242a313a5ab78d,2022-06,Cambridgeshire Constabulary,Cambridgeshire Constabulary,0.136441,52.209190,On or near Further/Higher Educational Building,E01017983,Cambridge 007C,Other theft,Investigation complete; no suspect identified,
dee819f7a98e119fa1052b172a6d8baa8f7b65f8ddfa298b538f6e351e978bff,2022-06,Cambridgeshire Constabulary,Cambridgeshire Constabulary,0.133154,52.206570,On or near Shopping Area,E01017983,Cambridge 007C,Other theft,Investigation complete; no suspect identified,
53b90ddc935a21d7886768dd9805c17be6146e25dcefe947528dd301880b3614,2022-06,Cambridgeshire Constabulary,Cambridgeshire Constabulary,0.134073,52.206212,On or near Shopping Area,E01017983,Cambridge 007C,Other theft,Investigation complete; no suspect identified,
2df6424abd34c773f496ef6608c72a15cc1f23ea489d6db5b9b067fcc8cbcdf2,2022-06,Cambridgeshire Constabulary,Cambridgeshire Constabulary,0.131835,52.208680,On or near Parsonage Street,E01017983,Cambridge 007C,Possession of weapons,Offender given a caution,
7d0f14acf5707cdc1d1d3b3adaa38ae90eb8606b4a69dec3bbf04de4de17b6f2,2022-06,Cambridgeshire Constabulary,Cambridgeshire Constabulary,0.130113,52.205735,On or near Eden Street,E01017983,Cambridge 007C,Public order,Court result unavailable,
ac31805f45c931baa628f4cce4fa41ae47614e8a5650503aadf44fd39ac8a22a,2022-06,Cambridgeshire Constabulary,Cambridgeshire Constabulary,0.132079,52.207660,On or near James Street,E01017983,Cambridge 007C,Public order,Unable to prosecute suspect,
9bc2dc21222304d29de8073f18bafc159f96d98c0ec580a7357b3b6aa7a42ac6,2022-06,Cambridgeshire Constabulary,Cambridgeshire Constabulary,0.129460,52.207069,On or near Fair Court,E01017983,Cambridge 007C,Public order,Court result unavailable,
077c00d3530c13ceb76b9ef90f96e1841608041a789828111a73a791217b516b,2022-06,Cambridgeshire Constabulary,Cambridgeshire Constabulary,0.129772,52.208385,On or near Brunswick Gardens,E01017983,Cambridge 007C,Public order,Investigation complete; no suspect identified,
8238cff61150018aec1147241cfca5c183d748027bdea11cf3982facdd7e5d23,2022-06,Cambridgeshire Constabulary,Cambridgeshire Constabulary,0.132022,52.206168,On or near Shopping Area,E01017983,Cambridge 007C,Public order,Investigation complete; no suspect identified,
9f7c9296ca40c4a314f38f4db8b435438889c84be9ff5ce9191ecca8d2752e12,2022-06,Cambridgeshire Constabulary,Cambridgeshire Constabulary,0.129772,52.208385,On or near Brunswick Gardens,E01017983,Cambridge 007C,Public order,Investigation complete; no suspect identified,
cd4040288a05478a612b4b1a12ce70a025e989f61d6970c309a647634ab9aeb3,2022-06,Cambridgeshire Constabulary,Cambridgeshire Constabulary,0.135288,52.207746,On or near Wellington Court,E01017983,Cambridge 007C,Public order,Unable to prosecute suspect,
15a9d60e89b1530524ee3f7af0ff62733dea83b97dd88796646e91b5c26eedf4,2022-06,Cambridgeshire Constabulary,Cambridgeshire Constabulary,0.132439,52.207231,On or near Grafton Centre,E01017983,Cambridge 007C,Robbery,Unable to prosecute suspect,
8179e94f6516eff55995ef6f418545cd344ce2bb3922097dd91d2d969807d465,2022-06,Cambridgeshire Constabulary,Cambridgeshire Constabulary,0.129460,52.207069,On or near Fair Court,E01017983,Cambridge 007C,Robbery,Unable to prosecute suspect,
3e2a006c46ccd3557ebf0876ff598f592519684023d1b1eda5d20661c4430af9,2022-06,Cambridgeshire Constabulary,Cambridgeshire Constabulary,0.129460,52.207069,On or near Fair Court,E01017983,Cambridge 007C,Shoplifting,Investigation complete; no suspect identified,
05f4796de2593bd397e0fe6b9a9c58797b70ea9f4a345b7e6a3e0437a00888eb,2022-06,Cambridgeshire Constabulary,Cambridgeshire Constabulary,0.129460,52.207069,On or near Fair Court,E01017983,Cambridge 007C,Shoplifting,Investigation complete; no suspect identified,
62ee5c8bc01b105e71ea160a46ece342d48c78f1cd27163de84038fba7f0c05f,2022-06,Cambridgeshire Constabulary,Cambridgeshire Constabulary,0.129460,52.207069,On or near Fair Court,E01017983,Cambridge 007C,Shoplifting,Investigation complete; no suspect identified,
579e96a32a08373240980796459019255c735f1283e100014ddf0e02b12c1b8b,2022-06,Cambridgeshire Constabulary,Cambridgeshire Constabulary,0.132942,52.204911,On or near Parking Area,E01017983,Cambridge 007C,Shoplifting,Investigation complete; no suspect identified,
fd3a1f642854a80ad9084c22112b7653a7c8e702871893b065916ecb616c048b,2022-06,Cambridgeshire Constabulary,Cambridgeshire Constabulary,0.129460,52.207069,On or near Fair Court,E01017983,Cambridge 007C,Shoplifting,Unable to prosecute suspect,
92ee13c13df7163f8e508ebc77b4927938a46c481014a50b6c569b548ef7562c,2022-06,Cambridgeshire Constabulary,Cambridgeshire Constabulary,0.129460,52.207069,On or near Fair Court,E01017983,Cambridge 007C,Shoplifting,Investigation complete; no suspect identified,
b2f21832230f63f85c84f23a1c9419625d36c006ae651449f0ebd97c6b5dfa73,2022-06,Cambridgeshire Constabulary,Cambridgeshire Constabulary,0.129460,52.207069,On or near Fair Court,E01017983,Cambridge 007C,Shoplifting,Investigation complete; no suspect identified,
afe3d84c8b8824c9784e6cf49e08796c3b7d92358350c2df4beee58a21a05543,2022-06,Cambridgeshire Constabulary,Cambridgeshire Constabulary,0.129460,52.207069,On or near Fair Court,E01017983,Cambridge 007C,Shoplifting,Court result unavailable,
7fc2b06b91332ac48905f3199fa21bad1927470b253114191465aa999b6d309d,2022-06,Cambridgeshire Constabulary,Cambridgeshire Constabulary,0.132022,52.206168,On or near Shopping Area,E01017983,Cambridge 007C,Shoplifting,Investigation complete; no suspect identified,
7ee5859e9ddae058cae523c6dcf255abf2ecfc3276497d62052c02536ceefb1d,2022-06,Cambridgeshire Constabulary,Cambridgeshire Constabulary,0.129460,52.207069,On or near Fair Court,E01017983,Cambridge 007C,Shoplifting,Investigation complete; no suspect identified,
ea95172d7590fd576c801bcef3039ea437f009e6d949571c100e48310c91ecd4,2022-06,Cambridgeshire Constabulary,Cambridgeshire Constabulary,0.132439,52.207231,On or near Grafton Centre,E01017983,Cambridge 007C,Theft from the person,Investigation complete; no suspect identified,
102bc8868376f9dacf9fc3663e9fcce3f21146d7f51d2a613fb340d8fce224f9,2022-06,Cambridgeshire Constabulary,Cambridgeshire Constabulary,0.132439,52.207231,On or near Grafton Centre,E01017983,Cambridge 007C,Vehicle crime,Investigation complete; no suspect identified,
3049c38bbad6ad5c6e15ba4d3c56bb849341ca08629ea6f8dac5816adf4b3721,2022-06,Cambridgeshire Constabulary,Cambridgeshire Constabulary,0.135572,52.206347,On or near East Road,E01017983,Cambridge 007C,Vehicle crime,Investigation complete; no suspect identified,
60b044d7d3e519371f2385c3c7092908a1f950880bb7b892a7872f2e10d2018b,2022-06,Cambridgeshire Constabulary,Cambridgeshire Constabulary,0.131580,52.204890,On or near John Street,E01017983,Cambridge 007C,Vehicle crime,Investigation complete; no suspect identified,
d24a1c577403e1f31ce06bc07953d39331b68216672d023602b56de87d357904,2022-06,Cambridgeshire Constabulary,Cambridgeshire Constabulary,0.130556,52.207346,On or near Parking Area,E01017983,Cambridge 007C,Vehicle crime,Investigation complete; no suspect identified,
669a2d58b15eecfa765ac3a188662dc00df7d13851a16ba37b6832f187e2024e,2022-06,Cambridgeshire Constabulary,Cambridgeshire Constabulary,0.132079,52.207660,On or near James Street,E01017983,Cambridge 007C,Vehicle crime,Investigation complete; no suspect identified,
3087b64f07c58633c5ed71777a84ccefd3f35022157a4fd90d389d7a09a336b3,2022-06,Cambridgeshire Constabulary,Cambridgeshire Constabulary,0.127920,52.204857,On or near Clarendon Street,E01017983,Cambridge 007C,Violence and sexual offences,Unable to prosecute suspect,
65a0ba7b3c000448da006e379c2634c66e5caf098c041d716ed515dfa8547578,2022-06,Cambridgeshire Constabulary,Cambridgeshire Constabulary,0.129687,52.207838,On or near Maids Causeway,E01017983,Cambridge 007C,Violence and sexual offences,Unable to prosecute suspect,
3a0d233746d01ebea902285088059bca14707186230073825908bc0ac1ca4e06,2022-06,Cambridgeshire Constabulary,Cambridgeshire Constabulary,0.132022,52.206168,On or near Shopping Area,E01017983,Cambridge 007C,Violence and sexual offences,Investigation complete; no suspect identified,
6aef2c5f3f7552f1a8136ff969b6baaa43bd26d1f4a0d5bb69ad19fcd0df3eba,2022-06,Cambridgeshire Constabulary,Cambridgeshire Constabulary,0.129772,52.208385,On or near Brunswick Gardens,E01017983,Cambridge 007C,Violence and sexual offences,Unable to prosecute suspect,
ab3f21b267c5f0433469e6c8aa0ea46438d45bab289678436dc02b7880558e42,2022-06,Cambridgeshire Constabulary,Cambridgeshire Constabulary,0.130113,52.205735,On or near Eden Street,E01017983,Cambridge 007C,Violence and sexual offences,Court result unavailable,
796bace57c9300ddb30f09dad8dae53b21ea4b2b80052869b508b9fcf2ce4ea4,2022-06,Cambridgeshire Constabulary,Cambridgeshire Constabulary,0.135572,52.206347,On or near East Road,E01017983,Cambridge 007C,Violence and sexual offences,Unable to prosecute suspect,
3e5e553ccbfcc49c4628f01ea308567cb9bea49e2e7cbdec9d7fcc2e05ebe193,2022-06,Cambridgeshire Constabulary,Cambridgeshire Constabulary,0.132022,52.206168,On or near Shopping Area,E01017983,Cambridge 007C,Violence and sexual offences,Formal action is not in the public interest,
5adbabd2f7599b48bc6df3bcd1ebea56b984c5f9e25ad5d44af74c5db985f507,2022-06,Cambridgeshire Constabulary,Cambridgeshire Constabulary,0.131835,52.208680,On or near Parsonage Street,E01017983,Cambridge 007C,Violence and sexual offences,Investigation complete; no suspect identified,
5cc182e6d5c829614d3460e914676b4e56051bd191bd7d84b2b06d51af27cae6,2022-06,Cambridgeshire Constabulary,Cambridgeshire Constabulary,0.129772,52.208385,On or near Brunswick Gardens,E01017983,Cambridge 007C,Violence and sexual offences,Unable to prosecute suspect,
be340b6ffd431f40431645410769f66ec1df9312d9fc80e4805e83df7afc6686,2022-06,Cambridgeshire Constabulary,Cambridgeshire Constabulary,0.129772,52.208385,On or near Brunswick Gardens,E01017983,Cambridge 007C,Violence and sexual offences,Investigation complete; no suspect identified,
7ccf838f36311426a2c1aebe7913a99fc8e6cc0510ed3e42f3e65fbcb6336e96,2022-06,Cambridgeshire Constabulary,Cambridgeshire Constabulary,0.129772,52.208385,On or near Brunswick Gardens,E01017983,Cambridge 007C,Violence and sexual offences,Investigation complete; no suspect identified,
85963d27e337e7142ce40bcdbb24bf0b197c8e3550fa8588a81df8d193422cd5,2022-06,Cambridgeshire Constabulary,Cambridgeshire Constabulary,0.129772,52.208385,On or near Brunswick Gardens,E01017983,Cambridge 007C,Violence and sexual offences,Investigation complete; no suspect identified,
79f8a56d434ba16e2cda107876c9304a6c946a4af0b3cf69bc8eb7345db8c004,2022-06,Cambridgeshire Constabulary,Cambridgeshire Constabulary,0.129772,52.208385,On or near Brunswick Gardens,E01017983,Cambridge 007C,Violence and sexual offences,Investigation complete; no suspect identified,
df75354714423e9ded430bfa5fac382d57ecd4dd68262f35e9df99daf701c7a7,2022-06,Cambridgeshire Constabulary,Cambridgeshire Constabulary,0.129772,52.208385,On or near Brunswick Gardens,E01017983,Cambridge 007C,Violence and sexual offences,Unable to prosecute suspect,
cf55aa72fa2ce9c69556c2bce59bc9828c3626f3c3616178337b93b752f76108,2022-06,Cambridgeshire Constabulary,Cambridgeshire Constabulary,0.130113,52.205735,On or near Eden Street,E01017983,Cambridge 007C,Violence and sexual offences,Court result unavailable,
8f59ea65d4f3f595eaa957489d1cb82201993713e47d378d96c48ef16a6f3e76,2022-06,Cambridgeshire Constabulary,Cambridgeshire Constabulary,0.129460,52.207069,On or near Fair Court,E01017983,Cambridge 007C,Other crime,Court result unavailable,
b1305e066ef0d8f8fc19c7e72296625784860d569150c66a851ccd7d11e95d86,2022-06,Cambridgeshire Constabulary,Cambridgeshire Constabulary,0.106109,52.193326,On or near South Green Road,E01017984,Cambridge 007D,Bicycle theft,Investigation complete; no suspect identified,
7b6d38b6500a0d522d2d89c92467fb5e37333b77546acc341982d8928de4ba8d,2022-06,Cambridgeshire Constabulary,Cambridgeshire Constabulary,0.095353,52.209774,On or near The Lawns,E01017984,Cambridge 007D,Bicycle theft,Investigation complete; no suspect identified,
1ba51f3e5b76f9f8cbc768d06e5fd35e0fb89f92136fa0c4ca9932952b098331,2022-06,Cambridgeshire Constabulary,Cambridgeshire Constabulary,0.099049,52.196886,On or near Park/Open Space,E01017984,Cambridge 007D,Violence and sexual offences,Unable to prosecute suspect,
e5aa86e25d01b020725ade902b06e67b5b3284425202b6a1c1cd892a2350a109,2022-06,Cambridgeshire Constabulary,Cambridgeshire Constabulary,0.106109,52.193326,On or near South Green Road,E01017984,Cambridge 007D,Violence and sexual offences,Investigation complete; no suspect identified,
,2022-06,Cambridgeshire Constabulary,Cambridgeshire Constabulary,0.114773,52.195221,On or near Parking Area,E01017985,Cambridge 007E,Anti-social behaviour,,
,2022-06,Cambridgeshire Constabulary,Cambridgeshire Constabulary,0.111468,52.197420,On or near Newnham Road,E01017985,Cambridge 007E,Anti-social behaviour,,
8e7a3f61a6773307338c77ad2ae588e32b4a39251e49ad560b65c2bd64ef64d5,2022-06,Cambridgeshire Constabulary,Cambridgeshire Constabulary,0.113681,52.199341,On or near Newnham Road,E01017985,Cambridge 007E,Burglary,Investigation complete; no suspect identified,
dfa9fb2ac3cbcbcded0ada98c2e6fdf5de63cbfcb9df7d7d7506a6e47850ec6b,2022-06,Cambridgeshire Constabulary,Cambridgeshire Constabulary,0.110175,52.195141,On or near Grantchester Street,E01017985,Cambridge 007E,Burglary,Unable to prosecute suspect,
65bb520103740c8eb26688cb814b807aef71e1b1c77e2a9803e40bdaced4cc5c,2022-06,Cambridgeshire Constabulary,Cambridgeshire Constabulary,0.110175,52.195141,On or near Grantchester Street,E01017985,Cambridge 007E,Other theft,Investigation complete; no suspect identified,
84f46e1be400f338c69e88eaee175e46b7b7a09c2345e237c36fa5cbd7979f5a,2022-06,Cambridgeshire Constabulary,Cambridgeshire Constabulary,0.113307,52.194842,On or near Sports/Recreation Area,E01017985,Cambridge 007E,Robbery,Court result unavailable,
7472550dac97878b0309a36fe687ab298c57c010b001a7b468f66de0ee463e51,2022-06,Cambridgeshire Constabulary,Cambridgeshire Constabulary,0.104243,52.196263,On or near King'S Road,E01017985,Cambridge 007E,Vehicle crime,Investigation complete; no suspect identified,
3c1cb8c156cfb4596fedbc35939443e8009d64bf9a02802fcb90574386564487,2022-06,Cambridgeshire Constabulary,Cambridgeshire Constabulary,0.110864,52.195165,On or near Chedworth Street,E01017985,Cambridge 007E,Violence and sexual offences,Unable to prosecute suspect,
c24461a1a296aa8cd9124b4e91a5e6ed7e31e1934096d19b04788c68c6269c02,2022-06,Cambridgeshire Constabulary,Cambridgeshire Constabulary,0.104243,52.196263,On or near King'S Road,E01017985,Cambridge 007E,Violence and sexual offences,Local resolution,
,2022-06,Cambridgeshire Constabulary,Cambridgeshire Constabulary,0.105563,52.200969,On or near Further/Higher Educational Building,E01017986,Cambridge 007F,Anti-social behaviour,,
0019cdb56563244cbf5866a170e17ae2000b1a2528f45eb9dc6c8f5d2b8b47a6,2022-06,Cambridgeshire Constabulary,Cambridgeshire Constabulary,0.109092,52.200385,On or near Sidgwick Avenue,E01017986,Cambridge 007F,Other theft,Investigation complete; no suspect identified,
59b0cd0749d8f34c2472119d0f7a07a55aa736b150c58bdfe153ff01fd6c607f,2022-06,Cambridgeshire Constabulary,Cambridgeshire Constabulary,0.101551,52.205564,On or near Sylvester Road,E01017986,Cambridge 007F,Other theft,Investigation complete; no suspect identified,
ee8634d4a3aed636e1c08ae8ffc41763c560f9e7618fac01cd64fc58e05d28d9,2022-06,Cambridgeshire Constabulary,Cambridgeshire Constabulary,0.114280,52.201164,On or near Silver Street,E01017986,Cambridge 007F,Other theft,Investigation complete; no suspect identified,
f33c15a3a7c54e33ba76a738dd14984f6a2c4e10b05fda484c398a97801ea482,2022-06,Cambridgeshire Constabulary,Cambridgeshire Constabulary,0.116260,52.202801,On or near Queens' Lane,E01017986,Cambridge 007F,Other theft,Investigation complete; no suspect identified,
558b6adb420e22213eed463d5c0b2522a814e9a40888612ebdfa48546a4c8afa,2022-06,Cambridgeshire Constabulary,Cambridgeshire Constabulary,0.105563,52.200969,On or near Further/Higher Educational Building,E01017986,Cambridge 007F,Other theft,Investigation complete; no suspect identified,
897f148ee463e84944eb9ab78c2287c36b4f8a0ac7d03a0077bb128f19a6c1c8,2022-06,Cambridgeshire Constabulary,Cambridgeshire Constabulary,0.110839,52.200821,On or near Further/Higher Educational Building,E01017986,Cambridge 007F,Violence and sexual offences,Investigation complete; no suspect identified,
9cb05d213e01e0e92e0be61f0400d191c509556c1f8a6e93ed69fab4e833cb19,2022-06,Cambridgeshire Constabulary,Cambridgeshire Constabulary,0.105563,52.200969,On or near Further/Higher Educational Building,E01017986,Cambridge 007F,Violence and sexual offences,Unable to prosecute suspect,
755677c4df6b1b04e0fc0e68623d0f5d13f641ec4eae4251dc4180c232d08453,2022-06,Cambridgeshire Constabulary,Cambridgeshire Constabulary,0.105563,52.200969,On or near Further/Higher Educational Building,E01017986,Cambridge 007F,Violence and sexual offences,Investigation complete; no suspect identified,
320c3cf56b4a1fc2f37404761e0728fb931f19adde71b29b5094f00b31dc0704,2022-06,Cambridgeshire Constabulary,Cambridgeshire Constabulary,0.105371,52.208355,On or near Cockcroft Place,E01017986,Cambridge 007F,Other crime,Unable to prosecute suspect,
,2022-06,Cambridgeshire Constabulary,Cambridgeshire Constabulary,0.120216,52.206273,On or near Nightclub,E01032797,Cambridge 007G,Anti-social behaviour,,
,2022-06,Cambridgeshire Constabulary,Cambridgeshire Constabulary,0.118181,52.210266,On or near Thompson'S Lane,E01032797,Cambridge 007G,Anti-social behaviour,,
,2022-06,Cambridgeshire Constabulary,Cambridgeshire Constabulary,0.119079,52.205151,On or near Lion Yard,E01032797,Cambridge 007G,Anti-social behaviour,,
,2022-06,Cambridgeshire Constabulary,Cambridgeshire Constabulary,0.119789,52.204689,On or near Guildhall Street,E01032797,Cambridge 007G,Anti-social behaviour,,
,2022-06,Cambridgeshire Constabulary,Cambridgeshire Constabulary,0.125954,52.200784,On or near Regent Street,E01032797,Cambridge 007G,Anti-social behaviour,,
,2022-06,Cambridgeshire Constabulary,Cambridgeshire Constabulary,0.121326,52.204688,On or near Nightclub,E01032797,Cambridge 007G,Anti-social behaviour,,
,2022-06,Cambridgeshire Constabulary,Cambridgeshire Constabulary,0.123961,52.205315,On or near Bus/Coach Station,E01032797,Cambridge 007G,Anti-social behaviour,,
,2022-06,Cambridgeshire Constabulary,Cambridgeshire Constabulary,0.118701,52.208269,On or near Bridge Street,E01032797,Cambridge 007G,Anti-social behaviour,,
,2022-06,Cambridgeshire Constabulary,Cambridgeshire Constabulary,0.120910,52.206404,On or near Nightclub,E01032797,Cambridge 007G,Anti-social behaviour,,
,2022-06,Cambridgeshire Constabulary,Cambridgeshire Constabulary,0.116385,52.201118,On or near Conference/Exhibition Centre,E01032797,Cambridge 007G,Anti-social behaviour,,
,2022-06,Cambridgeshire Constabulary,Cambridgeshire Constabulary,0.125954,52.200784,On or near Regent Street,E01032797,Cambridge 007G,Anti-social behaviour,,
,2022-06,Cambridgeshire Constabulary,Cambridgeshire Constabulary,0.130612,52.204233,On or near Warkworth Street,E01032797,Cambridge 007G,Anti-social behaviour,,
,2022-06,Cambridgeshire Constabulary,Cambridgeshire Constabulary,0.118839,52.205632,On or near Petty Cury,E01032797,Cambridge 007G,Anti-social behaviour,,
,2022-06,Cambridgeshire Constabulary,Cambridgeshire Constabulary,0.125165,52.201418,On or near Further/Higher Educational Building,E01032797,Cambridge 007G,Anti-social behaviour,,
,2022-06,Cambridgeshire Constabulary,Cambridgeshire Constabulary,0.119698,52.207074,On or near Supermarket,E01032797,Cambridge 007G,Anti-social behaviour,,
,2022-06,Cambridgeshire Constabulary,Cambridgeshire Constabulary,0.130612,52.204233,On or near Warkworth Street,E01032797,Cambridge 007G,Anti-social behaviour,,
,2022-06,Cambridgeshire Constabulary,Cambridgeshire Constabulary,0.119079,52.205151,On or near Lion Yard,E01032797,Cambridge 007G,Anti-social behaviour,,
,2022-06,Cambridgeshire Constabulary,Cambridgeshire Constabulary,0.119334,52.204347,On or near Wheeler Street,E01032797,Cambridge 007G,Anti-social behaviour,,
,2022-06,Cambridgeshire Constabulary,Cambridgeshire Constabulary,0.122052,52.207957,On or near Malcolm Street,E01032797,Cambridge 007G,Anti-social behaviour,,
,2022-06,Cambridgeshire Constabulary,Cambridgeshire Constabulary,0.121011,52.203921,On or near Shopping Area,E01032797,Cambridge 007G,Anti-social behaviour,,
,2022-06,Cambridgeshire Constabulary,Cambridgeshire Constabulary,0.121685,52.206390,On or near Further/Higher Educational Building,E01032797,Cambridge 007G,Anti-social behaviour,,
,2022-06,Cambridgeshire Constabulary,Cambridgeshire Constabulary,0.119079,52.205151,On or near Lion Yard,E01032797,Cambridge 007G,Anti-social behaviour,,
,2022-06,Cambridgeshire Constabulary,Cambridgeshire Constabulary,0.118701,52.208269,On or near Bridge Street,E01032797,Cambridge 007G,Anti-social behaviour,,
,2022-06,Cambridgeshire Constabulary,Cambridgeshire Constabulary,0.122570,52.203776,On or near Shopping Area,E01032797,Cambridge 007G,Anti-social behaviour,,
,2022-06,Cambridgeshire Constabulary,Cambridgeshire Constabulary,0.118261,52.203952,On or near Bene'T Street,E01032797,Cambridge 007G,Anti-social behaviour,,
,2022-06,Cambridgeshire Constabulary,Cambridgeshire Constabulary,0.118701,52.208269,On or near Bridge Street,E01032797,Cambridge 007G,Anti-social behaviour,,
,2022-06,Cambridgeshire Constabulary,Cambridgeshire Constabulary,0.119789,52.204689,On or near Guildhall Street,E01032797,Cambridge 007G,Anti-social behaviour,,
,2022-06,Cambridgeshire Constabulary,Cambridgeshire Constabulary,0.123747,52.203602,On or near Further/Higher Educational Building,E01032797,Cambridge 007G,Anti-social behaviour,,
,2022-06,Cambridgeshire Constabulary,Cambridgeshire Constabulary,0.129749,52.201183,On or near Gonville Place,E01032797,Cambridge 007G,Anti-social behaviour,,
,2022-06,Cambridgeshire Constabulary,Cambridgeshire Constabulary,0.122073,52.203164,On or near Downing Street,E01032797,Cambridge 007G,Anti-social behaviour,,
,2022-06,Cambridgeshire Constabulary,Cambridgeshire Constabulary,0.122570,52.203776,On or near Shopping Area,E01032797,Cambridge 007G,Anti-social behaviour,,
5b26306e2259a519cf45d12b54d8a94f6e304035737b200db0ad9099e8ec25fa,2022-06,Cambridgeshire Constabulary,Cambridgeshire Constabulary,0.119789,52.204689,On or near Guildhall Street,E01032797,Cambridge 007G,Bicycle theft,Investigation complete; no suspect identified,
d4c3ead572bdebf504b1479dbd7bf8bb68a2a4f342e8c343168b09ac91dfbb40,2022-06,Cambridgeshire Constabulary,Cambridgeshire Constabulary,0.130612,52.204233,On or near Warkworth Street,E01032797,Cambridge 007G,Bicycle theft,Investigation complete; no suspect identified,
2e00dfe18340273c7ac26e648302385a1260922ba961d30d47329e18232205a8,2022-06,Cambridgeshire Constabulary,Cambridgeshire Constabulary,0.121266,52.205885,On or near Shopping Area,E01032797,Cambridge 007G,Bicycle theft,Investigation complete; no suspect identified,
726911cc245731e10ed68696cfb13632fbf3124a9b774ed0c943c58c4bb9f952,2022-06,Cambridgeshire Constabulary,Cambridgeshire Constabulary,0.121531,52.202859,On or near Further/Higher Educational Building,E01032797,Cambridge 007G,Bicycle theft,Investigation complete; no suspect identified,
f57112ba1305dc1e110ade8ce1f1ef319497968290f94bc69987cf4790b51984,2022-06,Cambridgeshire Constabulary,Cambridgeshire Constabulary,0.123160,52.202956,On or near Further/Higher Educational Building,E01032797,Cambridge 007G,Bicycle theft,Investigation complete; no suspect identified,
688de42667d18793a4db22c0892738a2432513bde99e50bbae3fa9057bc1f765,2022-06,Cambridgeshire Constabulary,Cambridgeshire Constabulary,0.118701,52.208269,On or near Bridge Street,E01032797,Cambridge 007G,Bicycle theft,Investigation complete; no suspect identified,
6d284d86b2eb33a664c6f08a6ea6fac3b8d9f76b322d8498f4d61938971e0051,2022-06,Cambridgeshire Constabulary,Cambridgeshire Constabulary,0.118119,52.200646,On or near Further/Higher Educational Building,E01032797,Cambridge 007G,Bicycle theft,Investigation complete; no suspect identified,
7546145b773ce532b497df68f84803498f86b9dafd03817b5f5ebc958cfbb64c,2022-06,Cambridgeshire Constabulary,Cambridgeshire Constabulary,0.118261,52.203952,On or near Bene'T Street,E01032797,Cambridge 007G,Bicycle theft,Investigation complete; no suspect identified,
69ac653506f257b086572e61b85eef3c0180a8f0586db156cf014a31cc216ba7,2022-06,Cambridgeshire Constabulary,Cambridgeshire Constabulary,0.119487,52.210332,On or near Portugal Street,E01032797,Cambridge 007G,Bicycle theft,Investigation complete; no suspect identified,
d11320995e8bd66d1a9c7354a1e26f0e1dc44b53704680f7415bfc2f328493f9,2022-06,Cambridgeshire Constabulary,Cambridgeshire Constabulary,0.123160,52.202956,On or near Further/Higher Educational Building,E01032797,Cambridge 007G,Bicycle theft,Investigation complete; no suspect identified,
9ebbcaffec8207b00604a7ede2d3418554df5ec31e0f0f395c6ef0f7448bd9d1,2022-06,Cambridgeshire Constabulary,Cambridgeshire Constabulary,0.120216,52.206273,On or near Nightclub,E01032797,Cambridge 007G,Bicycle theft,Investigation complete; no suspect identified,
d51be34742de2b0231e81ab5f31313af34cf937396e0f9f720c54dba1583dbef,2022-06,Cambridgeshire Constabulary,Cambridgeshire Constabulary,0.125312,52.209391,On or near Further/Higher Educational Building,E01032797,Cambridge 007G,Bicycle theft,Investigation complete; no suspect identified,
60ec6ebb376f4fcb970457979c4e1433cd01105d8ff811422840dd1b7b2a4619,2022-06,Cambridgeshire Constabulary,Cambridgeshire Constabulary,0.122570,52.203776,On or near Shopping Area,E01032797,Cambridge 007G,Bicycle theft,Investigation complete; no suspect identified,
1a395a8f8481bd5270786056c2c862964f27fc5771c87a3d2c3420dacd055ddb,2022-06,Cambridgeshire Constabulary,Cambridgeshire Constabulary,0.119762,52.209042,On or near Park Street,E01032797,Cambridge 007G,Bicycle theft,Investigation complete; no suspect identified,
0898076b96f5b2be1ac373212022d6141556174015b2540b0b9a8ab8e5603f49,2022-06,Cambridgeshire Constabulary,Cambridgeshire Constabulary,0.120216,52.206273,On or near Nightclub,E01032797,Cambridge 007G,Bicycle theft,Investigation complete; no suspect identified,
d5196ccba6de441d460b4e13582fcce22956b242ee2fb7c030f034df25994618,2022-06,Cambridgeshire Constabulary,Cambridgeshire Constabulary,0.125954,52.200784,On or near Regent Street,E01032797,Cambridge 007G,Bicycle theft,Investigation complete; no suspect identified,
8b99f919fd13c4b7938174d2567a6ff161e7937b83a63ae093b4f75e0140c7d6,2022-06,Cambridgeshire Constabulary,Cambridgeshire Constabulary,0.121011,52.203921,On or near Shopping Area,E01032797,Cambridge 007G,Bicycle theft,Investigation complete; no suspect identified,
722139c6238eee9d3914826e1a5e97ab62dcb0bb52bcbc690155fd3e2cd10bcc,2022-06,Cambridgeshire Constabulary,Cambridgeshire Constabulary,0.121011,52.203921,On or near Shopping Area,E01032797,Cambridge 007G,Bicycle theft,Investigation complete; no suspect identified,
1fd9800bc39ebb3d397ca27eb5b5e494eef5e01624e41dca4b50cce13eb6eaee,2022-06,Cambridgeshire Constabulary,Cambridgeshire Constabulary,0.121326,52.204688,On or near Nightclub,E01032797,Cambridge 007G,Bicycle theft,Investigation complete; no suspect identified,
e81e7d157326206dfa2c446630796176e7c681c68898ee8f01a064d0563a9775,2022-06,Cambridgeshire Constabulary,Cambridgeshire Constabulary,0.118261,52.203952,On or near Bene'T Street,E01032797,Cambridge 007G,Burglary,Investigation complete; no suspect identified,
3c35329c8a5fb9f3a00534042376b9881f91352f9a447c53e4156fb93edc3445,2022-06,Cambridgeshire Constabulary,Cambridgeshire Constabulary,0.117857,52.201918,On or near Conference/Exhibition Centre,E01032797,Cambridge 007G,Burglary,Investigation complete; no suspect identified,
4a35a4c11a2b5c7fb2c83f6e3175ab2766c263f0345cbd6ac30c2eec14ad4d06,2022-06,Cambridgeshire Constabulary,Cambridgeshire Constabulary,0.122570,52.203776,On or near Shopping Area,E01032797,Cambridge 007G,Burglary,Court result unavailable,
9c78136fd4b53b2a4ea5a8a5bae337a04d54a62da4019aa0383ec5f07c1f3f04,2022-06,Cambridgeshire Constabulary,Cambridgeshire Constabulary,0.121266,52.205885,On or near Shopping Area,E01032797,Cambridge 007G,Burglary,Investigation complete; no suspect identified,
c8e69a83b07d08ff9aa469705a18bc2af06f6fe96a065d35f311145ad5decb7e,2022-06,Cambridgeshire Constabulary,Cambridgeshire Constabulary,0.118261,52.203952,On or near Bene'T Street,E01032797,Cambridge 007G,Burglary,Investigation complete; no suspect identified,
0770510c4c6d1cb6c57d399eb48cf9e48a9af58918c2e67fc12ebb6178f1c22a,2022-06,Cambridgeshire Constabulary,Cambridgeshire Constabulary,0.122052,52.207957,On or near Malcolm Street,E01032797,Cambridge 007G,Criminal damage and arson,Investigation complete; no suspect identified,
ec89c5560c9abeb12293230fb89995c16749042b8d198a87b3971e87f28105a9,2022-06,Cambridgeshire Constabulary,Cambridgeshire Constabulary,0.121011,52.203921,On or near Shopping Area,E01032797,Cambridge 007G,Criminal damage and arson,Investigation complete; no suspect identified,
a771b51daf444465fa586e3f1baf9eb69e5dcd6edde6a1bdce337d8dc14f4978,2022-06,Cambridgeshire Constabulary,Cambridgeshire Constabulary,0.125954,52.200784,On or near Regent Street,E01032797,Cambridge 007G,Criminal damage and arson,Unable to prosecute suspect,
9d681a789a37b9f0ff70e64b8a88cdfa6d1f541c341f453d8e77dd158aad39d4,2022-06,Cambridgeshire Constabulary,Cambridgeshire Constabulary,0.119079,52.205151,On or near Lion Yard,E01032797,Cambridge 007G,Criminal damage and arson,Offender given a caution,
fe3b35decbed75e70385aced4001b85e495c5785252b78b07484ccdfa90589b6,2022-06,Cambridgeshire Constabulary,Cambridgeshire Constabulary,0.123160,52.202956,On or near Further/Higher Educational Building,E01032797,Cambridge 007G,Criminal damage and arson,Offender given a caution,
cf2ce0656576b8be27a52db9c37e2b262adca5a7d559a431b85c34aa3bdab7d1,2022-06,Cambridgeshire Constabulary,Cambridgeshire Constabulary,0.129337,52.203285,On or near Parkside,E01032797,Cambridge 007G,Criminal damage and arson,Court result unavailable,
ec6f2c45cd28e2b5699d35d4e1116745d0af56f7a06370da756272966180dae6,2022-06,Cambridgeshire Constabulary,Cambridgeshire Constabulary,0.123160,52.202956,On or near Further/Higher Educational Building,E01032797,Cambridge 007G,Criminal damage and arson,Offender given a caution,
f38ad144caa5d52b21844b96a7b514e210ecdd8920aaf13326363f9fcfd50a87,2022-06,Cambridgeshire Constabulary,Cambridgeshire Constabulary,0.116385,52.201118,On or near Conference/Exhibition Centre,E01032797,Cambridge 007G,Criminal damage and arson,Investigation complete; no suspect identified,
2cd35a71270ffdab8a7ef2c2ea76a192cb52f02c96b17122ba4f79dd9024afb2,2022-06,Cambridgeshire Constabulary,Cambridgeshire Constabulary,0.120216,52.206273,On or near Nightclub,E01032797,Cambridge 007G,Criminal damage and arson,Investigation complete; no suspect identified,
05abbbaa58fca4a98c448d9bd4939b4bc9ef4cba2b5f4eb6317027076cf8da0b,2022-06,Cambridgeshire Constabulary,Cambridgeshire Constabulary,0.129337,52.203285,On or near Parkside,E01032797,Cambridge 007G,Criminal damage and arson,Court result unavailable,
927a20c5975c24fae39a1810e214c6e47c842edb272b9810e34dc7a7c9b92548,2022-06,Cambridgeshire Constabulary,Cambridgeshire Constabulary,0.119079,52.205151,On or near Lion Yard,E01032797,Cambridge 007G,Criminal damage and arson,Offender given a caution,
21f97515de0463d3b549435dc5fee5a39dd66e2d294cd9d9d5c644a68e68eced,2022-06,Cambridgeshire Constabulary,Cambridgeshire Constabulary,0.119789,52.204689,On or near Guildhall Street,E01032797,Cambridge 007G,Criminal damage and arson,Investigation complete; no suspect identified,
51ff966b6c6c8745fd2fbbf8c11d5c17ccffde70ef9fda51f58ebf7f3fd57113,2022-06,Cambridgeshire Constabulary,Cambridgeshire Constabulary,0.119698,52.207074,On or near Supermarket,E01032797,Cambridge 007G,Criminal damage and arson,Court result unavailable,
26471b061e69e9c68493b52c0d71d69e0ea1582697aa3a0b2dc54f7cac4eb2da,2022-06,Cambridgeshire Constabulary,Cambridgeshire Constabulary,0.118701,52.208269,On or near Bridge Street,E01032797,Cambridge 007G,Criminal damage and arson,Court result unavailable,
991a3fa3180b4ef776a905d61624afcca571a0db8fd0b824af795ebf1d8cb866,2022-06,Cambridgeshire Constabulary,Cambridgeshire Constabulary,0.120910,52.206404,On or near Nightclub,E01032797,Cambridge 007G,Criminal damage and arson,Investigation complete; no suspect identified,
37039c10d4bdbd26c6d4575b5a879d83b99b66ca506e2f51d2fd9fc9ac2f3892,2022-06,Cambridgeshire Constabulary,Cambridgeshire Constabulary,0.123160,52.202956,On or near Further/Higher Educational Building,E01032797,Cambridge 007G,Criminal damage and arson,Investigation complete; no suspect identified,
0d7ed83beabf42a8c3595a6cb513d4cc83d673d7d8c8557bf084567e5436b77b,2022-06,Cambridgeshire Constabulary,Cambridgeshire Constabulary,0.120910,52.206404,On or near Nightclub,E01032797,Cambridge 007G,Criminal damage and arson,Investigation complete; no suspect identified,
fec2c933b98dbb0c8c8072a635e7f0fd1bd70032ce2d1cdd552e01db13e45cc1,2022-06,Cambridgeshire Constabulary,Cambridgeshire Constabulary,0.129337,52.203285,On or near Parkside,E01032797,Cambridge 007G,Criminal damage and arson,Unable to prosecute suspect,
b97260528f389b87471a1ffe9cf53b0a31b7c6db1fbac02872cf426886d5c549,2022-06,Cambridgeshire Constabulary,Cambridgeshire Constabulary,0.118839,52.205632,On or near Petty Cury,E01032797,Cambridge 007G,Criminal damage and arson,Court result unavailable,
84627ea371e667b7b908ceed941d2d3c706f9d3e4290fdb0a8d4517fa8d0bfc7,2022-06,Cambridgeshire Constabulary,Cambridgeshire Constabulary,0.125708,52.202973,On or near Camden Court,E01032797,Cambridge 007G,Criminal damage and arson,Investigation complete; no suspect identified,
c954b023062e95d95e8805ea905c8a6614854a1174b9def7e88b24ee253ea4b2,2022-06,Cambridgeshire Constabulary,Cambridgeshire Constabulary,0.116385,52.201118,On or near Conference/Exhibition Centre,E01032797,Cambridge 007G,Criminal damage and arson,Unable to prosecute suspect,
a4532168dea1a11cd0908e9ca45c4c9170d106605ae1e67bd455052429a04fd6,2022-06,Cambridgeshire Constabulary,Cambridgeshire Constabulary,0.120216,52.206273,On or near Nightclub,E01032797,Cambridge 007G,Criminal damage and arson,Court result unavailable,
523e1ca5769cf4e7cceda7fd0f4c085061a152efce19036270a034ed49edc8ba,2022-06,Cambridgeshire Constabulary,Cambridgeshire Constabulary,0.121011,52.203921,On or near Shopping Area,E01032797,Cambridge 007G,Criminal damage and arson,Investigation complete; no suspect identified,
dd118eb7733f026147fa0451d40dadc0e0571ec33f39c65711ec3293f18ef1dd,2022-06,Cambridgeshire Constabulary,Cambridgeshire Constabulary,0.123160,52.202956,On or near Further/Higher Educational Building,E01032797,Cambridge 007G,Criminal damage and arson,Status update unavailable,
251ba236a46f7bfd54f0e33c177137cc80ce6e1183b1022d4c205dbb91783ca5,2022-06,Cambridgeshire Constabulary,Cambridgeshire Constabulary,0.125904,52.204624,On or near Parker Street,E01032797,Cambridge 007G,Drugs,Court result unavailable,
bacee6b8e56f34b0a53e4a22c731a96241f23a2a4cdd8ebeaf91190defc988fc,2022-06,Cambridgeshire Constabulary,Cambridgeshire Constabulary,0.125904,52.204624,On or near Parker Street,E01032797,Cambridge 007G,Drugs,Status update unavailable,
02aa57dbbf740468d56e224da7aed80dda3561d9511fdae5dfbc6fe6f1b61345,2022-06,Cambridgeshire Constabulary,Cambridgeshire Constabulary,0.129337,52.203285,On or near Parkside,E01032797,Cambridge 007G,Drugs,Unable to prosecute suspect,
40e8745c4c98172a3c9726e95925910e3f3914c9e969651f8b11beb41d8069e8,2022-06,Cambridgeshire Constabulary,Cambridgeshire Constabulary,0.129337,52.203285,On or near Parkside,E01032797,Cambridge 007G,Drugs,Unable to prosecute suspect,
b1a57d0ca6e08da88921df504e31209e72ef55170d0a64d3085f6903aa520d26,2022-06,Cambridgeshire Constabulary,Cambridgeshire Constabulary,0.120216,52.206273,On or near Nightclub,E01032797,Cambridge 007G,Drugs,Offender given a caution,
86777fecc722e1db41e85ec6a9eb09085c7de6abb7bac59e015274518b1125c7,2022-06,Cambridgeshire Constabulary,Cambridgeshire Constabulary,0.129337,52.203285,On or near Parkside,E01032797,Cambridge 007G,Drugs,Offender given a caution,
3b4ac1a0b85efd9b9dda3a013130d93f8ef7c48583fbd62ae7f981b72578fc13,2022-06,Cambridgeshire Constabulary,Cambridgeshire Constabulary,0.121266,52.205885,On or near Shopping Area,E01032797,Cambridge 007G,Other theft,Status update unavailable,
6a6a9de132bd60ad42385397da162efc0b5b772a006f99eb131319f036aac2f6,2022-06,Cambridgeshire Constabulary,Cambridgeshire Constabulary,0.125165,52.201418,On or near Further/Higher Educational Building,E01032797,Cambridge 007G,Other theft,Investigation complete; no suspect identified,
487be945810cbe7ea6327611dec07e025da11e77c6ed03189abdb73e5be5f32d,2022-06,Cambridgeshire Constabulary,Cambridgeshire Constabulary,0.120216,52.206273,On or near Nightclub,E01032797,Cambridge 007G,Other theft,Investigation complete; no suspect identified,
2d8d900389f6cf6bc95c35a0ffaf4e26aaf88b9f121a705a76ee597259d2b594,2022-06,Cambridgeshire Constabulary,Cambridgeshire Constabulary,0.120910,52.206404,On or near Nightclub,E01032797,Cambridge 007G,Other theft,Investigation complete; no suspect identified,
9cd6a703ded15fe399a67a62da2718a89c73c436ecd662709048ebfdd38b368e,2022-06,Cambridgeshire Constabulary,Cambridgeshire Constabulary,0.119698,52.207074,On or near Supermarket,E01032797,Cambridge 007G,Other theft,Investigation complete; no suspect identified,
96b9c04a14f6111af8deefefb005627191bc80be6de137eef1c4bf0e1619ab5a,2022-06,Cambridgeshire Constabulary,Cambridgeshire Constabulary,0.125954,52.200784,On or near Regent Street,E01032797,Cambridge 007G,Other theft,Investigation complete; no suspect identified,
041b29c8500efe37140cf9e9c2169b08da871eb46a0f16d31410358800793166,2022-06,Cambridgeshire Constabulary,Cambridgeshire Constabulary,0.118424,52.204291,On or near Theatre/Concert Hall,E01032797,Cambridge 007G,Other theft,Investigation complete; no suspect identified,
4db3e55d0dec85d767e00a5d50e9f26fd5e2ae969ec10ac8f4df22e1f659451c,2022-06,Cambridgeshire Constabulary,Cambridgeshire Constabulary,0.126871,52.204957,On or near Victoria Street,E01032797,Cambridge 007G,Other theft,Investigation complete; no suspect identified,
989d1d034884542d2331d0e39614021778ab53796f75151409e94cfc59a4f43e,2022-06,Cambridgeshire Constabulary,Cambridgeshire Constabulary,0.121266,52.205885,On or near Shopping Area,E01032797,Cambridge 007G,Other theft,Investigation complete; no suspect identified,
ddb658f73bdcf98d87f5b502cb4e25194ee7c03ee6cddeca5ece04e9c3ab939b,2022-06,Cambridgeshire Constabulary,Cambridgeshire Constabulary,0.119698,52.207074,On or near Supermarket,E01032797,Cambridge 007G,Other theft,Status update unavailable,
ec977f5ef28237e72509369cc880ded5c343d3d3d3af5b792b09d3f26ff2c41a,2022-06,Cambridgeshire Constabulary,Cambridgeshire Constabulary,0.120216,52.206273,On or near Nightclub,E01032797,Cambridge 007G,Other theft,Investigation complete; no suspect identified,
43ddbac4bdc480b12d09be1f926bc37b4325b7d6f2beb43c710bd418e9ed4000,2022-06,Cambridgeshire Constabulary,Cambridgeshire Constabulary,0.121326,52.204688,On or near Nightclub,E01032797,Cambridge 007G,Other theft,Investigation complete; no suspect identified,
2d4dc3b83a053094de00a81a8c232257d1dbcd80e2e5e5087c0968fed89cf913,2022-06,Cambridgeshire Constabulary,Cambridgeshire Constabulary,0.119334,52.204347,On or near Wheeler Street,E01032797,Cambridge 007G,Other theft,Investigation complete; no suspect identified,
6056b5eb11010529a1f7f3fe3eba057a29bbc33bc918d54554c502cd1ce94c5f,2022-06,Cambridgeshire Constabulary,Cambridgeshire Constabulary,0.123160,52.202956,On or near Further/Higher Educational Building,E01032797,Cambridge 007G,Other theft,Investigation complete; no suspect identified,
420c23803b5a803b3d8b4ac857736b9753e01dee61ab7bbd5717275dde32397d,2022-06,Cambridgeshire Constabulary,Cambridgeshire Constabulary,0.121266,52.205885,On or near Shopping Area,E01032797,Cambridge 007G,Other theft,Investigation complete; no suspect identified,
7818f6ce7bed6b9758bf0478eb15405f122f1f1b0f1991b4789fd3ba5532459c,2022-06,Cambridgeshire Constabulary,Cambridgeshire Constabulary,0.119789,52.204689,On or near Guildhall Street,E01032797,Cambridge 007G,Other theft,Investigation complete; no suspect identified,
f9f1301307726525bd615111f42abf1f7da3f710ceff6530f4bea0c00445381d,2022-06,Cambridgeshire Constabulary,Cambridgeshire Constabulary,0.121685,52.206390,On or near Further/Higher Educational Building,E01032797,Cambridge 007G,Possession of weapons,Offender given a caution,
cab693495f9a907bd4b5b021199d5c8d5d125cd0f3f33e2acfce8893e35ace2d,2022-06,Cambridgeshire Constabulary,Cambridgeshire Constabulary,0.129337,52.203285,On or near Parkside,E01032797,Cambridge 007G,Possession of weapons,Unable to prosecute suspect,
eaea48fe0157e1b6b6b25315911d6aad9b013eabd3ae4224fc3f825338c3b6b2,2022-06,Cambridgeshire Constabulary,Cambridgeshire Constabulary,0.127190,52.207352,On or near Short Street,E01032797,Cambridge 007G,Possession of weapons,Unable to prosecute suspect,
f75673915188295f9777c3f0dc23bb1b8efd807c00d2256d1840f2b06234c349,2022-06,Cambridgeshire Constabulary,Cambridgeshire Constabulary,0.118701,52.208269,On or near Bridge Street,E01032797,Cambridge 007G,Possession of weapons,Offender given a caution,
771efc4b4c47c2b2b02dc2962b03b6af4ed0722eff093dbeda2fa113f1649d05,2022-06,Cambridgeshire Constabulary,Cambridgeshire Constabulary,0.125708,52.202973,On or near Camden Court,E01032797,Cambridge 007G,Public order,Status update unavailable,
7cad69ef60f39ee2c464129841b8aa598107bbb124aa3ab7756bf752156b1e46,2022-06,Cambridgeshire Constabulary,Cambridgeshire Constabulary,0.125165,52.201418,On or near Further/Higher Educational Building,E01032797,Cambridge 007G,Public order,Court result unavailable,
c9647bbeeef2b6912a3563bd8dec319bbacb28e2366b9dbb568a82bde61d1fbe,2022-06,Cambridgeshire Constabulary,Cambridgeshire Constabulary,0.121266,52.205885,On or near Shopping Area,E01032797,Cambridge 007G,Public order,Investigation complete; no suspect identified,
27c44237b9d3f3382139bd562421c9d60860af9c890ac6fcd8fab8da143d2016,2022-06,Cambridgeshire Constabulary,Cambridgeshire Constabulary,0.119698,52.207074,On or near Supermarket,E01032797,Cambridge 007G,Public order,Investigation complete; no suspect identified,
353d8c23f57e6086adb2ed632320462ecc8e71afb7f14db8eb9940bea643426b,2022-06,Cambridgeshire Constabulary,Cambridgeshire Constabulary,0.119487,52.210332,On or near Portugal Street,E01032797,Cambridge 007G,Public order,Investigation complete; no suspect identified,
df271349319fe33bb49db51e9c0772dd790ca095b03920ced518b2b40955bab3,2022-06,Cambridgeshire Constabulary,Cambridgeshire Constabulary,0.123776,52.204510,On or near Emmanuel Street,E01032797,Cambridge 007G,Public order,Investigation complete; no suspect identified,
2a5178dc8b6d0fd42254a5bfbe8906d963dd9fd0e50ff6a39b5c0b4a77b3b4e3,2022-06,Cambridgeshire Constabulary,Cambridgeshire Constabulary,0.119079,52.205151,On or near Lion Yard,E01032797,Cambridge 007G,Public order,Court result unavailable,
6b83d7120123fbe2608d5bf5960c012826f7f728b119da9f061b38ab9476c8ea,2022-06,Cambridgeshire Constabulary,Cambridgeshire Constabulary,0.125904,52.204624,On or near Parker Street,E01032797,Cambridge 007G,Public order,Investigation complete; no suspect identified,
88497bc0369e3c43850e1e117dd03806aaa6dfc1d1cc15c29f0248b121dd0154,2022-06,Cambridgeshire Constabulary,Cambridgeshire Constabulary,0.117857,52.201918,On or near Conference/Exhibition Centre,E01032797,Cambridge 007G,Public order,Unable to prosecute suspect,
7c614fe0e2426c045be4ddffc73a3719c69190ed14decd418c35010962813918,2022-06,Cambridgeshire Constabulary,Cambridgeshire Constabulary,0.116385,52.201118,On or near Conference/Exhibition Centre,E01032797,Cambridge 007G,Public order,Investigation complete; no suspect identified,
7b95003e2eeccff066ab54e958c47bb8151f451f5615fd1af48b6ad24ad83427,2022-06,Cambridgeshire Constabulary,Cambridgeshire Constabulary,0.129337,52.203285,On or near Parkside,E01032797,Cambridge 007G,Public order,Court result unavailable,
d570339620b9826ba71ee89efb52645a966301c3400858d629dfdf4c9d1125b3,2022-06,Cambridgeshire Constabulary,Cambridgeshire Constabulary,0.129749,52.201183,On or near Gonville Place,E01032797,Cambridge 007G,Public order,Investigation complete; no suspect identified,
e781ddc03926520562c4dc470dad852b94603df9992bea8bb09b8a8af15e32b5,2022-06,Cambridgeshire Constabulary,Cambridgeshire Constabulary,0.120216,52.206273,On or near Nightclub,E01032797,Cambridge 007G,Public order,Investigation complete; no suspect identified,
4710f766d5c127b6049ab28987181db955f9d7a64655dde8fbaebc2da2d1c29e,2022-06,Cambridgeshire Constabulary,Cambridgeshire Constabulary,0.123961,52.205315,On or near Bus/Coach Station,E01032797,Cambridge 007G,Public order,Unable to prosecute suspect,
82a38001806f5e67db5fec5827500dedadbf0ad340024de960791b115b9e0a31,2022-06,Cambridgeshire Constabulary,Cambridgeshire Constabulary,0.129337,52.203285,On or near Parkside,E01032797,Cambridge 007G,Public order,Investigation complete; no suspect identified,
442efbe56aef3bceaa52aa335138876d41e28f7e78a93394128bb686bac061e2,2022-06,Cambridgeshire Constabulary,Cambridgeshire Constabulary,0.125708,52.202973,On or near Camden Court,E01032797,Cambridge 007G,Public order,Investigation complete; no suspect identified,
7da69076b0920f754f233b32070d0e1094646a0e5f6fd72617d854c56f0d9473,2022-06,Cambridgeshire Constabulary,Cambridgeshire Constabulary,0.120216,52.206273,On or near Nightclub,E01032797,Cambridge 007G,Public order,Unable to prosecute suspect,
514269bcac69c7ede62b9ffb3d7f91b7d0f27459515c9ed6ab6a24a203cdc778,2022-06,Cambridgeshire Constabulary,Cambridgeshire Constabulary,0.121011,52.203921,On or near Shopping Area,E01032797,Cambridge 007G,Public order,Investigation complete; no suspect identified,
30acbf4a63586708e536ce05bb9fdfa3abe86f6820424a3af181e1c0f8632f2c,2022-06,Cambridgeshire Constabulary,Cambridgeshire Constabulary,0.118839,52.205632,On or near Petty Cury,E01032797,Cambridge 007G,Public order,Unable to prosecute suspect,
b562920f4d198a163f1044dcc37a9c8050664ee47cb8689b4804db379b2a7b1f,2022-06,Cambridgeshire Constabulary,Cambridgeshire Constabulary,0.123160,52.202956,On or near Further/Higher Educational Building,E01032797,Cambridge 007G,Public order,Unable to prosecute suspect,
7ba18387b3b3ddf3062e7c1dbfe57f38a47f96ae45fdc2e3bc3b3228b0c1550d,2022-06,Cambridgeshire Constabulary,Cambridgeshire Constabulary,0.118181,52.210266,On or near Thompson'S Lane,E01032797,Cambridge 007G,Public order,Court result unavailable,
1e2707a5e1ed35ef4f9d7c0c36fed9830d57a393855cba5b707028804f887e17,2022-06,Cambridgeshire Constabulary,Cambridgeshire Constabulary,0.121011,52.203921,On or near Shopping Area,E01032797,Cambridge 007G,Public order,Investigation complete; no suspect identified,
3dc1f3a85af1602bc83b61d2d98bcb90a41619b5669a29fd52f3d4b68ec96eca,2022-06,Cambridgeshire Constabulary,Cambridgeshire Constabulary,0.119698,52.207074,On or near Supermarket,E01032797,Cambridge 007G,Public order,Court result unavailable,
ee85c876ee45e6e0a1b05f1111eb710fca672516d7d6f4aed21407578d94a7f9,2022-06,Cambridgeshire Constabulary,Cambridgeshire Constabulary,0.123961,52.205315,On or near Bus/Coach Station,E01032797,Cambridge 007G,Public order,Unable to prosecute suspect,
89a294333084f88dc8b99087fbc442ef94f413eebdd803f13dd278be70f837bd,2022-06,Cambridgeshire Constabulary,Cambridgeshire Constabulary,0.118839,52.205632,On or near Petty Cury,E01032797,Cambridge 007G,Public order,Court result unavailable,
c7da4fe151757f31a6eb7c71f21ffe83437a470c8fb0cfd9e7d974e56469de73,2022-06,Cambridgeshire Constabulary,Cambridgeshire Constabulary,0.119698,52.207074,On or near Supermarket,E01032797,Cambridge 007G,Public order,Court result unavailable,
43a9194a3e0366fe0e03c66bb7dba7333f24485c14dfd44972f398fe8b18205f,2022-06,Cambridgeshire Constabulary,Cambridgeshire Constabulary,0.123961,52.205315,On or near Bus/Coach Station,E01032797,Cambridge 007G,Public order,Investigation complete; no suspect identified,
160cdf7911494dd106550a247cc3160d1bf7a6b0e9543aebd6de03a6d44ea098,2022-06,Cambridgeshire Constabulary,Cambridgeshire Constabulary,0.119079,52.205151,On or near Lion Yard,E01032797,Cambridge 007G,Robbery,Unable to prosecute suspect,
5626130692ca1ca29a824c4a0805fda577d05479888c7bc036ef3383092a4d5e,2022-06,Cambridgeshire Constabulary,Cambridgeshire Constabulary,0.123747,52.203602,On or near Further/Higher Educational Building,E01032797,Cambridge 007G,Robbery,Unable to prosecute suspect,
d30d0226bb8f502d897925b51d0124151009308c1a7552cf74c1ff0435d9346c,2022-06,Cambridgeshire Constabulary,Cambridgeshire Constabulary,0.119789,52.204689,On or near Guildhall Street,E01032797,Cambridge 007G,Robbery,Unable to prosecute suspect,
909e0d7dc6b02f43d3c964149b48b302f8382f4434d7e4c877d334e034bcff92,2022-06,Cambridgeshire Constabulary,Cambridgeshire Constabulary,0.120216,52.206273,On or near Nightclub,E01032797,Cambridge 007G,Robbery,Unable to prosecute suspect,
aaef65838f3c60b5c8f1565ed66abca69dac4d95db37934dacade2daa9bded4f,2022-06,Cambridgeshire Constabulary,Cambridgeshire Constabulary,0.122570,52.203776,On or near Shopping Area,E01032797,Cambridge 007G,Shoplifting,Investigation complete; no suspect identified,
a04dee0fda3e2e820d8a426d8340582155b8546986d0dbfb9d729f00e7bbefec,2022-06,Cambridgeshire Constabulary,Cambridgeshire Constabulary,0.118839,52.205632,On or near Petty Cury,E01032797,Cambridge 007G,Shoplifting,Court result unavailable,
782758945649b8a71c612758a79a0d3e3baa0365dd74f9b327a72eda7d80186a,2022-06,Cambridgeshire Constabulary,Cambridgeshire Constabulary,0.122570,52.203776,On or near Shopping Area,E01032797,Cambridge 007G,Shoplifting,Investigation complete; no suspect identified,
6f9b40e079e74924de639566493cd82e5a4b9870b665f67d934f4063afdc5df9,2022-06,Cambridgeshire Constabulary,Cambridgeshire Constabulary,0.120216,52.206273,On or near Nightclub,E01032797,Cambridge 007G,Shoplifting,Court result unavailable,
fd45895486c4ab4a1bcdcd3d892693956e0a0125d6f5d90ff4735cedeb92ee55,2022-06,Cambridgeshire Constabulary,Cambridgeshire Constabulary,0.122570,52.203776,On or near Shopping Area,E01032797,Cambridge 007G,Shoplifting,Court result unavailable,
16e68214bfef421e540c438d53e22fc8534924b987f74d25f79d8a4ade9142d6,2022-06,Cambridgeshire Constabulary,Cambridgeshire Constabulary,0.120216,52.206273,On or near Nightclub,E01032797,Cambridge 007G,Shoplifting,Investigation complete; no suspect identified,
2a66db6d797fedf67a85f072928f749de349f80ba060065a1455fcd2ad10f1ee,2022-06,Cambridgeshire Constabulary,Cambridgeshire Constabulary,0.122570,52.203776,On or near Shopping Area,E01032797,Cambridge 007G,Shoplifting,Court result unavailable,
ea16c3883dd8e298d8340fe0cc21f49672f028f04445f9b9dca05ea7314927fd,2022-06,Cambridgeshire Constabulary,Cambridgeshire Constabulary,0.121266,52.205885,On or near Shopping Area,E01032797,Cambridge 007G,Shoplifting,Investigation complete; no suspect identified,
96dfa7720a8334d55a5d5eb5b0fa80c9abf660bddc9289cbb8abf7f38ec84fb8,2022-06,Cambridgeshire Constabulary,Cambridgeshire Constabulary,0.122570,52.203776,On or near Shopping Area,E01032797,Cambridge 007G,Shoplifting,Investigation complete; no suspect identified,
277a42e5ccf7a3ea84a76c3b1844ab8ee12ec746860e66cff592a9eb0bd1c061,2022-06,Cambridgeshire Constabulary,Cambridgeshire Constabulary,0.119698,52.207074,On or near Supermarket,E01032797,Cambridge 007G,Shoplifting,Court result unavailable,
05382112beb55b8244f977d8e4234154708563bada2036ec5948040a7d6f7b07,2022-06,Cambridgeshire Constabulary,Cambridgeshire Constabulary,0.120216,52.206273,On or near Nightclub,E01032797,Cambridge 007G,Shoplifting,Unable to prosecute suspect,
c679afe2bb3d8faf32fb85aa5ef90916e570b58f9d1f86eb9c71d1dae3a46e63,2022-06,Cambridgeshire Constabulary,Cambridgeshire Constabulary,0.122570,52.203776,On or near Shopping Area,E01032797,Cambridge 007G,Shoplifting,Offender given a caution,
03df36d8427ee2b27d082498f324d4da4525e1e1bdd729f8554c8044b7859741,2022-06,Cambridgeshire Constabulary,Cambridgeshire Constabulary,0.122570,52.203776,On or near Shopping Area,E01032797,Cambridge 007G,Shoplifting,Investigation complete; no suspect identified,
68c1d568f2de90f829a8b236caace3d2cfcdf930675352192ff7c9417e25394f,2022-06,Cambridgeshire Constabulary,Cambridgeshire Constabulary,0.120216,52.206273,On or near Nightclub,E01032797,Cambridge 007G,Shoplifting,Suspect charged as part of another case,
42dc062eb35dd04cc0ab42dbdb6936e639ea5a690ba7bb691f41e77f99ce3e01,2022-06,Cambridgeshire Constabulary,Cambridgeshire Constabulary,0.120216,52.206273,On or near Nightclub,E01032797,Cambridge 007G,Shoplifting,Court result unavailable,
cfde7a7554c9c03011215998c1381d0200d430d9a30c3b846f2798f9fa1ebf10,2022-06,Cambridgeshire Constabulary,Cambridgeshire Constabulary,0.122570,52.203776,On or near Shopping Area,E01032797,Cambridge 007G,Shoplifting,Court result unavailable,
3446ba1dcdbc622cbea0d2049a9d467f3860637d8a534e328fbb6e103ef3e0da,2022-06,Cambridgeshire Constabulary,Cambridgeshire Constabulary,0.122570,52.203776,On or near Shopping Area,E01032797,Cambridge 007G,Shoplifting,Investigation complete; no suspect identified,
d96666bfbca7c5b2ea5cbe84d2e2c57b8cccaac55e13e4698f89ec81effa2fb8,2022-06,Cambridgeshire Constabulary,Cambridgeshire Constabulary,0.120216,52.206273,On or near Nightclub,E01032797,Cambridge 007G,Shoplifting,Unable to prosecute suspect,
5c5dd9fa450f48bbae28359cc622b14fd6b72241c28c861327c4cc941a94a901,2022-06,Cambridgeshire Constabulary,Cambridgeshire Constabulary,0.118701,52.208269,On or near Bridge Street,E01032797,Cambridge 007G,Shoplifting,Investigation complete; no suspect identified,
74cfc33156f34310ea501589dc27db915ad0aea782d36a18273ccf99ba5710ac,2022-06,Cambridgeshire Constabulary,Cambridgeshire Constabulary,0.122570,52.203776,On or near Shopping Area,E01032797,Cambridge 007G,Shoplifting,Court result unavailable,
ced5bd2e2d131b064d37d833bf786910bf52d2064424c3340ac86a1006c7044c,2022-06,Cambridgeshire Constabulary,Cambridgeshire Constabulary,0.120216,52.206273,On or near Nightclub,E01032797,Cambridge 007G,Shoplifting,Unable to prosecute suspect,
db0449eb03c734bc4da7cd2fe0ee840291e2117afe3aa23541f7dc40c8e94f7a,2022-06,Cambridgeshire Constabulary,Cambridgeshire Constabulary,0.123961,52.205315,On or near Bus/Coach Station,E01032797,Cambridge 007G,Shoplifting,Court result unavailable,
57dbdeed0ae0c2a7b0c1a0f7edcff153ddfb70b24336ea475969b687722c5b82,2022-06,Cambridgeshire Constabulary,Cambridgeshire Constabulary,0.120216,52.206273,On or near Nightclub,E01032797,Cambridge 007G,Shoplifting,Unable to prosecute suspect,
cbf5e78767d3d4d7290dc62530c3018cb15f8837890eaedc514dc3dd1c25514e,2022-06,Cambridgeshire Constabulary,Cambridgeshire Constabulary,0.120216,52.206273,On or near Nightclub,E01032797,Cambridge 007G,Shoplifting,Court result unavailable,
ff9aeafb6938391b549c9d4b59817ac2aada1c3de1871e260c8671c608dd24a1,2022-06,Cambridgeshire Constabulary,Cambridgeshire Constabulary,0.122570,52.203776,On or near Shopping Area,E01032797,Cambridge 007G,Shoplifting,Court result unavailable,
4f78defe1efb6946bb266a87b4bf9e49e59efd24d14c21473ddaccc0e7c5e0a6,2022-06,Cambridgeshire Constabulary,Cambridgeshire Constabulary,0.121011,52.203921,On or near Shopping Area,E01032797,Cambridge 007G,Shoplifting,Investigation complete; no suspect identified,
abe8e5469cb5eb4d0f5fbf23e3355c5b28085ad27f9b0edf38ff425ee8e670d6,2022-06,Cambridgeshire Constabulary,Cambridgeshire Constabulary,0.120216,52.206273,On or near Nightclub,E01032797,Cambridge 007G,Shoplifting,Investigation complete; no suspect identified,
8c034c20741398eb2ee53114f99c565ba3c12c046011976a40550a01ac716142,2022-06,Cambridgeshire Constabulary,Cambridgeshire Constabulary,0.120216,52.206273,On or near Nightclub,E01032797,Cambridge 007G,Shoplifting,Investigation complete; no suspect identified,
303b218c912f83a977a0c6dc25caa6158bba2586f11522e99e21ec6fd9482296,2022-06,Cambridgeshire Constabulary,Cambridgeshire Constabulary,0.121326,52.204688,On or near Nightclub,E01032797,Cambridge 007G,Shoplifting,Investigation complete; no suspect identified,
cfadf988e270569e50cf7ba60a11c1cca325acf43323219bffe9ed44067e457a,2022-06,Cambridgeshire Constabulary,Cambridgeshire Constabulary,0.120216,52.206273,On or near Nightclub,E01032797,Cambridge 007G,Theft from the person,Investigation complete; no suspect identified,
ed5878e7cd1bac4afb441493b6247dd02f8d5fdd9931a1f5653aefc972cf8ee4,2022-06,Cambridgeshire Constabulary,Cambridgeshire Constabulary,0.125312,52.209391,On or near Further/Higher Educational Building,E01032797,Cambridge 007G,Theft from the person,Investigation complete; no suspect identified,
0b920c88c5fc1637b4dee95bd54c369e5f0d6bbef9dd727855f0d51fb3f00677,2022-06,Cambridgeshire Constabulary,Cambridgeshire Constabulary,0.129749,52.201183,On or near Gonville Place,E01032797,Cambridge 007G,Theft from the person,Investigation complete; no suspect identified,
cb7c9e4a3600a314176668c9b5ed0ec22121a9f4a3dec98a1ff5ca863d5c19c0,2022-06,Cambridgeshire Constabulary,Cambridgeshire Constabulary,0.119789,52.204689,On or near Guildhall Street,E01032797,Cambridge 007G,Theft from the person,Investigation complete; no suspect identified,
ef18d915e9933dd4dd6013737d669cf3f89f400d0bb6bf90a94bdd5dff69cf29,2022-06,Cambridgeshire Constabulary,Cambridgeshire Constabulary,0.118701,52.208269,On or near Bridge Street,E01032797,Cambridge 007G,Theft from the person,Investigation complete; no suspect identified,
28ae5496888ea381a36a5f58fcc0ae9e13e8266720f354a4c43513c17e612a53,2022-06,Cambridgeshire Constabulary,Cambridgeshire Constabulary,0.121326,52.204688,On or near Nightclub,E01032797,Cambridge 007G,Theft from the person,Investigation complete; no suspect identified,
f94f060cc35d7b5ededc6bd321716aef6d77816cbc1bd9705a5a71391d7dee46,2022-06,Cambridgeshire Constabulary,Cambridgeshire Constabulary,0.129337,52.203285,On or near Parkside,E01032797,Cambridge 007G,Theft from the person,Investigation complete; no suspect identified,
131853c2acf5eca72d54dc1dbd400010875c47e4a3524733baae31b2302673fc,2022-06,Cambridgeshire Constabulary,Cambridgeshire Constabulary,0.124027,52.205179,On or near Drummer Street,E01032797,Cambridge 007G,Theft from the person,Investigation complete; no suspect identified,
7d81bce8155c0dc820c94d2d1cdfb550c1c010d39e4f8abb572d1e65ea793341,2022-06,Cambridgeshire Constabulary,Cambridgeshire Constabulary,0.123160,52.202956,On or near Further/Higher Educational Building,E01032797,Cambridge 007G,Theft from the person,Investigation complete; no suspect identified,
625bbd7b47983d68ce48466c8f37452f1763655d708379598b3793416971c57a,2022-06,Cambridgeshire Constabulary,Cambridgeshire Constabulary,0.120216,52.206273,On or near Nightclub,E01032797,Cambridge 007G,Theft from the person,Investigation complete; no suspect identified,
900d0cbeddf0a4752531043a402c42f025a25810765a7c58534d006800ff0611,2022-06,Cambridgeshire Constabulary,Cambridgeshire Constabulary,0.120216,52.206273,On or near Nightclub,E01032797,Cambridge 007G,Theft from the person,Investigation complete; no suspect identified,
b940e103e0fdf8fb78cf60ca207d20394cbdc8b5dfe21e9d97eecf24a8e43afc,2022-06,Cambridgeshire Constabulary,Cambridgeshire Constabulary,0.120216,52.206273,On or near Nightclub,E01032797,Cambridge 007G,Theft from the person,Investigation complete; no suspect identified,
2c8d39ac5d9c5f3f9d451ee3772496db41095da98667feb6fa68651ab2c2220f,2022-06,Cambridgeshire Constabulary,Cambridgeshire Constabulary,0.116385,52.201118,On or near Conference/Exhibition Centre,E01032797,Cambridge 007G,Theft from the person,Investigation complete; no suspect identified,
29429566cfa0aaaeeec4603809055eac2a7f3165412c89f8f83f150ede500593,2022-06,Cambridgeshire Constabulary,Cambridgeshire Constabulary,0.118839,52.205632,On or near Petty Cury,E01032797,Cambridge 007G,Theft from the person,Investigation complete; no suspect identified,
78e74c214664f004adca803eb57200d80e03c771a0e9082e92e7e2b93a9bd4cf,2022-06,Cambridgeshire Constabulary,Cambridgeshire Constabulary,0.119079,52.205151,On or near Lion Yard,E01032797,Cambridge 007G,Theft from the person,Investigation complete; no suspect identified,
c337e223e0fb61465d0005f114dd6ea634e9fa1af6c17b1bd17bc6ece63a954d,2022-06,Cambridgeshire Constabulary,Cambridgeshire Constabulary,0.120216,52.206273,On or near Nightclub,E01032797,Cambridge 007G,Theft from the person,Investigation complete; no suspect identified,
eead87b35d4fe20687f8f75adfb3a12de6641f757b50b5cba59e1a0ec54d095e,2022-06,Cambridgeshire Constabulary,Cambridgeshire Constabulary,0.120216,52.206273,On or near Nightclub,E01032797,Cambridge 007G,Theft from the person,Investigation complete; no suspect identified,
f1723e29bdb8ae1a8ff742e4524857a87723db36110dd909b82c78f6a1099760,2022-06,Cambridgeshire Constabulary,Cambridgeshire Constabulary,0.118839,52.205632,On or near Petty Cury,E01032797,Cambridge 007G,Theft from the person,Investigation complete; no suspect identified,
b2bc04c5b0c751c28a79545753472928435160a73f7c0c0feef763caac5690c8,2022-06,Cambridgeshire Constabulary,Cambridgeshire Constabulary,0.119789,52.204689,On or near Guildhall Street,E01032797,Cambridge 007G,Theft from the person,Investigation complete; no suspect identified,
0d26299487516c95c6dfecfa492fa463c022e0ad2257299721fee02aaf941f45,2022-06,Cambridgeshire Constabulary,Cambridgeshire Constabulary,0.120910,52.206404,On or near Nightclub,E01032797,Cambridge 007G,Theft from the person,Investigation complete; no suspect identified,
05d0bfd0ba466647ab73be6ee9e67555e5fe2496b63b58c291f59f119a8d6aea,2022-06,Cambridgeshire Constabulary,Cambridgeshire Constabulary,0.122570,52.203776,On or near Shopping Area,E01032797,Cambridge 007G,Theft from the person,Investigation complete; no suspect identified,
717365cf210fe2e3a6199c1751f44325dff48e0871524cca94e1d8e065542b56,2022-06,Cambridgeshire Constabulary,Cambridgeshire Constabulary,0.120216,52.206273,On or near Nightclub,E01032797,Cambridge 007G,Theft from the person,Investigation complete; no suspect identified,
aadf40b85375fdd732b4bfed32417d1ba01d810aff91d2cfd9828b24b61f1014,2022-06,Cambridgeshire Constabulary,Cambridgeshire Constabulary,0.118261,52.203952,On or near Bene'T Street,E01032797,Cambridge 007G,Vehicle crime,Investigation complete; no suspect identified,
8e5d89d8eb9a7d2bdc27a107dc0621bd76fd077ea99d1df273358d32c49fc3cb,2022-06,Cambridgeshire Constabulary,Cambridgeshire Constabulary,0.117857,52.201918,On or near Conference/Exhibition Centre,E01032797,Cambridge 007G,Vehicle crime,Investigation complete; no suspect identified,
eba03efaf40664527661300cd03042221364c736895befe9e666f2015f02cf03,2022-06,Cambridgeshire Constabulary,Cambridgeshire Constabulary,0.125312,52.209391,On or near Further/Higher Educational Building,E01032797,Cambridge 007G,Violence and sexual offences,Unable to prosecute suspect,
67a003f279635c5386a2bf614b4c0994f22dee3bab9f14ea5a6c6a58e1491385,2022-06,Cambridgeshire Constabulary,Cambridgeshire Constabulary,0.122570,52.203776,On or near Shopping Area,E01032797,Cambridge 007G,Violence and sexual offences,Investigation complete; no suspect identified,
0a96eb366915294862e88c38078bdffcef3c845b342b2811cbdf3f514b965447,2022-06,Cambridgeshire Constabulary,Cambridgeshire Constabulary,0.119789,52.204689,On or near Guildhall Street,E01032797,Cambridge 007G,Violence and sexual offences,Court result unavailable,
d753756e67f374441c307aeaa4928c6257242ea0973c79fd34920fea35217fbf,2022-06,Cambridgeshire Constabulary,Cambridgeshire Constabulary,0.120216,52.206273,On or near Nightclub,E01032797,Cambridge 007G,Violence and sexual offences,Offender given a caution,
7cd100ecdfa6bf3c7de265633ead689b6a806c7298acf4f5f3679a91bf7dc6d8,2022-06,Cambridgeshire Constabulary,Cambridgeshire Constabulary,0.123961,52.205315,On or near Bus/Coach Station,E01032797,Cambridge 007G,Violence and sexual offences,Court result unavailable,
8135e4f61b971dbe4fbb63e3ac2feef2a4f4f6b74ac6f76b41386287304d67d3,2022-06,Cambridgeshire Constabulary,Cambridgeshire Constabulary,0.123961,52.205315,On or near Bus/Coach Station,E01032797,Cambridge 007G,Violence and sexual offences,Investigation complete; no suspect identified,
af524ba40f6783390574be1b627ef2833859698f2f6cdc8aa6f4e5766f12271b,2022-06,Cambridgeshire Constabulary,Cambridgeshire Constabulary,0.119789,52.204689,On or near Guildhall Street,E01032797,Cambridge 007G,Violence and sexual offences,Court result unavailable,
6cab5fc70675e17e7bc30dafe125b39507b2e3db2ac06f0fa82e28f01e0bacdc,2022-06,Cambridgeshire Constabulary,Cambridgeshire Constabulary,0.120216,52.206273,On or near Nightclub,E01032797,Cambridge 007G,Violence and sexual offences,Court result unavailable,
568c2bca54de841e85c4a4b03fe20cd7ef5f5a8fbff96ba06835c8c0508f9824,2022-06,Cambridgeshire Constabulary,Cambridgeshire Constabulary,0.130643,52.204575,On or near Prospect Row,E01032797,Cambridge 007G,Violence and sexual offences,Investigation complete; no suspect identified,
771d926a5b182c1c6e14b69bc803a4d34251fb9f8dc181328f123a94be439034,2022-06,Cambridgeshire Constabulary,Cambridgeshire Constabulary,0.118839,52.205632,On or near Petty Cury,E01032797,Cambridge 007G,Violence and sexual offences,Unable to prosecute suspect,
6333de02b407c560df03fdbdbef30aae025668eed9f282b041cfdd4c310d69a8,2022-06,Cambridgeshire Constabulary,Cambridgeshire Constabulary,0.121266,52.205885,On or near Shopping Area,E01032797,Cambridge 007G,Violence and sexual offences,Unable to prosecute suspect,
1a5d732cdfe6fd06d3e4be78b6a6f43d282f0e09a8d7d0f30c636a1f353fc7b2,2022-06,Cambridgeshire Constabulary,Cambridgeshire Constabulary,0.120216,52.206273,On or near Nightclub,E01032797,Cambridge 007G,Violence and sexual offences,Investigation complete; no suspect identified,
fb1f8470ce5bc28d5f34d19cd9175a22efbc415cccda74365291f8b6e2c99064,2022-06,Cambridgeshire Constabulary,Cambridgeshire Constabulary,0.119698,52.207074,On or near Supermarket,E01032797,Cambridge 007G,Violence and sexual offences,Unable to prosecute suspect,
6bd1357079bd226896da3cc72c374ce5dd192ac01aae634c9fe82673c63b50e1,2022-06,Cambridgeshire Constabulary,Cambridgeshire Constabulary,0.119789,52.204689,On or near Guildhall Street,E01032797,Cambridge 007G,Violence and sexual offences,Offender given a caution,
dcb06c6a0722b69e756825cdcdfc5c95ec867f63eb0ff758cdef38df1fedfd40,2022-06,Cambridgeshire Constabulary,Cambridgeshire Constabulary,0.122570,52.203776,On or near Shopping Area,E01032797,Cambridge 007G,Violence and sexual offences,Investigation complete; no suspect identified,
a382cecce22946aa1d09d7f16034c8290b36b14f37a7265fcb4e4a20e8295682,2022-06,Cambridgeshire Constabulary,Cambridgeshire Constabulary,0.125708,52.202973,On or near Camden Court,E01032797,Cambridge 007G,Violence and sexual offences,Unable to prosecute suspect,
6cd6284d9103cbd80c68d946506a87247359cc3cb0103c4255a27072dc220fad,2022-06,Cambridgeshire Constabulary,Cambridgeshire Constabulary,0.123961,52.205315,On or near Bus/Coach Station,E01032797,Cambridge 007G,Violence and sexual offences,Investigation complete; no suspect identified,
6cdddf5560cf6b8a8d272705963357b4224bd4b4168089d330d890ef9f60c2e5,2022-06,Cambridgeshire Constabulary,Cambridgeshire Constabulary,0.121685,52.206390,On or near Further/Higher Educational Building,E01032797,Cambridge 007G,Violence and sexual offences,Unable to prosecute suspect,
7ad62863dcbc6259b4dfe63062a652aaf2c404f18e1310b0af10819b5c1ac145,2022-06,Cambridgeshire Constabulary,Cambridgeshire Constabulary,0.123747,52.203602,On or near Further/Higher Educational Building,E01032797,Cambridge 007G,Violence and sexual offences,Investigation complete; no suspect identified,
6f789878f58bb4a7acf4d354bd7a39a8e2585a0d890591bb9facbfbbab0fc315,2022-06,Cambridgeshire Constabulary,Cambridgeshire Constabulary,0.123747,52.203602,On or near Further/Higher Educational Building,E01032797,Cambridge 007G,Violence and sexual offences,Unable to prosecute suspect,
e0d60ea16e7809d2f914379fd280dec8ac6506aba6acae536bd4f4e9d48897c9,2022-06,Cambridgeshire Constabulary,Cambridgeshire Constabulary,0.123160,52.202956,On or near Further/Higher Educational Building,E01032797,Cambridge 007G,Violence and sexual offences,Unable to prosecute suspect,
d03bb0104928bf34daac6e2449eaa0d823f61b6710c9fdc6253640254b826c30,2022-06,Cambridgeshire Constabulary,Cambridgeshire Constabulary,0.122570,52.203776,On or near Shopping Area,E01032797,Cambridge 007G,Violence and sexual offences,Investigation complete; no suspect identified,
addd0d1fb612040e34b44845f92f8d8bbeea62a07cf9e59c923e4317eb6e61cf,2022-06,Cambridgeshire Constabulary,Cambridgeshire Constabulary,0.125708,52.202973,On or near Camden Court,E01032797,Cambridge 007G,Violence and sexual offences,Investigation complete; no suspect identified,
dc7ddc6ba8321dabb7b8a33f679de056894491370878fbc97484ac345bbbd8d8,2022-06,Cambridgeshire Constabulary,Cambridgeshire Constabulary,0.119789,52.204689,On or near Guildhall Street,E01032797,Cambridge 007G,Violence and sexual offences,Unable to prosecute suspect,
69eb50fc1b82391d23614cd6a0e5edf1ad6bb0568154bc51e8af0c7f9444caa9,2022-06,Cambridgeshire Constabulary,Cambridgeshire Constabulary,0.120910,52.206404,On or near Nightclub,E01032797,Cambridge 007G,Violence and sexual offences,Unable to prosecute suspect,
b4fc0b057cfcf9504cd94fb5fbab3d6c36e1765aaf37fd9a7165ff626093f7b0,2022-06,Cambridgeshire Constabulary,Cambridgeshire Constabulary,0.120216,52.206273,On or near Nightclub,E01032797,Cambridge 007G,Violence and sexual offences,Unable to prosecute suspect,
f23918360c0bb8ba9c066561e1a20cd197edda17d8572164a36f8778c2b2e809,2022-06,Cambridgeshire Constabulary,Cambridgeshire Constabulary,0.123160,52.202956,On or near Further/Higher Educational Building,E01032797,Cambridge 007G,Violence and sexual offences,Unable to prosecute suspect,
2645e4562c363d3f7b532301a7313f076e6a7ca0c9911e8fc0e43caf905d6a51,2022-06,Cambridgeshire Constabulary,Cambridgeshire Constabulary,0.125165,52.201418,On or near Further/Higher Educational Building,E01032797,Cambridge 007G,Violence and sexual offences,Investigation complete; no suspect identified,
dd1f399142befc83afd8b7ccc4fd872df6ac0ef9e2941fa9d11998f2b383a5e7,2022-06,Cambridgeshire Constabulary,Cambridgeshire Constabulary,0.120910,52.206404,On or near Nightclub,E01032797,Cambridge 007G,Violence and sexual offences,Unable to prosecute suspect,
9750dbee915ec8ad0568caac9c085133314437bf6f4a7e58853a2e2fedcbb561,2022-06,Cambridgeshire Constabulary,Cambridgeshire Constabulary,0.120910,52.206404,On or near Nightclub,E01032797,Cambridge 007G,Violence and sexual offences,Unable to prosecute suspect,
c04586b0518d9dde06e74408f98ec3cdd2910be042480812681c2f8110057d39,2022-06,Cambridgeshire Constabulary,Cambridgeshire Constabulary,0.118839,52.205632,On or near Petty Cury,E01032797,Cambridge 007G,Violence and sexual offences,Unable to prosecute suspect,
29c5eb98959f0d34784fd4319fa9231095900623f15e5b1bc1cc666575da7ff1,2022-06,Cambridgeshire Constabulary,Cambridgeshire Constabulary,0.125165,52.201418,On or near Further/Higher Educational Building,E01032797,Cambridge 007G,Violence and sexual offences,Unable to prosecute suspect,
67eebab3671178ee68d70db5c6d522eff4efcb8bca9afb965cd6156cde2ca503,2022-06,Cambridgeshire Constabulary,Cambridgeshire Constabulary,0.125904,52.204624,On or near Parker Street,E01032797,Cambridge 007G,Violence and sexual offences,Investigation complete; no suspect identified,
133c0cb8408afbdec833551fdb1874bebc806feebba4967f010d35940d41897e,2022-06,Cambridgeshire Constabulary,Cambridgeshire Constabulary,0.120216,52.206273,On or near Nightclub,E01032797,Cambridge 007G,Violence and sexual offences,Unable to prosecute suspect,
b361e0f519dbc3b52721f6c55fa9f33eb7abe5ac5b63f1509c16377fd40746b4,2022-06,Cambridgeshire Constabulary,Cambridgeshire Constabulary,0.120216,52.206273,On or near Nightclub,E01032797,Cambridge 007G,Violence and sexual offences,Offender given a caution,
ac923b1bd53e2e4120a10b9f6d42f47c39f3ad08006267753a7d51e2b65da915,2022-06,Cambridgeshire Constabulary,Cambridgeshire Constabulary,0.121685,52.206390,On or near Further/Higher Educational Building,E01032797,Cambridge 007G,Violence and sexual offences,Unable to prosecute suspect,
ac0727169c7072ccea5c2beaab3f3d323d77904ac4119d130785a25026e298fd,2022-06,Cambridgeshire Constabulary,Cambridgeshire Constabulary,0.121266,52.205885,On or near Shopping Area,E01032797,Cambridge 007G,Violence and sexual offences,Investigation complete; no suspect identified,
baae9acf8f7f79ddc55d6fcf650326c68d0b640bb73b411891a03ceb6810c394,2022-06,Cambridgeshire Constabulary,Cambridgeshire Constabulary,0.120216,52.206273,On or near Nightclub,E01032797,Cambridge 007G,Violence and sexual offences,Offender given a caution,
8adab85c8b8cdffa26fad6b7c7713c1ea9bd97af1276084687b820c8f5c00fe6,2022-06,Cambridgeshire Constabulary,Cambridgeshire Constabulary,0.120910,52.206404,On or near Nightclub,E01032797,Cambridge 007G,Violence and sexual offences,Unable to prosecute suspect,
0b9b848ff6133fce918472efe6ae11dbf252464f330ff688ee8cad311f7e8175,2022-06,Cambridgeshire Constabulary,Cambridgeshire Constabulary,0.118715,52.210715,On or near St John'S Road,E01032797,Cambridge 007G,Violence and sexual offences,Unable to prosecute suspect,
d512f7d10324edab3944d0653e0789e256840fe34a16bdfb8f408f1599ee03fc,2022-06,Cambridgeshire Constabulary,Cambridgeshire Constabulary,0.122570,52.203776,On or near Shopping Area,E01032797,Cambridge 007G,Violence and sexual offences,Unable to prosecute suspect,
ab9896acf18cad463f613fad25bba9d19c19fa073d74a5d0a66786f096113a0c,2022-06,Cambridgeshire Constabulary,Cambridgeshire Constabulary,0.123961,52.205315,On or near Bus/Coach Station,E01032797,Cambridge 007G,Violence and sexual offences,Unable to prosecute suspect,
f9f597410a48f39cf0e2f3c04e3eee71e6a5cde41c2d135fec7ca72419053b3f,2022-06,Cambridgeshire Constabulary,Cambridgeshire Constabulary,0.121011,52.203921,On or near Shopping Area,E01032797,Cambridge 007G,Violence and sexual offences,Unable to prosecute suspect,
dc5d67f493ab07c769e83a4b47525b949e599a6870535d0b6bc21d29556da2bc,2022-06,Cambridgeshire Constabulary,Cambridgeshire Constabulary,0.120910,52.206404,On or near Nightclub,E01032797,Cambridge 007G,Violence and sexual offences,Investigation complete; no suspect identified,
41b2a1622b37cf1de658e4231b77433b1e7a4932cc63e145722e3dc71f8d0412,2022-06,Cambridgeshire Constabulary,Cambridgeshire Constabulary,0.120216,52.206273,On or near Nightclub,E01032797,Cambridge 007G,Violence and sexual offences,Offender given a caution,
095c4f03c681cf8524c4c28822c0eab6a3a45681ae1f157b9ddfbe78c36206b4,2022-06,Cambridgeshire Constabulary,Cambridgeshire Constabulary,0.119789,52.204689,On or near Guildhall Street,E01032797,Cambridge 007G,Violence and sexual offences,Status update unavailable,
da7f0507f8d65a692c723eb43c3c9a1a7f904f25ffb090ee10835625fc1198ea,2022-06,Cambridgeshire Constabulary,Cambridgeshire Constabulary,0.120216,52.206273,On or near Nightclub,E01032797,Cambridge 007G,Violence and sexual offences,Offender given a caution,
f1e5e8a7f228f6bcffedad06b8e7992d687f1b19b20a7536117f8622c9ffb02a,2022-06,Cambridgeshire Constabulary,Cambridgeshire Constabulary,0.125165,52.201418,On or near Further/Higher Educational Building,E01032797,Cambridge 007G,Violence and sexual offences,Unable to prosecute suspect,
bf3323688868373642da7360fd2660a7fe2d15fd5efced3f4baa7e3daf0e0696,2022-06,Cambridgeshire Constabulary,Cambridgeshire Constabulary,0.120216,52.206273,On or near Nightclub,E01032797,Cambridge 007G,Other crime,Unable to prosecute suspect,
696e09d981eef3b1b0585a338cc394a7dab0974d08b2390f9b0b18a697d0400f,2022-06,Cambridgeshire Constabulary,Cambridgeshire Constabulary,0.120216,52.206273,On or near Nightclub,E01032797,Cambridge 007G,Other crime,Unable to prosecute suspect,
bbd796a7da84c2c443d249b324b3187f5ef0a7714818dd54953855b47d1d18d1,2022-06,Cambridgeshire Constabulary,Cambridgeshire Constabulary,0.121011,52.203921,On or near Shopping Area,E01032797,Cambridge 007G,Other crime,Court result unavailable,
14d2c0f8382407616e80dd58b882c29864bef8310e3af3db3a9e94f221318ec3,2022-06,Cambridgeshire Constabulary,Cambridgeshire Constabulary,0.120216,52.206273,On or near Nightclub,E01032797,Cambridge 007G,Other crime,Court result unavailable,
a175c981d851f236c148652fe801fea58e58e0438f76a7909302973761de4709,2022-06,Cambridgeshire Constabulary,Cambridgeshire Constabulary,0.118701,52.208269,On or near Bridge Street,E01032797,Cambridge 007G,Other crime,Court result unavailable,
b47900e55a3ec33f34e9e3a8d0278c52ff948a6d4db5968ec8888bcfbe1a9f14,2022-06,Cambridgeshire Constabulary,Cambridgeshire Constabulary,0.116260,52.202801,On or near Queens' Lane,E01035516,Cambridge 007I,Violence and sexual offences,Unable to prosecute suspect,
64f7155d60fe82e04918b68106e0f77609b7ab2226715f15fddc26afe578d551,2022-06,Cambridgeshire Constabulary,Cambridgeshire Constabulary,0.121266,52.205885,On or near Shopping Area,E01035517,Cambridge 007J,Drugs,Awaiting court outcome,
fa1374218a8c588a7a9307c5ae13cd0e383c22697f5d5b2499e98de63c36ac53,2022-06,Cambridgeshire Constabulary,Cambridgeshire Constabulary,0.121266,52.205885,On or near Shopping Area,E01035517,Cambridge 007J,Possession of weapons,Awaiting court outcome,
,2022-06,Cambridgeshire Constabulary,Cambridgeshire Constabulary,0.130716,52.197524,On or near Cambridge Place,E01017987,Cambridge 008A,Anti-social behaviour,,
,2022-06,Cambridgeshire Constabulary,Cambridgeshire Constabulary,0.136084,52.195961,On or near Ravensworth Gardens,E01017987,Cambridge 008A,Anti-social behaviour,,
,2022-06,Cambridgeshire Constabulary,Cambridgeshire Constabulary,0.136084,52.195961,On or near Ravensworth Gardens,E01017987,Cambridge 008A,Anti-social behaviour,,
,2022-06,Cambridgeshire Constabulary,Cambridgeshire Constabulary,0.138101,52.195601,On or near Parking Area,E01017987,Cambridge 008A,Anti-social behaviour,,
a6146e3c52bdbca2f3490d1f5f1e25d2ac9aa5dc06318e694b9d218f5814b7c6,2022-06,Cambridgeshire Constabulary,Cambridgeshire Constabulary,0.138101,52.195601,On or near Parking Area,E01017987,Cambridge 008A,Bicycle theft,Investigation complete; no suspect identified,
f08952b2f7f81a193b0cb44e9fab57bf337e46db6973df97300743c84ba6fec7,2022-06,Cambridgeshire Constabulary,Cambridgeshire Constabulary,0.134366,52.194922,On or near Further/Higher Educational Building,E01017987,Cambridge 008A,Bicycle theft,Investigation complete; no suspect identified,
9c472cc2a6a003d397a9547813a56ed9ef7d19323218e4d956a3a0a000488ecd,2022-06,Cambridgeshire Constabulary,Cambridgeshire Constabulary,0.138101,52.195601,On or near Parking Area,E01017987,Cambridge 008A,Bicycle theft,Investigation complete; no suspect identified,
fce850c32c37ecc0d81fdf64eb713e940422ce080d086967a49ea06d71f07dd2,2022-06,Cambridgeshire Constabulary,Cambridgeshire Constabulary,0.138101,52.195601,On or near Parking Area,E01017987,Cambridge 008A,Bicycle theft,Investigation complete; no suspect identified,
9e41f48f244400e612fa46ed70b8f1945147bb55a0dcc87fd04c39ffd3a48f50,2022-06,Cambridgeshire Constabulary,Cambridgeshire Constabulary,0.138528,52.197499,On or near Devonshire Road,E01017987,Cambridge 008A,Bicycle theft,Investigation complete; no suspect identified,
71c886be3e812d37a69653f83a4bf2d01fcae1935df6580579b5adbc4cf983d5,2022-06,Cambridgeshire Constabulary,Cambridgeshire Constabulary,0.138101,52.195601,On or near Parking Area,E01017987,Cambridge 008A,Bicycle theft,Investigation complete; no suspect identified,
281144e02865024d7a6669417bcc594bde0d32052fe63aa9ecb9a4785711d9e7,2022-06,Cambridgeshire Constabulary,Cambridgeshire Constabulary,0.138101,52.195601,On or near Parking Area,E01017987,Cambridge 008A,Bicycle theft,Investigation complete; no suspect identified,
a775d374ef9badc0cf931481f61df4038987c839562424a4a64c3412d6e08532,2022-06,Cambridgeshire Constabulary,Cambridgeshire Constabulary,0.138101,52.195601,On or near Parking Area,E01017987,Cambridge 008A,Bicycle theft,Investigation complete; no suspect identified,
28f33e9372182dac819b147398aaed3916f29dd344cd44a2cd9ab9615ddd0626,2022-06,Cambridgeshire Constabulary,Cambridgeshire Constabulary,0.132593,52.195179,On or near Further/Higher Educational Building,E01017987,Cambridge 008A,Bicycle theft,Investigation complete; no suspect identified,
4888484e7908b2f6d27ad1ba882d673c42bd86fb33b2a9f8b4eb335f325cd4da,2022-06,Cambridgeshire Constabulary,Cambridgeshire Constabulary,0.138101,52.195601,On or near Parking Area,E01017987,Cambridge 008A,Bicycle theft,Investigation complete; no suspect identified,
809ac0fa737246498e2540502e9559bc8fe4042c4119effa72e38cd83da3bd92,2022-06,Cambridgeshire Constabulary,Cambridgeshire Constabulary,0.138101,52.195601,On or near Parking Area,E01017987,Cambridge 008A,Other theft,Investigation complete; no suspect identified,
f89d66b4a26b89e4c847c94caa78e811a49f627f520bd8795bb0267345a76589,2022-06,Cambridgeshire Constabulary,Cambridgeshire Constabulary,0.138101,52.195601,On or near Parking Area,E01017987,Cambridge 008A,Other theft,Investigation complete; no suspect identified,
c5f70836fd844fd9e263db16ce1227e90e800e8e3367f9a3d71744ac2cfb7769,2022-06,Cambridgeshire Constabulary,Cambridgeshire Constabulary,0.130716,52.197524,On or near Cambridge Place,E01017987,Cambridge 008A,Other theft,Unable to prosecute suspect,
df9c555da9eb26ba82c2985e33e75e49d9cae401c4dd4d14ed2e62090d84959b,2022-06,Cambridgeshire Constabulary,Cambridgeshire Constabulary,0.138101,52.195601,On or near Parking Area,E01017987,Cambridge 008A,Other theft,Investigation complete; no suspect identified,
0496ff5232f8839a7310d62000263281564efccc2c97a8ae9e59ca088da02a64,2022-06,Cambridgeshire Constabulary,Cambridgeshire Constabulary,0.134366,52.194922,On or near Further/Higher Educational Building,E01017987,Cambridge 008A,Public order,Investigation complete; no suspect identified,
3f9141d3dd58f6e08565f804aecb7768154eedfd9a2cb5f95e6798b2eadc305a,2022-06,Cambridgeshire Constabulary,Cambridgeshire Constabulary,0.131235,52.195545,On or near Claremont,E01017987,Cambridge 008A,Public order,Unable to prosecute suspect,
0c2cf1e289cf07987f1718f688512fe7967452c5ed005f6492cd0acdefce3409,2022-06,Cambridgeshire Constabulary,Cambridgeshire Constabulary,0.138528,52.197499,On or near Devonshire Road,E01017987,Cambridge 008A,Shoplifting,Investigation complete; no suspect identified,
ea6fb0e4f0557e452c5840246718eabb888c17bb184501143371dfd2aea86d8b,2022-06,Cambridgeshire Constabulary,Cambridgeshire Constabulary,0.131235,52.195545,On or near Claremont,E01017987,Cambridge 008A,Violence and sexual offences,Investigation complete; no suspect identified,
fdc16e25e56926c76d922a34df70e80e8d9736328f1f77d7c58a9cfbf0c6aa21,2022-06,Cambridgeshire Constabulary,Cambridgeshire Constabulary,0.138528,52.197499,On or near Devonshire Road,E01017987,Cambridge 008A,Violence and sexual offences,Unable to prosecute suspect,
98b5033d370b61cd9cff3c7356c654b6c52e7a85d086931479ffc24950893a6c,2022-06,Cambridgeshire Constabulary,Cambridgeshire Constabulary,0.138528,52.197499,On or near Devonshire Road,E01017987,Cambridge 008A,Other crime,Unable to prosecute suspect,
,2022-06,Cambridgeshire Constabulary,Cambridgeshire Constabulary,0.131537,52.200017,On or near Sports/Recreation Area,E01017988,Cambridge 008B,Anti-social behaviour,,
,2022-06,Cambridgeshire Constabulary,Cambridgeshire Constabulary,0.134260,52.200337,On or near Covent Garden,E01017988,Cambridge 008B,Anti-social behaviour,,
e392f3649a9966c99b5edd1556d9039934d25d064f255f935d681d413635ba33,2022-06,Cambridgeshire Constabulary,Cambridgeshire Constabulary,0.131946,52.201521,On or near Mortimer Road,E01017988,Cambridge 008B,Bicycle theft,Investigation complete; no suspect identified,
352a481c7e840b599848c5e5c04ffe6ef50e3e14e6771a1d65edbee26390b4ce,2022-06,Cambridgeshire Constabulary,Cambridgeshire Constabulary,0.129623,52.200987,On or near Gonville Place,E01017988,Cambridge 008B,Drugs,Status update unavailable,
e5f979a0592bafc386fe56e70f3de2a33221efa74d2ecbb9c0e27df7e4919b34,2022-06,Cambridgeshire Constabulary,Cambridgeshire Constabulary,0.129623,52.200987,On or near Gonville Place,E01017988,Cambridge 008B,Drugs,Court result unavailable,
bcd4417b4591371028e690c825c469b73299d51babd028b4a2bb33867e678e05,2022-06,Cambridgeshire Constabulary,Cambridgeshire Constabulary,0.131946,52.201521,On or near Mortimer Road,E01017988,Cambridge 008B,Public order,Investigation complete; no suspect identified,
e2228062475436c59b9de0698069956d1f49b2036cb9375438f12cc65831152d,2022-06,Cambridgeshire Constabulary,Cambridgeshire Constabulary,0.135685,52.199232,On or near Felton Street,E01017988,Cambridge 008B,Public order,Unable to prosecute suspect,
1076c2a09eb87698a275cec42e5c465c63a2dfc795182f42829701ec251aca36,2022-06,Cambridgeshire Constabulary,Cambridgeshire Constabulary,0.131946,52.201521,On or near Mortimer Road,E01017988,Cambridge 008B,Public order,Unable to prosecute suspect,
d365064c7321cc1305280a948c4faf0439127b8c15b29a2500c9a8f646001a62,2022-06,Cambridgeshire Constabulary,Cambridgeshire Constabulary,0.129623,52.200987,On or near Gonville Place,E01017988,Cambridge 008B,Robbery,Investigation complete; no suspect identified,
ddb8d8fcc14364891657b736b0857118c3529d342becdb5c6694d9ed43044166,2022-06,Cambridgeshire Constabulary,Cambridgeshire Constabulary,0.134861,52.198842,On or near Mawson Road,E01017988,Cambridge 008B,Vehicle crime,Investigation complete; no suspect identified,
9943a4e2ba85675f5a5174fa13fb6fd9fe92f1dbc34e89301b65c14f94103cf6,2022-06,Cambridgeshire Constabulary,Cambridgeshire Constabulary,0.129623,52.200987,On or near Gonville Place,E01017988,Cambridge 008B,Vehicle crime,Investigation complete; no suspect identified,
485f40147f9515b6c753bb1c01d7624e0e7b02e80fa853bbe5da4cab69b9fd62,2022-06,Cambridgeshire Constabulary,Cambridgeshire Constabulary,0.129623,52.200987,On or near Gonville Place,E01017988,Cambridge 008B,Vehicle crime,Investigation complete; no suspect identified,
d735dcd73996ee4f58fe20bcd5d798d1a8df6221e874fb9c863185eb8d4876b7,2022-06,Cambridgeshire Constabulary,Cambridgeshire Constabulary,0.129623,52.200987,On or near Gonville Place,E01017988,Cambridge 008B,Vehicle crime,Investigation complete; no suspect identified,
208016271a2a7409cd9e187d77d7822f155c1d4c44b01f0bd4a10ab1d5fd0b32,2022-06,Cambridgeshire Constabulary,Cambridgeshire Constabulary,0.131946,52.201521,On or near Mortimer Road,E01017988,Cambridge 008B,Vehicle crime,Unable to prosecute suspect,
3802b4365aed2088ca6a816af2486a130f2c0195d702b874cae581cfda053700,2022-06,Cambridgeshire Constabulary,Cambridgeshire Constabulary,0.129623,52.200987,On or near Gonville Place,E01017988,Cambridge 008B,Violence and sexual offences,Unable to prosecute suspect,
67841bd71c6675653029b51d64538c512eace1c2bbdc33556c0281da67754f4b,2022-06,Cambridgeshire Constabulary,Cambridgeshire Constabulary,0.129623,52.200987,On or near Gonville Place,E01017988,Cambridge 008B,Violence and sexual offences,Court result unavailable,
0802c574bbd8c168bc45ce3953c95eff84d9d2f4f677bb7ec914c25993d7bf02,2022-06,Cambridgeshire Constabulary,Cambridgeshire Constabulary,0.135280,52.201469,On or near Mackenzie Road,E01017988,Cambridge 008B,Violence and sexual offences,Unable to prosecute suspect,
9a64e34fdddc41b7ce28481b466341a4633f28f9dcb8b7cb2b14b1f822e1485b,2022-06,Cambridgeshire Constabulary,Cambridgeshire Constabulary,0.129623,52.200987,On or near Gonville Place,E01017988,Cambridge 008B,Violence and sexual offences,Unable to prosecute suspect,
13654e586e6225d429022a8263c9fedde52e9e7c49513e3de41541edf86f55e8,2022-06,Cambridgeshire Constabulary,Cambridgeshire Constabulary,0.135685,52.199232,On or near Felton Street,E01017988,Cambridge 008B,Violence and sexual offences,Unable to prosecute suspect,
2b837eab654332d01072801d85b4b208673f8f53c15058c852fef47d665f234f,2022-06,Cambridgeshire Constabulary,Cambridgeshire Constabulary,0.135685,52.199232,On or near Felton Street,E01017988,Cambridge 008B,Violence and sexual offences,Unable to prosecute suspect,
10463a23e7dd1bca80a782e0ed66bb0a9d679b53fa55eeaae641bcca5ac0cda1,2022-06,Cambridgeshire Constabulary,Cambridgeshire Constabulary,0.131946,52.201521,On or near Mortimer Road,E01017988,Cambridge 008B,Violence and sexual offences,Investigation complete; no suspect identified,
bcb5ebc72b500b4388b76fef8822e4d6778803a90ba68e78027117af058d6d14,2022-06,Cambridgeshire Constabulary,Cambridgeshire Constabulary,0.129623,52.200987,On or near Gonville Place,E01017988,Cambridge 008B,Violence and sexual offences,Court result unavailable,
231fc9128b1bba1d9ce8b2607e5161123105ee6b8b6a8f0f497a4521ef575c62,2022-06,Cambridgeshire Constabulary,Cambridgeshire Constabulary,0.129623,52.200987,On or near Gonville Place,E01017988,Cambridge 008B,Violence and sexual offences,Court result unavailable,
78e473f7cd1777764d386758f3e0e50c60c749792827bb90bda663307550f723,2022-06,Cambridgeshire Constabulary,Cambridgeshire Constabulary,0.129623,52.200987,On or near Gonville Place,E01017988,Cambridge 008B,Other crime,Unable to prosecute suspect,
,2022-06,Cambridgeshire Constabulary,Cambridgeshire Constabulary,0.137933,52.208273,On or near Pedestrian Subway,E01017989,Cambridge 008C,Anti-social behaviour,,
,2022-06,Cambridgeshire Constabulary,Cambridgeshire Constabulary,0.141087,52.204143,On or near York Terrace,E01017989,Cambridge 008C,Anti-social behaviour,,
,2022-06,Cambridgeshire Constabulary,Cambridgeshire Constabulary,0.144383,52.207859,On or near Coldham'S Lane,E01017989,Cambridge 008C,Anti-social behaviour,,
,2022-06,Cambridgeshire Constabulary,Cambridgeshire Constabulary,0.139762,52.203987,On or near Milford Street,E01017989,Cambridge 008C,Anti-social behaviour,,
3906f85fa7d99c4cc12a087f28bce266b7980f304e5161e543c163cba9331230,2022-06,Cambridgeshire Constabulary,Cambridgeshire Constabulary,0.142504,52.203793,On or near Sleaford Street,E01017989,Cambridge 008C,Bicycle theft,Investigation complete; no suspect identified,
80d9226b2fc0fd232b8ef61e09f2ff254ef784b674fd1d5a278ec3d3b77f0d0f,2022-06,Cambridgeshire Constabulary,Cambridgeshire Constabulary,0.141649,52.203350,On or near Rivar Place,E01017989,Cambridge 008C,Burglary,Investigation complete; no suspect identified,
cd42024d2243228fb414d729cc7ef244b860740eee051cc54f9cc50819461a71,2022-06,Cambridgeshire Constabulary,Cambridgeshire Constabulary,0.137514,52.207454,On or near Parker'S Terrace,E01017989,Cambridge 008C,Burglary,Local resolution,
3a5ce5135180f3dcd8c398112879b61551db9db9830a073b8ed44b023b64b003,2022-06,Cambridgeshire Constabulary,Cambridgeshire Constabulary,0.140025,52.207633,On or near New Street,E01017989,Cambridge 008C,Drugs,Investigation complete; no suspect identified,
299da12277cfea7354f7bc811f877856e0ecf1517461275cf6fb222d67813905,2022-06,Cambridgeshire Constabulary,Cambridgeshire Constabulary,0.137514,52.207454,On or near Parker'S Terrace,E01017989,Cambridge 008C,Possession of weapons,Offender given a caution,
3808ad237ef653203fea1bff1c914120977321ae6216e6c6dec1be9f404bec34,2022-06,Cambridgeshire Constabulary,Cambridgeshire Constabulary,0.138977,52.204702,On or near Upper Gwydir Street,E01017989,Cambridge 008C,Public order,Investigation complete; no suspect identified,
188af337e351d1d4e3e70b84c5dd7bb69fae16db0a5335ecffaa472706350273,2022-06,Cambridgeshire Constabulary,Cambridgeshire Constabulary,0.138977,52.204702,On or near Upper Gwydir Street,E01017989,Cambridge 008C,Public order,Unable to prosecute suspect,
f5f13a559f50b179ce36357f4e3bae118b0d0324c97cda12a88ce0925a7d8ff7,2022-06,Cambridgeshire Constabulary,Cambridgeshire Constabulary,0.141673,52.205076,On or near York Street,E01017989,Cambridge 008C,Shoplifting,Investigation complete; no suspect identified,
170b7363c6f2c05c83bf4297f1954b374f39090bdcf78f3a46a27ea55a87d020,2022-06,Cambridgeshire Constabulary,Cambridgeshire Constabulary,0.138803,52.205344,On or near Vicarage Terrace,E01017989,Cambridge 008C,Vehicle crime,Investigation complete; no suspect identified,
737eb9fa2ae6ba12017b07af4a5ef4dc933692a2c7a17059120e5fdf741c819e,2022-06,Cambridgeshire Constabulary,Cambridgeshire Constabulary,0.140486,52.206258,On or near Abbey Walk,E01017989,Cambridge 008C,Violence and sexual offences,Unable to prosecute suspect,
19ca0eb9d22b1f58b479c8539f33c6e310bdfeca60da2b3ddaabd32bca81fb6d,2022-06,Cambridgeshire Constabulary,Cambridgeshire Constabulary,0.140025,52.207633,On or near New Street,E01017989,Cambridge 008C,Violence and sexual offences,Unable to prosecute suspect,
666bb8100ea7c378688acb97381459d5ef296bb32d7c2d24ac2c9b1c67a92c6d,2022-06,Cambridgeshire Constabulary,Cambridgeshire Constabulary,0.140486,52.206258,On or near Abbey Walk,E01017989,Cambridge 008C,Violence and sexual offences,Unable to prosecute suspect,
9264d7d152639627b78d6302c63db2c633fa550414f18b2f33b668b6a04ab8e2,2022-06,Cambridgeshire Constabulary,Cambridgeshire Constabulary,0.141087,52.204143,On or near York Terrace,E01017989,Cambridge 008C,Violence and sexual offences,Unable to prosecute suspect,
b4a0c2cb021f0d70503beea7e3365644131eccf05a14bd47a867be225ea46547,2022-06,Cambridgeshire Constabulary,Cambridgeshire Constabulary,0.140025,52.207633,On or near New Street,E01017989,Cambridge 008C,Violence and sexual offences,Action to be taken by another organisation,
5a7dc5ba9f64f91285a4c010dd43a15f9f74ceec9a9190bc0ce7109b99dd224e,2022-06,Cambridgeshire Constabulary,Cambridgeshire Constabulary,0.141087,52.204143,On or near York Terrace,E01017989,Cambridge 008C,Violence and sexual offences,Unable to prosecute suspect,
43b8989673b45bc239eee97c5c8e0f9d23fa3efc43262137ded74405a0222446,2022-06,Cambridgeshire Constabulary,Cambridgeshire Constabulary,0.140486,52.206258,On or near Abbey Walk,E01017989,Cambridge 008C,Violence and sexual offences,Investigation complete; no suspect identified,
,2022-06,Cambridgeshire Constabulary,Cambridgeshire Constabulary,0.143006,52.202966,On or near Stone Street,E01017990,Cambridge 008D,Anti-social behaviour,,
7ce1db1a2d9cdc61d307df61f7eeb16fab111d884c7766377ebd0c9492bf4d6d,2022-06,Cambridgeshire Constabulary,Cambridgeshire Constabulary,0.140843,52.201198,On or near Hooper Street,E01017990,Cambridge 008D,Bicycle theft,Investigation complete; no suspect identified,
eb856a69e171b847bda92cb462903113945d5fe559003935fad1990cea0d706f,2022-06,Cambridgeshire Constabulary,Cambridgeshire Constabulary,0.145632,52.206146,On or near Supermarket,E01017990,Cambridge 008D,Bicycle theft,Investigation complete; no suspect identified,
b608c4a3983184e279086b805e742df8d6485e11d052da44e70e1e56c850c100,2022-06,Cambridgeshire Constabulary,Cambridgeshire Constabulary,0.145632,52.206146,On or near Supermarket,E01017990,Cambridge 008D,Bicycle theft,Investigation complete; no suspect identified,
a29cca062afae7f8ec3f07b0bbc5ca62e77a797858b8c87251fb6a25dc5cabae,2022-06,Cambridgeshire Constabulary,Cambridgeshire Constabulary,0.139241,52.201982,On or near Gwydir Street,E01017990,Cambridge 008D,Bicycle theft,Investigation complete; no suspect identified,
32240dcf6796da60905fa6c016f727c86a22eb35b4d9b8fcb007c1b2f7470a78,2022-06,Cambridgeshire Constabulary,Cambridgeshire Constabulary,0.145632,52.206146,On or near Supermarket,E01017990,Cambridge 008D,Bicycle theft,Investigation complete; no suspect identified,
d41e9d05eccfb846be9b08b500fcd6ebbed667f9da9a12abcc7988dae9794fd9,2022-06,Cambridgeshire Constabulary,Cambridgeshire Constabulary,0.139785,52.200192,On or near Kingston Street,E01017990,Cambridge 008D,Drugs,Status update unavailable,
7305b898da103c176f450d861ebb582eef5cd90d6fa8871baa2123150bd753f2,2022-06,Cambridgeshire Constabulary,Cambridgeshire Constabulary,0.142551,52.202021,On or near Ainsworth Place,E01017990,Cambridge 008D,Other theft,Investigation complete; no suspect identified,
0bd391bad17b7ab35908458c06c7b0366acc52a4de2fc1978a68bb201aa45ef1,2022-06,Cambridgeshire Constabulary,Cambridgeshire Constabulary,0.145632,52.206146,On or near Supermarket,E01017990,Cambridge 008D,Other theft,Investigation complete; no suspect identified,
9282451b9604ae95229f0617cf043017d2f203a04ce56ada21938366a538152e,2022-06,Cambridgeshire Constabulary,Cambridgeshire Constabulary,0.140843,52.201198,On or near Hooper Street,E01017990,Cambridge 008D,Other theft,Investigation complete; no suspect identified,
7bacc3a1e4dcd777f699c4403affc1b75f7c5c41c5629e5953c30b83111c2069,2022-06,Cambridgeshire Constabulary,Cambridgeshire Constabulary,0.145632,52.206146,On or near Supermarket,E01017990,Cambridge 008D,Other theft,Investigation complete; no suspect identified,
bc6b4caa37d8719b808f3ed86d5d0d7b7459567f5f628c34d419a013f8b50cdc,2022-06,Cambridgeshire Constabulary,Cambridgeshire Constabulary,0.143006,52.202966,On or near Stone Street,E01017990,Cambridge 008D,Other theft,Investigation complete; no suspect identified,
09185b872879f536c0ef0b20ca29bb4ef9b15f93bdf82761f0d8c0a10233dd5a,2022-06,Cambridgeshire Constabulary,Cambridgeshire Constabulary,0.145632,52.206146,On or near Supermarket,E01017990,Cambridge 008D,Shoplifting,Investigation complete; no suspect identified,
17d6384d25297cca57a88d9558f198c8e7a1357572e4ccba5456df491882136c,2022-06,Cambridgeshire Constabulary,Cambridgeshire Constabulary,0.145632,52.206146,On or near Supermarket,E01017990,Cambridge 008D,Shoplifting,Investigation complete; no suspect identified,
8496443aeb233b96523ca9103f115e6f6b801c65e98e381e7c2e18757ac80ce7,2022-06,Cambridgeshire Constabulary,Cambridgeshire Constabulary,0.145632,52.206146,On or near Supermarket,E01017990,Cambridge 008D,Violence and sexual offences,Court result unavailable,
c57e7a5f302bf3f04893ec6b413d7d993f40a414187ba73c6aa44e5509cb6dba,2022-06,Cambridgeshire Constabulary,Cambridgeshire Constabulary,0.139785,52.200192,On or near Kingston Street,E01017990,Cambridge 008D,Violence and sexual offences,Unable to prosecute suspect,
6a40522dda9cd57919ee1ec65e09923c9654ead2e7cddd620430e18b68767611,2022-06,Cambridgeshire Constabulary,Cambridgeshire Constabulary,0.145632,52.206146,On or near Supermarket,E01017990,Cambridge 008D,Violence and sexual offences,Unable to prosecute suspect,
,2022-06,Cambridgeshire Constabulary,Cambridgeshire Constabulary,0.132986,52.203372,On or near Bradmore Lane,E01017991,Cambridge 008E,Anti-social behaviour,,
,2022-06,Cambridgeshire Constabulary,Cambridgeshire Constabulary,0.132986,52.203372,On or near Bradmore Lane,E01017991,Cambridge 008E,Anti-social behaviour,,
,2022-06,Cambridgeshire Constabulary,Cambridgeshire Constabulary,0.135866,52.200560,On or near Mill Road,E01017991,Cambridge 008E,Anti-social behaviour,,
,2022-06,Cambridgeshire Constabulary,Cambridgeshire Constabulary,0.132986,52.203372,On or near Bradmore Lane,E01017991,Cambridge 008E,Anti-social behaviour,,
,2022-06,Cambridgeshire Constabulary,Cambridgeshire Constabulary,0.135866,52.200560,On or near Mill Road,E01017991,Cambridge 008E,Anti-social behaviour,,
,2022-06,Cambridgeshire Constabulary,Cambridgeshire Constabulary,0.133209,52.203458,On or near Bradmore Street,E01017991,Cambridge 008E,Anti-social behaviour,,
0ec8a542471cf72ec013c09de8fd737cbf90c155ffc5f43aedea2ca3d0de0b7c,2022-06,Cambridgeshire Constabulary,Cambridgeshire Constabulary,0.138962,52.199829,On or near Parking Area,E01017991,Cambridge 008E,Bicycle theft,Investigation complete; no suspect identified,
dc0161de8b30c68b4b6c641c1eb3d5325bc20739463883affa3c9683fc8877be,2022-06,Cambridgeshire Constabulary,Cambridgeshire Constabulary,0.132986,52.203372,On or near Bradmore Lane,E01017991,Cambridge 008E,Bicycle theft,Investigation complete; no suspect identified,
85d4fbb577ed68472358d732ff807a5d13e9a9081d755ec674c02a6c3c512ce3,2022-06,Cambridgeshire Constabulary,Cambridgeshire Constabulary,0.134243,52.203961,On or near Theatre/Concert Hall,E01017991,Cambridge 008E,Bicycle theft,Investigation complete; no suspect identified,
f51e6483a7bf6a8f9bded609398cf77b9fab912b569cfabd95b5f8c30038c934,2022-06,Cambridgeshire Constabulary,Cambridgeshire Constabulary,0.138962,52.199829,On or near Parking Area,E01017991,Cambridge 008E,Burglary,Investigation complete; no suspect identified,
c8207024107b70044f53ea494a3fd91cf165a4def8395f4547d045090a1173ef,2022-06,Cambridgeshire Constabulary,Cambridgeshire Constabulary,0.137046,52.200763,On or near Ditchburn Place,E01017991,Cambridge 008E,Burglary,Court result unavailable,
dbc6aed0d593b97f8dc53d1b6817a467bebf734fcc9dee80e7184cacb54b1b10,2022-06,Cambridgeshire Constabulary,Cambridgeshire Constabulary,0.134886,52.205775,On or near Crispin Place,E01017991,Cambridge 008E,Drugs,Offender given a caution,
30fd88b4fbaa7985ba978b0ae1d32aa7985da0d913ceebda13272a00da5368ce,2022-06,Cambridgeshire Constabulary,Cambridgeshire Constabulary,0.136022,52.204127,On or near Flower Street,E01017991,Cambridge 008E,Other theft,Investigation complete; no suspect identified,
5070586f9e1d16c2d81d389b0b9698597134ff9f214ea87c3507ef68249f0d59,2022-06,Cambridgeshire Constabulary,Cambridgeshire Constabulary,0.134489,52.205431,On or near East Road,E01017991,Cambridge 008E,Other theft,Investigation complete; no suspect identified,
27c493dc9428b4ecc478500b25071f21f481d7e62d981d0bb260a7beb814866f,2022-06,Cambridgeshire Constabulary,Cambridgeshire Constabulary,0.136022,52.204127,On or near Flower Street,E01017991,Cambridge 008E,Other theft,Investigation complete; no suspect identified,
10bb4628c1aee4c48743c03007ebf970a3770883968fc2fc87314ffe75654875,2022-06,Cambridgeshire Constabulary,Cambridgeshire Constabulary,0.138962,52.199829,On or near Parking Area,E01017991,Cambridge 008E,Possession of weapons,Court result unavailable,
e5dbad5ac8440d73795f718250b4cea7e1495653a045766251fc6527877e590d,2022-06,Cambridgeshire Constabulary,Cambridgeshire Constabulary,0.135866,52.200560,On or near Mill Road,E01017991,Cambridge 008E,Public order,Investigation complete; no suspect identified,
08e9e2abee44a317c90bea69abe1e8e3e84ab966fd0f178942a249690deab59b,2022-06,Cambridgeshire Constabulary,Cambridgeshire Constabulary,0.134489,52.205431,On or near East Road,E01017991,Cambridge 008E,Public order,Court result unavailable,
d7df662c118552a97f6d200cff1625ae643a851db1bd8ace287c6fd24361b7c4,2022-06,Cambridgeshire Constabulary,Cambridgeshire Constabulary,0.136381,52.205505,On or near Staffordshire Street,E01017991,Cambridge 008E,Public order,Unable to prosecute suspect,
c8f168ca45004ff092d3c6201681c080ca870def1519023e9d9c1042f12d6d78,2022-06,Cambridgeshire Constabulary,Cambridgeshire Constabulary,0.137046,52.200763,On or near Ditchburn Place,E01017991,Cambridge 008E,Public order,Court result unavailable,
3f7dbd1b315808ba2afebb339c27259cb86ce5469348844707386baefcf0114d,2022-06,Cambridgeshire Constabulary,Cambridgeshire Constabulary,0.135866,52.200560,On or near Mill Road,E01017991,Cambridge 008E,Public order,Investigation complete; no suspect identified,
9f67d33d7634a6f1f27a8d4f29febbd1f2604771089e57d64604c583d269dd31,2022-06,Cambridgeshire Constabulary,Cambridgeshire Constabulary,0.135866,52.200560,On or near Mill Road,E01017991,Cambridge 008E,Shoplifting,Investigation complete; no suspect identified,
478dd327f55f8d163f2fec33b4f12f7a437aabc4d50c7c0da7e70fd5eced27c8,2022-06,Cambridgeshire Constabulary,Cambridgeshire Constabulary,0.135866,52.200560,On or near Mill Road,E01017991,Cambridge 008E,Shoplifting,Investigation complete; no suspect identified,
9dcf98eec87fb98fba93cd13178c4d9c87a56b3b1d1ff9c1f4a301b708a13ec8,2022-06,Cambridgeshire Constabulary,Cambridgeshire Constabulary,0.138962,52.199829,On or near Parking Area,E01017991,Cambridge 008E,Vehicle crime,Unable to prosecute suspect,
b16c7d4da3fd8a601306194321095b8c20084332d18e851479eca9f24dd28678,2022-06,Cambridgeshire Constabulary,Cambridgeshire Constabulary,0.136022,52.204127,On or near Flower Street,E01017991,Cambridge 008E,Violence and sexual offences,Unable to prosecute suspect,
2c393fd992a81e8083543c8e8550b91668e9245161dacde7dc573107b19822fe,2022-06,Cambridgeshire Constabulary,Cambridgeshire Constabulary,0.136381,52.205505,On or near Staffordshire Street,E01017991,Cambridge 008E,Violence and sexual offences,Local resolution,
96d2f3b5e34a40b7bbd59b63b105cc67ccd6f1a0386a3554b45141f2d21d8233,2022-06,Cambridgeshire Constabulary,Cambridgeshire Constabulary,0.137046,52.200763,On or near Ditchburn Place,E01017991,Cambridge 008E,Violence and sexual offences,Status update unavailable,
09230aebaa05adab7c52e6feaa8d22b29a4bd5bf5cf5bc9ac3dbaf84ff8773ae,2022-06,Cambridgeshire Constabulary,Cambridgeshire Constabulary,0.135866,52.200560,On or near Mill Road,E01017991,Cambridge 008E,Violence and sexual offences,Unable to prosecute suspect,
05b15b7983b5b188fc2e85fdf10a3a528ea389f85baea1d897a81d44a567b0c0,2022-06,Cambridgeshire Constabulary,Cambridgeshire Constabulary,0.132986,52.203372,On or near Bradmore Lane,E01017991,Cambridge 008E,Violence and sexual offences,Investigation complete; no suspect identified,
a2a56654ff0f6811aa2f9f67a54f930f8ec3ee073dde45671e1e901bc9240849,2022-06,Cambridgeshire Constabulary,Cambridgeshire Constabulary,0.133315,52.203222,On or near Palmers Walk,E01017991,Cambridge 008E,Violence and sexual offences,Investigation complete; no suspect identified,
c9de24cab85fe2b73cc073a9fd5a11c2e1bcc2f2d814c5bc35fd86392347fa65,2022-06,Cambridgeshire Constabulary,Cambridgeshire Constabulary,0.138962,52.199829,On or near Parking Area,E01017991,Cambridge 008E,Violence and sexual offences,Unable to prosecute suspect,
82adc77d3b15d36c3a0f9ed6124fb1acadeef9493e36f323347c73c8cb13e34b,2022-06,Cambridgeshire Constabulary,Cambridgeshire Constabulary,0.136381,52.205505,On or near Staffordshire Street,E01017991,Cambridge 008E,Violence and sexual offences,Unable to prosecute suspect,
74e18e2f2317c0476e02b8abb0f3941582dec29491a60f4ac10e6570efb51164,2022-06,Cambridgeshire Constabulary,Cambridgeshire Constabulary,0.137046,52.200763,On or near Ditchburn Place,E01017991,Cambridge 008E,Violence and sexual offences,Status update unavailable,
1d796eeac6389e28461b038517a888150efe744735c07718151ecf983e3f2b1d,2022-06,Cambridgeshire Constabulary,Cambridgeshire Constabulary,0.132986,52.203372,On or near Bradmore Lane,E01017991,Cambridge 008E,Violence and sexual offences,Investigation complete; no suspect identified,
,2022-06,Cambridgeshire Constabulary,Cambridgeshire Constabulary,0.148846,52.202077,On or near Fairfax Road,E01017997,Cambridge 009A,Anti-social behaviour,,
,2022-06,Cambridgeshire Constabulary,Cambridgeshire Constabulary,0.148846,52.202077,On or near Fairfax Road,E01017997,Cambridge 009A,Anti-social behaviour,,
,2022-06,Cambridgeshire Constabulary,Cambridgeshire Constabulary,0.153042,52.202900,On or near Coldham'S Lane,E01017997,Cambridge 009A,Anti-social behaviour,,
6cc58360afa2ac830c324d843573541e972a05cee21dccbe3da39d08f092fac6,2022-06,Cambridgeshire Constabulary,Cambridgeshire Constabulary,0.147236,52.205101,On or near Hampden Gardens,E01017997,Cambridge 009A,Bicycle theft,Investigation complete; no suspect identified,
ac17fa9eb86bcd2974f98aadaf7fc69c6905eb0f1afa9d491dcc52a9e485fbe3,2022-06,Cambridgeshire Constabulary,Cambridgeshire Constabulary,0.148846,52.202077,On or near Fairfax Road,E01017997,Cambridge 009A,Criminal damage and arson,Investigation complete; no suspect identified,
01a328e8006201f8077a36c31d446667fa3d273c0ef8692c1632da48eff2dcea,2022-06,Cambridgeshire Constabulary,Cambridgeshire Constabulary,0.149007,52.200564,On or near Ross Street,E01017997,Cambridge 009A,Drugs,Court result unavailable,
245390e675e6d6c54c12bdfa2494cc5621347751ab9bd203fb09cdf08d7e59df,2022-06,Cambridgeshire Constabulary,Cambridgeshire Constabulary,0.147814,52.204353,On or near Cromwell Road,E01017997,Cambridge 009A,Other theft,Investigation complete; no suspect identified,
3608d73ae27ab2a950f7c11c2e78af2b295e162662764817d36d45b42a213114,2022-06,Cambridgeshire Constabulary,Cambridgeshire Constabulary,0.153042,52.202900,On or near Coldham'S Lane,E01017997,Cambridge 009A,Other theft,Investigation complete; no suspect identified,
adf356061e0f05c83b22beb10327959cfbf5b0eb6f707115f3c0ec05d6318e86,2022-06,Cambridgeshire Constabulary,Cambridgeshire Constabulary,0.153042,52.202900,On or near Coldham'S Lane,E01017997,Cambridge 009A,Public order,Investigation complete; no suspect identified,
8a4b00d4c5ddf21d87fcd1c9e954271702de55899b576f989d83dbe1381775dd,2022-06,Cambridgeshire Constabulary,Cambridgeshire Constabulary,0.153981,52.202029,On or near Vinery Way,E01017997,Cambridge 009A,Vehicle crime,Investigation complete; no suspect identified,
d2888ff2c70c117c6765839e9297849d99cabc430ee9d7c56e2667b7adcbac39,2022-06,Cambridgeshire Constabulary,Cambridgeshire Constabulary,0.147814,52.204353,On or near Cromwell Road,E01017997,Cambridge 009A,Vehicle crime,Investigation complete; no suspect identified,
92a136291e4e416b9864f1caa0067825ca31da94fdec5913a443f51b55011466,2022-06,Cambridgeshire Constabulary,Cambridgeshire Constabulary,0.147236,52.205101,On or near Hampden Gardens,E01017997,Cambridge 009A,Violence and sexual offences,Investigation complete; no suspect identified,
13d1d88e80eedbd219649c060dee2ec89ba47c7b4089d0c836223592dc739076,2022-06,Cambridgeshire Constabulary,Cambridgeshire Constabulary,0.153042,52.202900,On or near Coldham'S Lane,E01017997,Cambridge 009A,Violence and sexual offences,Unable to prosecute suspect,
9466984badd3cf0994f14a3ef7682e73010cacfa53833a241f612d1b693cbe31,2022-06,Cambridgeshire Constabulary,Cambridgeshire Constabulary,0.148846,52.202077,On or near Fairfax Road,E01017997,Cambridge 009A,Violence and sexual offences,Investigation complete; no suspect identified,
80cfc17cf4c73f1b591b2c79e2fe714851a3e55dadb9b4ebab093214bb45526f,2022-06,Cambridgeshire Constabulary,Cambridgeshire Constabulary,0.153042,52.202900,On or near Coldham'S Lane,E01017997,Cambridge 009A,Violence and sexual offences,Unable to prosecute suspect,
,2022-06,Cambridgeshire Constabulary,Cambridgeshire Constabulary,0.145784,52.197754,On or near Supermarket,E01017998,Cambridge 009B,Anti-social behaviour,,
,2022-06,Cambridgeshire Constabulary,Cambridgeshire Constabulary,0.147075,52.199025,On or near St Philip'S Road,E01017998,Cambridge 009B,Anti-social behaviour,,
,2022-06,Cambridgeshire Constabulary,Cambridgeshire Constabulary,0.141857,52.198554,On or near Parking Area,E01017998,Cambridge 009B,Anti-social behaviour,,
,2022-06,Cambridgeshire Constabulary,Cambridgeshire Constabulary,0.146419,52.199685,On or near Catharine Street,E01017998,Cambridge 009B,Anti-social behaviour,,
bcced95b612331184c5f49fc6933f28cff19963e7457730c51d215058b5b48eb,2022-06,Cambridgeshire Constabulary,Cambridgeshire Constabulary,0.145784,52.197754,On or near Supermarket,E01017998,Cambridge 009B,Burglary,Unable to prosecute suspect,
655c9005520b248d2bad4757da8d6fe1d84abd4e2ad031b0cf1948b0b6ecb01c,2022-06,Cambridgeshire Constabulary,Cambridgeshire Constabulary,0.147075,52.199025,On or near St Philip'S Road,E01017998,Cambridge 009B,Criminal damage and arson,Investigation complete; no suspect identified,
6ee66c0df20d01ae6f51496038ce3d0933ec95948a65cc8501318b81860c6154,2022-06,Cambridgeshire Constabulary,Cambridgeshire Constabulary,0.145784,52.197754,On or near Supermarket,E01017998,Cambridge 009B,Public order,Unable to prosecute suspect,
7adb4e4148b940ae0d085a7e6774b0111ada37837aef2ca3b88e719403f9e691,2022-06,Cambridgeshire Constabulary,Cambridgeshire Constabulary,0.145784,52.197754,On or near Supermarket,E01017998,Cambridge 009B,Public order,Investigation complete; no suspect identified,
72f024e83b8376ffa4d9ee70baf4e117aae0f3b9ef17e8843e9df15d6894806c,2022-06,Cambridgeshire Constabulary,Cambridgeshire Constabulary,0.143738,52.199635,On or near Cavendish Road,E01017998,Cambridge 009B,Vehicle crime,Investigation complete; no suspect identified,
f8cd01bdac28536ddae1c55a3a9056988d10f0219c7ad34597a3807cbc2864bd,2022-06,Cambridgeshire Constabulary,Cambridgeshire Constabulary,0.143738,52.199635,On or near Cavendish Road,E01017998,Cambridge 009B,Vehicle crime,Investigation complete; no suspect identified,
74dfce813d61a4796cb613aba644943c0169ba5a4a87a47b0e3bccef129f9834,2022-06,Cambridgeshire Constabulary,Cambridgeshire Constabulary,0.147075,52.199025,On or near St Philip'S Road,E01017998,Cambridge 009B,Vehicle crime,Investigation complete; no suspect identified,
861f58bc864fa81a5666e0ec57c162260158ff051bf4c6b55cfa91fd9cd11174,2022-06,Cambridgeshire Constabulary,Cambridgeshire Constabulary,0.147075,52.199025,On or near St Philip'S Road,E01017998,Cambridge 009B,Violence and sexual offences,Unable to prosecute suspect,
707ecca98672e1545297878af181ac19e06b229fef45ca9240665de77274ff14,2022-06,Cambridgeshire Constabulary,Cambridgeshire Constabulary,0.145784,52.197754,On or near Supermarket,E01017998,Cambridge 009B,Violence and sexual offences,Investigation complete; no suspect identified,
bf97e57749d3083e3e939bf3bc420d2aa8de4d46c0dbd80fcc186aa811f7ad5b,2022-06,Cambridgeshire Constabulary,Cambridgeshire Constabulary,0.145784,52.197754,On or near Supermarket,E01017998,Cambridge 009B,Violence and sexual offences,Investigation complete; no suspect identified,
1344ec463a4bd4708c2d41b2ee124654390f1f5ad59bdfdd64f0cf831a9d1cff,2022-06,Cambridgeshire Constabulary,Cambridgeshire Constabulary,0.145784,52.197754,On or near Supermarket,E01017998,Cambridge 009B,Violence and sexual offences,Investigation complete; no suspect identified,
,2022-06,Cambridgeshire Constabulary,Cambridgeshire Constabulary,0.157065,52.195921,On or near Burnside,E01017999,Cambridge 009C,Anti-social behaviour,,
,2022-06,Cambridgeshire Constabulary,Cambridgeshire Constabulary,0.155872,52.199377,On or near Wycliffe Road,E01017999,Cambridge 009C,Anti-social behaviour,,
a8f7124b6d15107ddf34ce85dff2f39867eb28419da1093d80b55fa1c4b31b9f,2022-06,Cambridgeshire Constabulary,Cambridgeshire Constabulary,0.155671,52.196144,On or near Brookfields,E01017999,Cambridge 009C,Bicycle theft,Investigation complete; no suspect identified,
8b6622a5e5919b1f5b21c95f5d59d1e87380f1ca104ebc0c59280c1d0776e7c9,2022-06,Cambridgeshire Constabulary,Cambridgeshire Constabulary,0.155671,52.196144,On or near Brookfields,E01017999,Cambridge 009C,Burglary,Unable to prosecute suspect,
5faa6b9f9fd5e583e8ffcf1da7e3071694f9ed3551b735282e073064aa0367a3,2022-06,Cambridgeshire Constabulary,Cambridgeshire Constabulary,0.153486,52.195438,On or near Montreal Square,E01017999,Cambridge 009C,Criminal damage and arson,Investigation complete; no suspect identified,
6863724564afb08f67c42c24eebe28558998f72e93f807bb35b89268e235be2d,2022-06,Cambridgeshire Constabulary,Cambridgeshire Constabulary,0.157494,52.199024,On or near Petrol Station,E01017999,Cambridge 009C,Other theft,Investigation complete; no suspect identified,
164b139f33878bd6112aaf574192bbad69703f7567d111da127db8b1b41d5a2c,2022-06,Cambridgeshire Constabulary,Cambridgeshire Constabulary,0.157494,52.199024,On or near Petrol Station,E01017999,Cambridge 009C,Possession of weapons,Status update unavailable,
7e4496df8dc954ee2ceb60ce4632c1a736bfb275a315c7545ea2e1cb9428f1ae,2022-06,Cambridgeshire Constabulary,Cambridgeshire Constabulary,0.157494,52.199024,On or near Petrol Station,E01017999,Cambridge 009C,Public order,Court result unavailable,
32076fdd723630db873fe546cc914585de10ec3922dd854339d356a34f6df160,2022-06,Cambridgeshire Constabulary,Cambridgeshire Constabulary,0.157494,52.199024,On or near Petrol Station,E01017999,Cambridge 009C,Public order,Court result unavailable,
05d27a9f9b5c271edc9a34a72ee2ade8ebcd00f6bb1e72b8c01b4eae1a8fb166,2022-06,Cambridgeshire Constabulary,Cambridgeshire Constabulary,0.157494,52.199024,On or near Petrol Station,E01017999,Cambridge 009C,Public order,Court result unavailable,
109d6693bdc740ce68332aeab13575ec39b9cb552231bf1549dc201335f76637,2022-06,Cambridgeshire Constabulary,Cambridgeshire Constabulary,0.157494,52.199024,On or near Petrol Station,E01017999,Cambridge 009C,Shoplifting,Court result unavailable,
da84d0c125ab028730ec4f94e7bc8f47ae9fd1565a6962d6f86ffe71cdfeeb9f,2022-06,Cambridgeshire Constabulary,Cambridgeshire Constabulary,0.157494,52.199024,On or near Petrol Station,E01017999,Cambridge 009C,Shoplifting,Court result unavailable,
2a65ba9db4483685c49f0cd5f1a8a1e3cf31db33368f46ad7c9c2373522c2016,2022-06,Cambridgeshire Constabulary,Cambridgeshire Constabulary,0.157494,52.199024,On or near Petrol Station,E01017999,Cambridge 009C,Shoplifting,Unable to prosecute suspect,
08defcca6c6ab6900cfe88d82434a63bc3b859700df991ab0db14afbdcaf00d5,2022-06,Cambridgeshire Constabulary,Cambridgeshire Constabulary,0.157494,52.199024,On or near Petrol Station,E01017999,Cambridge 009C,Shoplifting,Court result unavailable,
1c62da53dbc7f91d71336d72ac247d4624f11159c8274e560aa00ac31f469317,2022-06,Cambridgeshire Constabulary,Cambridgeshire Constabulary,0.157494,52.199024,On or near Petrol Station,E01017999,Cambridge 009C,Shoplifting,Offender given a caution,
ff23cf674b7105c4819af6e186658e0e668243cb96ff2ac42ab388a8300eda05,2022-06,Cambridgeshire Constabulary,Cambridgeshire Constabulary,0.157494,52.199024,On or near Petrol Station,E01017999,Cambridge 009C,Shoplifting,Unable to prosecute suspect,
9803702f94686db5299e188be451994fe66f12f773fe8fd0d03b253a91a24f0c,2022-06,Cambridgeshire Constabulary,Cambridgeshire Constabulary,0.155671,52.196144,On or near Brookfields,E01017999,Cambridge 009C,Violence and sexual offences,Unable to prosecute suspect,
f59330f69250163e15aea3fbfe6330c9e7bd623581d52e9ed2cca9445b17cfa5,2022-06,Cambridgeshire Constabulary,Cambridgeshire Constabulary,0.160953,52.200660,On or near Nuttings Road,E01017999,Cambridge 009C,Other crime,Status update unavailable,
c56f6a9e7a7c8a8303cf07345f6824cc6bd71788c31dc2ad522be6eea02cbc27,2022-06,Cambridgeshire Constabulary,Cambridgeshire Constabulary,0.152445,52.199935,On or near Vinery Road,E01017999,Cambridge 009C,Other crime,Unable to prosecute suspect,
c29869f6b6781df99c688cb90c3c9e262e920d97daef76646bcac57d14b54bc2,2022-06,Cambridgeshire Constabulary,Cambridgeshire Constabulary,0.154952,52.197299,On or near Seymour Street,E01017999,Cambridge 009C,Other crime,Status update unavailable,
a5aaab509338b424b619a3b155e7a9788ed513bb50b74406d1f95b25082b5b8f,2022-06,Cambridgeshire Constabulary,Cambridgeshire Constabulary,0.142613,52.197848,On or near Campbell Street,E01018000,Cambridge 009D,Criminal damage and arson,Court result unavailable,
106d91b004285da7f17e4f93c0bdef88ce202e54124ce25fa8251f500a7a4cd2,2022-06,Cambridgeshire Constabulary,Cambridgeshire Constabulary,0.150072,52.197757,On or near Belgrave Road,E01018000,Cambridge 009D,Public order,Investigation complete; no suspect identified,
a9c6f123bc15f26b76f6bb2a1f44da9a2fdadcb489f433230e6563526d592b05,2022-06,Cambridgeshire Constabulary,Cambridgeshire Constabulary,0.149123,52.198709,On or near Hemingford Road,E01018000,Cambridge 009D,Public order,Investigation complete; no suspect identified,
39f0b049cb86e9e18a31b7e1a3ff0b8af4b12d87b9738a9c15d51a53f1b7212e,2022-06,Cambridgeshire Constabulary,Cambridgeshire Constabulary,0.149123,52.198709,On or near Hemingford Road,E01018000,Cambridge 009D,Public order,Investigation complete; no suspect identified,
9475777c98b851abc0a33dc8cc6236a99da29cebc79863737769634a82f9125e,2022-06,Cambridgeshire Constabulary,Cambridgeshire Constabulary,0.147410,52.199604,On or near Thoday Street,E01018000,Cambridge 009D,Public order,Unable to prosecute suspect,
ff594e330cafc49b45e7a2806882acf016df09c2cc8e652b98a493a25d8d5cb2,2022-06,Cambridgeshire Constabulary,Cambridgeshire Constabulary,0.149123,52.198709,On or near Hemingford Road,E01018000,Cambridge 009D,Public order,Investigation complete; no suspect identified,
10904d63e8a2d388a0805fc01a7a07e2dbf1b9c1fa64af46642b7a34303233f7,2022-06,Cambridgeshire Constabulary,Cambridgeshire Constabulary,0.142613,52.197848,On or near Campbell Street,E01018000,Cambridge 009D,Shoplifting,Investigation complete; no suspect identified,
25990a8c5e0cdbfe8384948cf0cbbabb78f7e741323e9bb8105e8a1bd9aaf8a8,2022-06,Cambridgeshire Constabulary,Cambridgeshire Constabulary,0.150072,52.197757,On or near Belgrave Road,E01018000,Cambridge 009D,Vehicle crime,Investigation complete; no suspect identified,
505f09c7e8c4c3c333c60a2edfbae73abd910bb6a2243809db19c98fdbba224e,2022-06,Cambridgeshire Constabulary,Cambridgeshire Constabulary,0.150072,52.197757,On or near Belgrave Road,E01018000,Cambridge 009D,Violence and sexual offences,Unable to prosecute suspect,
,2022-06,Cambridgeshire Constabulary,Cambridgeshire Constabulary,0.150757,52.196189,On or near Suez Road,E01018001,Cambridge 009E,Anti-social behaviour,,
,2022-06,Cambridgeshire Constabulary,Cambridgeshire Constabulary,0.151542,52.196084,On or near Madras Road,E01018001,Cambridge 009E,Anti-social behaviour,,
57662c9c73013e97af0eb6c1a6d0a34af3736b7c69c7758a5de8aa9d881c648f,2022-06,Cambridgeshire Constabulary,Cambridgeshire Constabulary,0.143187,52.196695,On or near Argyle Street,E01018001,Cambridge 009E,Criminal damage and arson,Investigation complete; no suspect identified,
53edc1ef13c7d1db0fd0c3445bf52ec0a5179f534b8e1ee81043fdc7355ada22,2022-06,Cambridgeshire Constabulary,Cambridgeshire Constabulary,0.143623,52.197236,On or near Cockburn Street,E01018001,Cambridge 009E,Drugs,Unable to prosecute suspect,
f306fd63e89473b55b534722f82606eaf141c8095754ac26c196731eb13b02d1,2022-06,Cambridgeshire Constabulary,Cambridgeshire Constabulary,0.143623,52.197236,On or near Cockburn Street,E01018001,Cambridge 009E,Public order,Investigation complete; no suspect identified,
1fa7f60ff2299b55ae417376e1f6797a98b725beb54ccbd5f5109f72f5875213,2022-06,Cambridgeshire Constabulary,Cambridgeshire Constabulary,0.150357,52.195486,On or near Marmora Road,E01018001,Cambridge 009E,Violence and sexual offences,Investigation complete; no suspect identified,
6c661dfeeaeac650951b5abd23039f74c78e1f1c01e59002b36b43a1c6acaec8,2022-06,Cambridgeshire Constabulary,Cambridgeshire Constabulary,0.149099,52.196390,On or near Malta Road,E01018001,Cambridge 009E,Violence and sexual offences,Unable to prosecute suspect,
8d800e68a11fd318bfa61296defdb577c4a10289aa6cda2c5d61bf1e464945c8,2022-06,Cambridgeshire Constabulary,Cambridgeshire Constabulary,0.144033,52.193299,On or near Davy Road,E01017965,Cambridge 010A,Drugs,Local resolution,
b20aeae6d014ea469c95e2f0e4152a8b7ba9e2a88d4ee421337bd044090754f1,2022-06,Cambridgeshire Constabulary,Cambridgeshire Constabulary,0.146528,52.190421,On or near Ashbury Close,E01017965,Cambridge 010A,Public order,Unable to prosecute suspect,
78a19b12091a472a1951cec55a90d7d73545e57eeb0eb8fd731237c33584efea,2022-06,Cambridgeshire Constabulary,Cambridgeshire Constabulary,0.146528,52.190421,On or near Ashbury Close,E01017965,Cambridge 010A,Public order,Unable to prosecute suspect,
6e29dd2adf79acc241672369384dce28c8fc572f085eeb3f9c704b4e272347e7,2022-06,Cambridgeshire Constabulary,Cambridgeshire Constabulary,0.143775,52.194329,On or near Corrie Road,E01017965,Cambridge 010A,Public order,Unable to prosecute suspect,
1d0f3a79ea693cf3428545d1e7257ad27abf9ca5d1deef891a1511f0c6b1f781,2022-06,Cambridgeshire Constabulary,Cambridgeshire Constabulary,0.143775,52.194329,On or near Corrie Road,E01017965,Cambridge 010A,Public order,Unable to prosecute suspect,
fb550bf59ece2aa8dfa3ba459d466acd0ad514965f7650aa840bd1523e7f9de5,2022-06,Cambridgeshire Constabulary,Cambridgeshire Constabulary,0.146528,52.190421,On or near Ashbury Close,E01017965,Cambridge 010A,Violence and sexual offences,Court result unavailable,
79dfc6a1d12ef645ca12a24a6f2c874f071e2684c9b29909e6a321be7de8d372,2022-06,Cambridgeshire Constabulary,Cambridgeshire Constabulary,0.143775,52.194329,On or near Corrie Road,E01017965,Cambridge 010A,Violence and sexual offences,Unable to prosecute suspect,
053b39372cf0189c7b3cffb27e114d0df077c7d05d14d3bda4e0f31b4a3b5f40,2022-06,Cambridgeshire Constabulary,Cambridgeshire Constabulary,0.146528,52.190421,On or near Ashbury Close,E01017965,Cambridge 010A,Violence and sexual offences,Unable to prosecute suspect,
e3219ea2da46cc4f0905e18963fae6f3ef7fabe83ca0baffef31bca8f49d4184,2022-06,Cambridgeshire Constabulary,Cambridgeshire Constabulary,0.146528,52.190421,On or near Ashbury Close,E01017965,Cambridge 010A,Violence and sexual offences,Unable to prosecute suspect,
c26470ad108435c835e67b1253dce6b4a17f2131c6231cf198fee91c8cba55bc,2022-06,Cambridgeshire Constabulary,Cambridgeshire Constabulary,0.146528,52.190421,On or near Ashbury Close,E01017965,Cambridge 010A,Violence and sexual offences,Unable to prosecute suspect,
35639101e0a98258f7b4d64ed936f9dad7571b6a4537870e6a243f4c5cbdc171,2022-06,Cambridgeshire Constabulary,Cambridgeshire Constabulary,0.148800,52.192025,On or near Golding Road,E01017965,Cambridge 010A,Other crime,Unable to prosecute suspect,
,2022-06,Cambridgeshire Constabulary,Cambridgeshire Constabulary,0.137010,52.190855,On or near Clifton Way,E01017966,Cambridge 010B,Anti-social behaviour,,
,2022-06,Cambridgeshire Constabulary,Cambridgeshire Constabulary,0.137010,52.190855,On or near Clifton Way,E01017966,Cambridge 010B,Anti-social behaviour,,
,2022-06,Cambridgeshire Constabulary,Cambridgeshire Constabulary,0.140810,52.190174,On or near Flamsteed Road,E01017966,Cambridge 010B,Anti-social behaviour,,
,2022-06,Cambridgeshire Constabulary,Cambridgeshire Constabulary,0.135390,52.189112,On or near Homerton Street,E01017966,Cambridge 010B,Anti-social behaviour,,
f4d4d9f2d7b8def2f79d816423709b7e322be908fc871745dc1d7d56207286cf,2022-06,Cambridgeshire Constabulary,Cambridgeshire Constabulary,0.145256,52.191649,On or near Sports/Recreation Area,E01017966,Cambridge 010B,Bicycle theft,Investigation complete; no suspect identified,
31739140d89a756e9ff12290fa2a344a8a8280755aa68e4781ef5190a9fe36b1,2022-06,Cambridgeshire Constabulary,Cambridgeshire Constabulary,0.134782,52.187415,On or near Purbeck Road,E01017966,Cambridge 010B,Bicycle theft,Investigation complete; no suspect identified,
02617cb0f5afc8abb0677b9d381123f59c39c2ef1cd5c0e113d9ea1d04e2d698,2022-06,Cambridgeshire Constabulary,Cambridgeshire Constabulary,0.134782,52.187415,On or near Purbeck Road,E01017966,Cambridge 010B,Bicycle theft,Investigation complete; no suspect identified,
1c989f7a87381b0b1d098cc5a62962e42db4c11dc1411168d3c00f7224b8d2a7,2022-06,Cambridgeshire Constabulary,Cambridgeshire Constabulary,0.136231,52.188657,On or near Hills Road,E01017966,Cambridge 010B,Criminal damage and arson,Status update unavailable,
1a262ece2f48eec62e85c2eeec3b7879d730b7aa12bb9ce0965cabd6fca4187a,2022-06,Cambridgeshire Constabulary,Cambridgeshire Constabulary,0.136231,52.188657,On or near Hills Road,E01017966,Cambridge 010B,Criminal damage and arson,Unable to prosecute suspect,
05743d86f1c3afae2cdc156bdf90650e1fb4e3326623c9859e7a6d446c1838e4,2022-06,Cambridgeshire Constabulary,Cambridgeshire Constabulary,0.137010,52.190855,On or near Clifton Way,E01017966,Cambridge 010B,Criminal damage and arson,Investigation complete; no suspect identified,
2fa93e38f93e0515af4d2c3c3395c09d512b502308b214510797cd881b969fe2,2022-06,Cambridgeshire Constabulary,Cambridgeshire Constabulary,0.136231,52.188657,On or near Hills Road,E01017966,Cambridge 010B,Criminal damage and arson,Investigation complete; no suspect identified,
afa188ed22a9da12efedb8c2e68c4fd6c13fdc29d1795031de0da913c2a0bdcb,2022-06,Cambridgeshire Constabulary,Cambridgeshire Constabulary,0.137010,52.190855,On or near Clifton Way,E01017966,Cambridge 010B,Criminal damage and arson,Investigation complete; no suspect identified,
4b5fa8727bbd6d407cb8def6ea17b6d59c4c28f7267d7f9cdd87370c1964a036,2022-06,Cambridgeshire Constabulary,Cambridgeshire Constabulary,0.142868,52.188851,On or near Derby Road,E01017966,Cambridge 010B,Criminal damage and arson,Investigation complete; no suspect identified,
581f1890f6755621c474efef402854fb97a04926fc882f528dd894ef52150a6f,2022-06,Cambridgeshire Constabulary,Cambridgeshire Constabulary,0.140868,52.194723,On or near Rustat Avenue,E01017966,Cambridge 010B,Drugs,Court result unavailable,
7876b69c0b9258e6599d5da4cf1e00399c7ebee04012f1c60f5584e54c8d5425,2022-06,Cambridgeshire Constabulary,Cambridgeshire Constabulary,0.137010,52.190855,On or near Clifton Way,E01017966,Cambridge 010B,Other theft,Investigation complete; no suspect identified,
4bc71ed3072478b32f1914d67305ec7f783eebc2007e9643e3c27ee247c2b6aa,2022-06,Cambridgeshire Constabulary,Cambridgeshire Constabulary,0.141493,52.195251,On or near Rustat Close,E01017966,Cambridge 010B,Public order,Unable to prosecute suspect,
6c676c1a8d9d329932cd741b3cf9f3bf12e22c6a5b2f8a723e66d375621294e1,2022-06,Cambridgeshire Constabulary,Cambridgeshire Constabulary,0.137010,52.190855,On or near Clifton Way,E01017966,Cambridge 010B,Shoplifting,Investigation complete; no suspect identified,
f4ba4a03b304d3206defc5d86481f5044e4b41b1d6a3d084cb9b91f63ba400d9,2022-06,Cambridgeshire Constabulary,Cambridgeshire Constabulary,0.138886,52.191531,On or near Clifton Road,E01017966,Cambridge 010B,Shoplifting,Investigation complete; no suspect identified,
c1923378423f9b4463486d1df30c57d28937b96a91f3f3fa882059ba9477a668,2022-06,Cambridgeshire Constabulary,Cambridgeshire Constabulary,0.135750,52.190212,On or near Parking Area,E01017966,Cambridge 010B,Shoplifting,Investigation complete; no suspect identified,
bbd91e9f8ddb52c5e4abb2225928f9f0dc173c0928130ccf784a5a9e8cfd1803,2022-06,Cambridgeshire Constabulary,Cambridgeshire Constabulary,0.135750,52.190212,On or near Parking Area,E01017966,Cambridge 010B,Shoplifting,Investigation complete; no suspect identified,
4dac5ffd41bf9c452c14f6566f363452caf98ee0f19040a5150820aeb3210d48,2022-06,Cambridgeshire Constabulary,Cambridgeshire Constabulary,0.144161,52.190185,On or near Sterne Close,E01017966,Cambridge 010B,Vehicle crime,Investigation complete; no suspect identified,
2ba90eb969687ec03dd7db9eaaf6f5af8db4a39b0ef264c5ccb331901e22b9dc,2022-06,Cambridgeshire Constabulary,Cambridgeshire Constabulary,0.141493,52.195251,On or near Rustat Close,E01017966,Cambridge 010B,Violence and sexual offences,Unable to prosecute suspect,
582ed8f4869b98a22f114d31f65ac48d802eee41804a49d7418796c7f462ff1a,2022-06,Cambridgeshire Constabulary,Cambridgeshire Constabulary,0.135750,52.190212,On or near Parking Area,E01017966,Cambridge 010B,Violence and sexual offences,Unable to prosecute suspect,
40777eecef0ca8825c68a8cfd039d3c3f1eafff43297461b63da822ffe80c698,2022-06,Cambridgeshire Constabulary,Cambridgeshire Constabulary,0.136231,52.188657,On or near Hills Road,E01017966,Cambridge 010B,Violence and sexual offences,Investigation complete; no suspect identified,
b7262b4976dccf76d3e8dc77ce4c68b7665d0a28bb49be6c1adf07591e261fbc,2022-06,Cambridgeshire Constabulary,Cambridgeshire Constabulary,0.138886,52.191531,On or near Clifton Road,E01017966,Cambridge 010B,Violence and sexual offences,Investigation complete; no suspect identified,
5f7f4adae339944cce4f00f1c2ec5f3634299708c260896f575200c1241491ef,2022-06,Cambridgeshire Constabulary,Cambridgeshire Constabulary,0.142868,52.188851,On or near Derby Road,E01017966,Cambridge 010B,Violence and sexual offences,Unable to prosecute suspect,
2c6eaefb6d1f123989827bf9414e3c86f6a138121970e5a8fbb306ab1c51c962,2022-06,Cambridgeshire Constabulary,Cambridgeshire Constabulary,0.135750,52.190212,On or near Parking Area,E01017966,Cambridge 010B,Violence and sexual offences,Unable to prosecute suspect,
9d4402aa48b246a023a6dbedd3cbdbb6fa8cb6aa65335d7c0b37787caa1a23c0,2022-06,Cambridgeshire Constabulary,Cambridgeshire Constabulary,0.142868,52.188851,On or near Derby Road,E01017966,Cambridge 010B,Violence and sexual offences,Unable to prosecute suspect,
a0ac7e6feb088a185062c552209d287713d258aa6a2b41a797a406c9d7fa79eb,2022-06,Cambridgeshire Constabulary,Cambridgeshire Constabulary,0.135750,52.190212,On or near Parking Area,E01017966,Cambridge 010B,Violence and sexual offences,Unable to prosecute suspect,
02aec917a06e40019fd81ab34c373376241fe1c244c88d2f059190965998d60e,2022-06,Cambridgeshire Constabulary,Cambridgeshire Constabulary,0.135390,52.189112,On or near Homerton Street,E01017966,Cambridge 010B,Violence and sexual offences,Unable to prosecute suspect,
6f193add8958fb224bbdcad7f7e5893ec6fb688a6dc0fb1187d1f825ad80ff09,2022-06,Cambridgeshire Constabulary,Cambridgeshire Constabulary,0.136231,52.188657,On or near Hills Road,E01017966,Cambridge 010B,Violence and sexual offences,Offender given a caution,
,2022-06,Cambridgeshire Constabulary,Cambridgeshire Constabulary,0.158985,52.190535,On or near Birdwood Road,E01017967,Cambridge 010C,Anti-social behaviour,,
,2022-06,Cambridgeshire Constabulary,Cambridgeshire Constabulary,0.161889,52.194007,On or near Park/Open Space,E01017967,Cambridge 010C,Anti-social behaviour,,
fc64ac8753f57694a9bceb40fa37a24d0835446cce06af856b0a91e97a46ee2b,2022-06,Cambridgeshire Constabulary,Cambridgeshire Constabulary,0.157832,52.194531,On or near Budleigh Close,E01017967,Cambridge 010C,Drugs,Local resolution,
0fc826ad1c995fa4c3920f8d64895eca3ce642f560f8eeb2aba2aa712e5779fd,2022-06,Cambridgeshire Constabulary,Cambridgeshire Constabulary,0.156508,52.191965,On or near Ancaster Way,E01017967,Cambridge 010C,Public order,Unable to prosecute suspect,
acb74f68315465fe5c188eefce091571a238eff2047a236ed7f2f88d9fc22a94,2022-06,Cambridgeshire Constabulary,Cambridgeshire Constabulary,0.156446,52.192506,On or near Trevone Place,E01017967,Cambridge 010C,Public order,Unable to prosecute suspect,
5230c26bbd76c7f25b78f6f43f39de5a970955320f29befe9816f858feee2264,2022-06,Cambridgeshire Constabulary,Cambridgeshire Constabulary,0.150430,52.192454,On or near Radegund Road,E01017967,Cambridge 010C,Public order,Investigation complete; no suspect identified,
69d33006295d776ffc59e6e0ce601b25133c19b2758d7102a49bd47b813e355b,2022-06,Cambridgeshire Constabulary,Cambridgeshire Constabulary,0.161889,52.194007,On or near Park/Open Space,E01017967,Cambridge 010C,Public order,Investigation complete; no suspect identified,
790fe17e6a8f029ce70446ee2a60ff4a822f934a76ed57576151865c66fcc2df,2022-06,Cambridgeshire Constabulary,Cambridgeshire Constabulary,0.156446,52.192506,On or near Trevone Place,E01017967,Cambridge 010C,Violence and sexual offences,Investigation complete; no suspect identified,
c3c5fca6c89339d28ec070542a8c9e144e06d4af7189e5a3ba1f451ec973fcfc,2022-06,Cambridgeshire Constabulary,Cambridgeshire Constabulary,0.150430,52.192454,On or near Radegund Road,E01017967,Cambridge 010C,Violence and sexual offences,Unable to prosecute suspect,
492fd3e079bb6b9909579d0eb2da1a7bcd7f18ae3218597afb987e36a6b61fd9,2022-06,Cambridgeshire Constabulary,Cambridgeshire Constabulary,0.147993,52.186816,On or near St Margaret'S Square,E01017968,Cambridge 010D,Bicycle theft,Investigation complete; no suspect identified,
9248f81d0523ea22643dd443266c270dc28bc95b3046ea57d05cbf7ef701a67d,2022-06,Cambridgeshire Constabulary,Cambridgeshire Constabulary,0.153495,52.187138,On or near Supermarket,E01017968,Cambridge 010D,Bicycle theft,Investigation complete; no suspect identified,
e3bc553f87815a29cd4a0c44a453aebc4d1a88323813b11c123f4a6c7c3cbfc6,2022-06,Cambridgeshire Constabulary,Cambridgeshire Constabulary,0.153495,52.187138,On or near Supermarket,E01017968,Cambridge 010D,Burglary,Investigation complete; no suspect identified,
c26f71aff86993cd0f25a49a78b973e56001da574200276e202a3c860595ae40,2022-06,Cambridgeshire Constabulary,Cambridgeshire Constabulary,0.155863,52.190116,On or near Chalmers Road,E01017968,Cambridge 010D,Public order,Unable to prosecute suspect,
b1a6dc2f516210a6642bce8b246ed6ad3e3dec27e9371a995748e890e8c1353b,2022-06,Cambridgeshire Constabulary,Cambridgeshire Constabulary,0.153495,52.187138,On or near Supermarket,E01017968,Cambridge 010D,Shoplifting,Investigation complete; no suspect identified,
ffe524845a60e69f735199430a319bc5bbc91877aea0d879cb7972199a7139ec,2022-06,Cambridgeshire Constabulary,Cambridgeshire Constabulary,0.153495,52.187138,On or near Supermarket,E01017968,Cambridge 010D,Shoplifting,Investigation complete; no suspect identified,
ec9d950aefaf8778172bd2ce8867afeefe9b91df4f919a38e3f4884a4857cf4f,2022-06,Cambridgeshire Constabulary,Cambridgeshire Constabulary,0.154025,52.190842,On or near Perne Road,E01017968,Cambridge 010D,Shoplifting,Investigation complete; no suspect identified,
5c5d5ab5f65502f4a9c261fc0364e70097de241c612dece40c78c5f7ff2cfb6a,2022-06,Cambridgeshire Constabulary,Cambridgeshire Constabulary,0.153495,52.187138,On or near Supermarket,E01017968,Cambridge 010D,Shoplifting,Investigation complete; no suspect identified,
77978c3ef270baf9e5885bc4f5e36178bf5f17dd2a3007435865e5cdfc1ae614,2022-06,Cambridgeshire Constabulary,Cambridgeshire Constabulary,0.154025,52.190842,On or near Perne Road,E01017968,Cambridge 010D,Shoplifting,Unable to prosecute suspect,
1f3471c12833cbae7f1d52d67ac28c1d83e87cb94694bae184a152f7c99dff10,2022-06,Cambridgeshire Constabulary,Cambridgeshire Constabulary,0.153495,52.187138,On or near Supermarket,E01017968,Cambridge 010D,Shoplifting,Court result unavailable,
7580fda91b3dae2f1be3b185ba06a656ddcaf26581b02055d7e3b2f72349c0d1,2022-06,Cambridgeshire Constabulary,Cambridgeshire Constabulary,0.154025,52.190842,On or near Perne Road,E01017968,Cambridge 010D,Shoplifting,Investigation complete; no suspect identified,
077660927e381acf3810222eb91fb98a4f76b444038b1e7d25f089052b609cc7,2022-06,Cambridgeshire Constabulary,Cambridgeshire Constabulary,0.149697,52.188475,On or near Neville Road,E01017968,Cambridge 010D,Vehicle crime,Investigation complete; no suspect identified,
f0efd77b2468f970be3b9c4c161727f7ce8c464075f142e375dfa03fea2e5ca2,2022-06,Cambridgeshire Constabulary,Cambridgeshire Constabulary,0.149697,52.188475,On or near Neville Road,E01017968,Cambridge 010D,Vehicle crime,Investigation complete; no suspect identified,
8f774fe2570acbc91540bb3ab0aa05a99efa34a59c7fcdeecbef2b8a6d36829c,2022-06,Cambridgeshire Constabulary,Cambridgeshire Constabulary,0.149697,52.188475,On or near Neville Road,E01017968,Cambridge 010D,Vehicle crime,Investigation complete; no suspect identified,
4dfb344cc925e23e6b08a0d79f6a873e7e97fbfa58fcecddb69781a28a722910,2022-06,Cambridgeshire Constabulary,Cambridgeshire Constabulary,0.154025,52.190842,On or near Perne Road,E01017968,Cambridge 010D,Violence and sexual offences,Investigation complete; no suspect identified,
334a0ad9fdaf6baa1944a58a020e320cd1da2612627a432ea542985bde25f365,2022-06,Cambridgeshire Constabulary,Cambridgeshire Constabulary,0.154025,52.190842,On or near Perne Road,E01017968,Cambridge 010D,Violence and sexual offences,Offender given a caution,
11f0adbdef4bf895f8a9bdf245083a2aeb91745cb80583ca111204166078f9a6,2022-06,Cambridgeshire Constabulary,Cambridgeshire Constabulary,0.152581,52.186696,On or near Cherry Hinton Road,E01017968,Cambridge 010D,Violence and sexual offences,Unable to prosecute suspect,
25457fd8d8024246fd4303560c3d708a3062947b29ccba50b561bdb7d9f5c32d,2022-06,Cambridgeshire Constabulary,Cambridgeshire Constabulary,0.152581,52.186696,On or near Cherry Hinton Road,E01017968,Cambridge 010D,Violence and sexual offences,Unable to prosecute suspect,
a4d3a17d163715c776ab2eaf2eb3320e05e11f66f1ca3ac00a69383cdb95bd92,2022-06,Cambridgeshire Constabulary,Cambridgeshire Constabulary,0.161194,52.188121,On or near St Thomas'S Square,E01017969,Cambridge 010E,Public order,Unable to prosecute suspect,
ac33c901a23d6810e320199ceb0c1b3076012289ae973d7cae198f46332bdc15,2022-06,Cambridgeshire Constabulary,Cambridgeshire Constabulary,0.155394,52.187679,On or near Shopping Area,E01017969,Cambridge 010E,Vehicle crime,Status update unavailable,
ca856633a0378367f293f653acc6103939cf9abf8fc683fae1a0ab0a849d890f,2022-06,Cambridgeshire Constabulary,Cambridgeshire Constabulary,0.157085,52.189977,On or near Gray Road,E01017969,Cambridge 010E,Violence and sexual offences,Unable to prosecute suspect,
764b57236744504751618200fd79b1ad2784c0d7c877100d89589ddc7e9b6123,2022-06,Cambridgeshire Constabulary,Cambridgeshire Constabulary,0.161194,52.188121,On or near St Thomas'S Square,E01017969,Cambridge 010E,Violence and sexual offences,Unable to prosecute suspect,
,2022-06,Cambridgeshire Constabulary,Cambridgeshire Constabulary,0.173502,52.187616,On or near Supermarket,E01017959,Cambridge 011A,Anti-social behaviour,,
,2022-06,Cambridgeshire Constabulary,Cambridgeshire Constabulary,0.173500,52.185476,On or near Applewood Close,E01017959,Cambridge 011A,Anti-social behaviour,,
34858ba696310e9c9317256d9784ee6655bd3af0928966eed4d712d7eb5867cd,2022-06,Cambridgeshire Constabulary,Cambridgeshire Constabulary,0.173004,52.184604,On or near Gladstone Way,E01017959,Cambridge 011A,Drugs,Court result unavailable,
03c887b751263b5794425099a68dafd497a4292149d48f17d47fdd0dae9b1049,2022-06,Cambridgeshire Constabulary,Cambridgeshire Constabulary,0.173502,52.187616,On or near Supermarket,E01017959,Cambridge 011A,Public order,Unable to prosecute suspect,
7c0e1b62aa2d9808f6cacba93a70aa8a6743fc5ad1fc2c005a9c56cc086fce92,2022-06,Cambridgeshire Constabulary,Cambridgeshire Constabulary,0.173502,52.187616,On or near Supermarket,E01017959,Cambridge 011A,Public order,Investigation complete; no suspect identified,
f9a2087403ba6d81e9ec4c1e2bbb2861322bc33f1d162e58018ea0370e7e3173,2022-06,Cambridgeshire Constabulary,Cambridgeshire Constabulary,0.173502,52.187616,On or near Supermarket,E01017959,Cambridge 011A,Shoplifting,Investigation complete; no suspect identified,
fe410901797c5117ead57696e4155fc590a4c9a077f874e7596d81ea7ede21e5,2022-06,Cambridgeshire Constabulary,Cambridgeshire Constabulary,0.173774,52.186280,On or near Chequers Close,E01017959,Cambridge 011A,Vehicle crime,Investigation complete; no suspect identified,
e5fd1aada9ac0974a8ee1f4ec7ddfda85994fa16ff1cf537cb04e7470942d831,2022-06,Cambridgeshire Constabulary,Cambridgeshire Constabulary,0.176247,52.184193,On or near Headington Close,E01017959,Cambridge 011A,Violence and sexual offences,Action to be taken by another organisation,
7150cb2b7e43011de84e5399a045a41794f31991f5dfa60ccdac3a161e7ac578,2022-06,Cambridgeshire Constabulary,Cambridgeshire Constabulary,0.173004,52.184604,On or near Gladstone Way,E01017959,Cambridge 011A,Violence and sexual offences,Unable to prosecute suspect,
534909f2b9627cdac7d2953867c51062ae2a7b624624e054619b03fbcbb12675,2022-06,Cambridgeshire Constabulary,Cambridgeshire Constabulary,0.173004,52.184604,On or near Gladstone Way,E01017959,Cambridge 011A,Violence and sexual offences,Unable to prosecute suspect,
9c7a05920fea798e8654c6202adb9e828bd7530319641c6bb5c2f7492355b0b7,2022-06,Cambridgeshire Constabulary,Cambridgeshire Constabulary,0.174094,52.187740,On or near Parking Area,E01017960,Cambridge 011B,Vehicle crime,Investigation complete; no suspect identified,
6de516416e6e9d2795cf9b07858018a38dde97bc5ed824b7dff21d6bf58c7b78,2022-06,Cambridgeshire Constabulary,Cambridgeshire Constabulary,0.179012,52.183909,On or near Malletts Road,E01017960,Cambridge 011B,Violence and sexual offences,Court result unavailable,
97830b7fab63400e00c791dfc86fa66cdfcf8e9623b0de0f3ebf0fa3397cb597,2022-06,Cambridgeshire Constabulary,Cambridgeshire Constabulary,0.179012,52.183909,On or near Malletts Road,E01017960,Cambridge 011B,Violence and sexual offences,Unable to prosecute suspect,
ea02ff3cfe3a4f428c6dc3a213f96062734b16f7fb63dfac630218a8704d5175,2022-06,Cambridgeshire Constabulary,Cambridgeshire Constabulary,0.181081,52.186127,On or near Primrose Close,E01017960,Cambridge 011B,Violence and sexual offences,Unable to prosecute suspect,
,2022-06,Cambridgeshire Constabulary,Cambridgeshire Constabulary,0.160671,52.184875,On or near Rothleigh Road,E01017961,Cambridge 011C,Anti-social behaviour,,
,2022-06,Cambridgeshire Constabulary,Cambridgeshire Constabulary,0.160181,52.185343,On or near Petrol Station,E01017961,Cambridge 011C,Anti-social behaviour,,
,2022-06,Cambridgeshire Constabulary,Cambridgeshire Constabulary,0.162539,52.188114,On or near Walpole Road,E01017961,Cambridge 011C,Anti-social behaviour,,
,2022-06,Cambridgeshire Constabulary,Cambridgeshire Constabulary,0.165526,52.190254,On or near St Bede'S Crescent,E01017961,Cambridge 011C,Anti-social behaviour,,
,2022-06,Cambridgeshire Constabulary,Cambridgeshire Constabulary,0.165526,52.190254,On or near St Bede'S Crescent,E01017961,Cambridge 011C,Anti-social behaviour,,
,2022-06,Cambridgeshire Constabulary,Cambridgeshire Constabulary,0.166204,52.184342,On or near Greystoke Court,E01017961,Cambridge 011C,Anti-social behaviour,,
,2022-06,Cambridgeshire Constabulary,Cambridgeshire Constabulary,0.160181,52.185343,On or near Petrol Station,E01017961,Cambridge 011C,Anti-social behaviour,,
7ec8c2bb57742e5cee55a60da5270e191eebb7f3dddd97f0d62df27e14cd5bcf,2022-06,Cambridgeshire Constabulary,Cambridgeshire Constabulary,0.165526,52.190254,On or near St Bede'S Crescent,E01017961,Cambridge 011C,Burglary,Investigation complete; no suspect identified,
05a0b814b3f1f9d472fdb067fe42050a5b62dea8c06e82d97f4bfffb13b0db92,2022-06,Cambridgeshire Constabulary,Cambridgeshire Constabulary,0.162539,52.188114,On or near Walpole Road,E01017961,Cambridge 011C,Criminal damage and arson,Investigation complete; no suspect identified,
3c704690714a6508e66c41a5e5a10c1cf6a306500eb559bf6821a3ded4fdf333,2022-06,Cambridgeshire Constabulary,Cambridgeshire Constabulary,0.166204,52.184342,On or near Greystoke Court,E01017961,Cambridge 011C,Public order,Investigation complete; no suspect identified,
d1b01b44b429509284f6dc4027a83937c8f1ae8d4911c14228a8f9a33a85f74f,2022-06,Cambridgeshire Constabulary,Cambridgeshire Constabulary,0.166204,52.184342,On or near Greystoke Court,E01017961,Cambridge 011C,Public order,Investigation complete; no suspect identified,
fefc6523c82ce143f6bcfc4cb09f6b20fbd69e25554ed0d292326aef32088408,2022-06,Cambridgeshire Constabulary,Cambridgeshire Constabulary,0.162268,52.185539,On or near Parking Area,E01017961,Cambridge 011C,Robbery,Investigation complete; no suspect identified,
b20b140f50b5a1eba6b269279af7761a1db9c87d45803f70647f8fedaacbc18f,2022-06,Cambridgeshire Constabulary,Cambridgeshire Constabulary,0.162539,52.188114,On or near Walpole Road,E01017961,Cambridge 011C,Robbery,Unable to prosecute suspect,
c04cb2470d00943aa699102675351935adc15c0aa94d5fd550843948a235eca2,2022-06,Cambridgeshire Constabulary,Cambridgeshire Constabulary,0.162268,52.185539,On or near Parking Area,E01017961,Cambridge 011C,Violence and sexual offences,Unable to prosecute suspect,
01245c61cdf5f075c8e27914bbccb22961410ea85c031a9bb45c60c07d0aad2f,2022-06,Cambridgeshire Constabulary,Cambridgeshire Constabulary,0.162268,52.185539,On or near Parking Area,E01017961,Cambridge 011C,Violence and sexual offences,Unable to prosecute suspect,
66eeba1cb1dfca03c491b4c099aed1b6dec50ae466f587b641691edf9021e0b2,2022-06,Cambridgeshire Constabulary,Cambridgeshire Constabulary,0.165526,52.190254,On or near St Bede'S Crescent,E01017961,Cambridge 011C,Violence and sexual offences,Unable to prosecute suspect,
7d25052059c040bb2381f2756590930f79f0ba571f8857207e81f61a4f710bf4,2022-06,Cambridgeshire Constabulary,Cambridgeshire Constabulary,0.165946,52.188969,On or near St Bede'S Gardens,E01017961,Cambridge 011C,Violence and sexual offences,Unable to prosecute suspect,
05ccbf4ce1351b9294b5505d80c7cd286beddffd596036eafeab56722876817f,2022-06,Cambridgeshire Constabulary,Cambridgeshire Constabulary,0.162539,52.188114,On or near Walpole Road,E01017961,Cambridge 011C,Violence and sexual offences,Unable to prosecute suspect,
2d8fd6f99aeebb4341e8fb36b902f2cada900c1a6eb51534612df7aefb23bd8a,2022-06,Cambridgeshire Constabulary,Cambridgeshire Constabulary,0.162539,52.188114,On or near Walpole Road,E01017961,Cambridge 011C,Violence and sexual offences,Unable to prosecute suspect,
22f43bd849457759efffeba9a4d219377ff87989888bb0a32b77d977108a8f82,2022-06,Cambridgeshire Constabulary,Cambridgeshire Constabulary,0.162268,52.185539,On or near Parking Area,E01017961,Cambridge 011C,Violence and sexual offences,Investigation complete; no suspect identified,
,2022-06,Cambridgeshire Constabulary,Cambridgeshire Constabulary,0.173622,52.193063,On or near Iver Close,E01017962,Cambridge 011D,Anti-social behaviour,,
,2022-06,Cambridgeshire Constabulary,Cambridgeshire Constabulary,0.175832,52.193373,On or near Queen'S Meadow,E01017962,Cambridge 011D,Anti-social behaviour,,
,2022-06,Cambridgeshire Constabulary,Cambridgeshire Constabulary,0.173622,52.193063,On or near Iver Close,E01017962,Cambridge 011D,Anti-social behaviour,,
,2022-06,Cambridgeshire Constabulary,Cambridgeshire Constabulary,0.173622,52.193063,On or near Iver Close,E01017962,Cambridge 011D,Anti-social behaviour,,
7a9d286d377f5c29dec9c4cbe6f03226909ecace3fd8b22e7a827dd1be0adf3a,2022-06,Cambridgeshire Constabulary,Cambridgeshire Constabulary,0.175338,52.190460,On or near Railway Street,E01017962,Cambridge 011D,Burglary,Investigation complete; no suspect identified,
2950cceabd2be194bdb90699b4a9a2c309ce3e50b413ecb8384ae8fc4b74f384,2022-06,Cambridgeshire Constabulary,Cambridgeshire Constabulary,0.175832,52.193373,On or near Queen'S Meadow,E01017962,Cambridge 011D,Criminal damage and arson,Unable to prosecute suspect,
8e6f3404ff1239d2d642b8e062f7f2cff2ece28c87b49da605267377db7c81fa,2022-06,Cambridgeshire Constabulary,Cambridgeshire Constabulary,0.170564,52.196374,On or near Hatherdene Close,E01017962,Cambridge 011D,Criminal damage and arson,Investigation complete; no suspect identified,
fa2b9388486230ba08697e62face90217c9be5e4f4c51b2cb6cf98ccab569fe6,2022-06,Cambridgeshire Constabulary,Cambridgeshire Constabulary,0.170564,52.196374,On or near Hatherdene Close,E01017962,Cambridge 011D,Drugs,Status update unavailable,
cff9aaca93c8af731b5d0c14dbad96a71637c14608605f604b8661dd7a5e9324,2022-06,Cambridgeshire Constabulary,Cambridgeshire Constabulary,0.175381,52.196133,On or near Reilly Way,E01017962,Cambridge 011D,Other theft,Investigation complete; no suspect identified,
842b481f0b47a94c8b401565e125741667c568b45a9b52769a3414b801522810,2022-06,Cambridgeshire Constabulary,Cambridgeshire Constabulary,0.170564,52.196374,On or near Hatherdene Close,E01017962,Cambridge 011D,Public order,Investigation complete; no suspect identified,
c576ea873bdd1a1e4d18fd00b876111d3968915bba961fea900d9cf18d396c65,2022-06,Cambridgeshire Constabulary,Cambridgeshire Constabulary,0.173622,52.193063,On or near Iver Close,E01017962,Cambridge 011D,Public order,Unable to prosecute suspect,
e45e4ab7fac05de5d67bf0ba67c7fc78be01bff70b92ef8bd46a5773887f7263,2022-06,Cambridgeshire Constabulary,Cambridgeshire Constabulary,0.170564,52.196374,On or near Hatherdene Close,E01017962,Cambridge 011D,Public order,Investigation complete; no suspect identified,
c73994d0aed0ae277ea2a8958e71c455ed847dd488ca84629364c4589ff5eece,2022-06,Cambridgeshire Constabulary,Cambridgeshire Constabulary,0.176559,52.195392,On or near Church End,E01017962,Cambridge 011D,Vehicle crime,Investigation complete; no suspect identified,
e8bb384d559f61dc34ff9a18285d285cf39b1c5dab4c6280bae7b59005ae1e9b,2022-06,Cambridgeshire Constabulary,Cambridgeshire Constabulary,0.170564,52.196374,On or near Hatherdene Close,E01017962,Cambridge 011D,Vehicle crime,Investigation complete; no suspect identified,
98cf0b3ef1cb2d5a397b9c431ba3928e13ea1dec67ff72570b71f17264aeafab,2022-06,Cambridgeshire Constabulary,Cambridgeshire Constabulary,0.171979,52.193885,On or near Kathleen Elliot Way,E01017962,Cambridge 011D,Violence and sexual offences,Unable to prosecute suspect,
474739fb3292ee2a9ba0698bc39aa8c015512ffe4bffe4d69c442f31d788863b,2022-06,Cambridgeshire Constabulary,Cambridgeshire Constabulary,0.175832,52.193373,On or near Queen'S Meadow,E01017962,Cambridge 011D,Violence and sexual offences,Unable to prosecute suspect,
7f2edd95f60124e3c12576e4caab25d7d3f8462a910db8421ff3159a3489d91f,2022-06,Cambridgeshire Constabulary,Cambridgeshire Constabulary,0.171979,52.193885,On or near Kathleen Elliot Way,E01017962,Cambridge 011D,Violence and sexual offences,Unable to prosecute suspect,
0bd022e970a782d67db9207301a3584d49f84e52f8b89931009aa07e71921a4d,2022-06,Cambridgeshire Constabulary,Cambridgeshire Constabulary,0.175832,52.193373,On or near Queen'S Meadow,E01017962,Cambridge 011D,Violence and sexual offences,Unable to prosecute suspect,
b10187a38ee1171c0e48f22a6938cfab985942a06f52991225022ad2568be0aa,2022-06,Cambridgeshire Constabulary,Cambridgeshire Constabulary,0.171979,52.193885,On or near Kathleen Elliot Way,E01017962,Cambridge 011D,Violence and sexual offences,Unable to prosecute suspect,
20cc147c7d44c6be6c2c3c7f24f00805f2e8c23a03cb7eb33a240622a1f3c5e1,2022-06,Cambridgeshire Constabulary,Cambridgeshire Constabulary,0.176339,52.191170,On or near Fernlea Close,E01017962,Cambridge 011D,Violence and sexual offences,Status update unavailable,
d16c7883e6b4596f2cf9100f14b650b60f572f210616b07f4805e6ffd0615154,2022-06,Cambridgeshire Constabulary,Cambridgeshire Constabulary,0.176339,52.191170,On or near Fernlea Close,E01017962,Cambridge 011D,Violence and sexual offences,Unable to prosecute suspect,
,2022-06,Cambridgeshire Constabulary,Cambridgeshire Constabulary,0.179147,52.187872,On or near Pen Close,E01017963,Cambridge 011E,Anti-social behaviour,,
2c98ddee6e6e84495c7564bd30ceeefb8c56100b46c10537fb14ba860f163743,2022-06,Cambridgeshire Constabulary,Cambridgeshire Constabulary,0.177814,52.187528,On or near Fisher'S Lane,E01017963,Cambridge 011E,Public order,Offender given a caution,
18b2377fec446356121acdbc4ce43e0d93bae3168dc41912585c0b088a4e2819,2022-06,Cambridgeshire Constabulary,Cambridgeshire Constabulary,0.177428,52.188623,On or near Wenvoe Close,E01017963,Cambridge 011E,Violence and sexual offences,Unable to prosecute suspect,
525259b5918fc523eb2d770fefa1b859c1d4d5d7241fadf090cb145e1d17fbe4,2022-06,Cambridgeshire Constabulary,Cambridgeshire Constabulary,0.177928,52.187166,On or near Augers Road,E01017963,Cambridge 011E,Violence and sexual offences,Unable to prosecute suspect,
,2022-06,Cambridgeshire Constabulary,Cambridgeshire Constabulary,0.173315,52.189481,On or near Claygate Road,E01017964,Cambridge 011F,Anti-social behaviour,,
,2022-06,Cambridgeshire Constabulary,Cambridgeshire Constabulary,0.172504,52.188453,On or near Chalfont Close,E01017964,Cambridge 011F,Anti-social behaviour,,
,2022-06,Cambridgeshire Constabulary,Cambridgeshire Constabulary,0.105632,52.173633,On or near Grantchester Road,E01018002,Cambridge 012A,Anti-social behaviour,,
,2022-06,Cambridgeshire Constabulary,Cambridgeshire Constabulary,0.119813,52.176274,On or near Sports/Recreation Area,E01018002,Cambridge 012A,Anti-social behaviour,,
,2022-06,Cambridgeshire Constabulary,Cambridgeshire Constabulary,0.119813,52.176274,On or near Sports/Recreation Area,E01018002,Cambridge 012A,Anti-social behaviour,,
,2022-06,Cambridgeshire Constabulary,Cambridgeshire Constabulary,0.107696,52.166241,On or near Hauxton Road,E01018002,Cambridge 012A,Anti-social behaviour,,
,2022-06,Cambridgeshire Constabulary,Cambridgeshire Constabulary,0.107696,52.166241,On or near Hauxton Road,E01018002,Cambridge 012A,Anti-social behaviour,,
208a6c5de825511e85a55468899740d39764ee07711eef5d77d6e5cd6c33aedf,2022-06,Cambridgeshire Constabulary,Cambridgeshire Constabulary,0.119534,52.174409,On or near Paget Close,E01018002,Cambridge 012A,Bicycle theft,Investigation complete; no suspect identified,
3ef19c8a4dff738daa9c19345c7822b1ffcb9d62a5bf9a616785b0f7cc356bc2,2022-06,Cambridgeshire Constabulary,Cambridgeshire Constabulary,0.119534,52.174409,On or near Paget Close,E01018002,Cambridge 012A,Bicycle theft,Investigation complete; no suspect identified,
1c0245dc59a974f0f4cee74b2c93e9509c23b0765ce04b23da4a88aedd562b2f,2022-06,Cambridgeshire Constabulary,Cambridgeshire Constabulary,0.119813,52.176274,On or near Sports/Recreation Area,E01018002,Cambridge 012A,Bicycle theft,Investigation complete; no suspect identified,
5622f2de4dbfcb3262efe5184780ac8dd4e22ba13d9b007873065f606b601e70,2022-06,Cambridgeshire Constabulary,Cambridgeshire Constabulary,0.116929,52.179608,On or near Gazeley Road,E01018002,Cambridge 012A,Criminal damage and arson,Investigation complete; no suspect identified,
7d91c1db8fddd968b80d89632faa82f57ba8dbd4aee29507f1a234bf9909990c,2022-06,Cambridgeshire Constabulary,Cambridgeshire Constabulary,0.119534,52.174409,On or near Paget Close,E01018002,Cambridge 012A,Criminal damage and arson,Investigation complete; no suspect identified,
1d988301e2f081a53a210ef014385f8afdc66df4fa959165608f33f8dffc4e1d,2022-06,Cambridgeshire Constabulary,Cambridgeshire Constabulary,0.119813,52.176274,On or near Sports/Recreation Area,E01018002,Cambridge 012A,Criminal damage and arson,Investigation complete; no suspect identified,
b301cbd44a2b4b11d17817d91c9bdb653cdf7a58b5940fd52ff08e27550ab590,2022-06,Cambridgeshire Constabulary,Cambridgeshire Constabulary,0.105632,52.173633,On or near Grantchester Road,E01018002,Cambridge 012A,Other theft,Investigation complete; no suspect identified,
c88539265de1d0e049d936eb3e8e8c1b5072d82ef0d195919253cd25208930cb,2022-06,Cambridgeshire Constabulary,Cambridgeshire Constabulary,0.107696,52.166241,On or near Hauxton Road,E01018002,Cambridge 012A,Other theft,Investigation complete; no suspect identified,
d7baf961f3f6da227455538d1dd66754b5ac09acf959aebdfb52328e8f370c7f,2022-06,Cambridgeshire Constabulary,Cambridgeshire Constabulary,0.114536,52.175722,On or near Southbrooke Close,E01018002,Cambridge 012A,Other theft,Unable to prosecute suspect,
ef792767b05abf28316e01f3a4287a839d1c3325fc02310c2af40672b97fd718,2022-06,Cambridgeshire Constabulary,Cambridgeshire Constabulary,0.107696,52.166241,On or near Hauxton Road,E01018002,Cambridge 012A,Public order,Investigation complete; no suspect identified,
973c6c6c1e9cb91427091cf3b270f52e20d61374b628295bd33de71d575788cf,2022-06,Cambridgeshire Constabulary,Cambridgeshire Constabulary,0.116929,52.179608,On or near Gazeley Road,E01018002,Cambridge 012A,Public order,Unable to prosecute suspect,
f338a14c6fccec6dac0af35b56945a14450aee35eae1ff0f76d9df137afcacbd,2022-06,Cambridgeshire Constabulary,Cambridgeshire Constabulary,0.109152,52.174451,On or near Campbell Lane,E01018002,Cambridge 012A,Robbery,Unable to prosecute suspect,
0dfbf536994bfd25962d71f32a05323b5f8b25abef93b5e4d0933703ae0ac350,2022-06,Cambridgeshire Constabulary,Cambridgeshire Constabulary,0.119534,52.174409,On or near Paget Close,E01018002,Cambridge 012A,Violence and sexual offences,Unable to prosecute suspect,
114e621021ea63bcc8da6661208ea2ad04287af5a07ab6ae2c84980392950569,2022-06,Cambridgeshire Constabulary,Cambridgeshire Constabulary,0.116929,52.179608,On or near Gazeley Road,E01018002,Cambridge 012A,Violence and sexual offences,Unable to prosecute suspect,
8bc44db2ca40be36c3d4e514ec9f9e000ce90d8a4f54fa7fb7611573603de54c,2022-06,Cambridgeshire Constabulary,Cambridgeshire Constabulary,0.113680,52.174019,On or near Lingrey Court,E01018002,Cambridge 012A,Violence and sexual offences,Unable to prosecute suspect,
a91e529686a53d52b6dbf90ecb8642d5dd0810c8b5e5d2efa390764aefcd4b45,2022-06,Cambridgeshire Constabulary,Cambridgeshire Constabulary,0.107696,52.166241,On or near Hauxton Road,E01018002,Cambridge 012A,Violence and sexual offences,Unable to prosecute suspect,
a2ab9dfba9f36bc2e1802afcd20549427e891ba4e3d51090c1c2d12cb405282f,2022-06,Cambridgeshire Constabulary,Cambridgeshire Constabulary,0.105632,52.173633,On or near Grantchester Road,E01018002,Cambridge 012A,Violence and sexual offences,Unable to prosecute suspect,
b2f289d7df5dd1bffc3282984fdbc61ca7de024261ba782f5de3f37c2af8f4f6,2022-06,Cambridgeshire Constabulary,Cambridgeshire Constabulary,0.119534,52.174409,On or near Paget Close,E01018002,Cambridge 012A,Violence and sexual offences,Unable to prosecute suspect,
5c9a7c39531a2e2f09614a6510648d8a563c7e0e6c7200711c81617818ebafc7,2022-06,Cambridgeshire Constabulary,Cambridgeshire Constabulary,0.114536,52.175722,On or near Southbrooke Close,E01018002,Cambridge 012A,Other crime,Status update unavailable,
,2022-06,Cambridgeshire Constabulary,Cambridgeshire Constabulary,0.107579,52.167798,On or near Parking Area,E01018003,Cambridge 012B,Anti-social behaviour,,
,2022-06,Cambridgeshire Constabulary,Cambridgeshire Constabulary,0.107579,52.167798,On or near Parking Area,E01018003,Cambridge 012B,Anti-social behaviour,,
,2022-06,Cambridgeshire Constabulary,Cambridgeshire Constabulary,0.113074,52.167412,On or near Bishop'S Road,E01018003,Cambridge 012B,Anti-social behaviour,,
20e78785791d17d8f628bcec99fb3383dd09f7129b87ea12dce9d077283fe4df,2022-06,Cambridgeshire Constabulary,Cambridgeshire Constabulary,0.107579,52.167798,On or near Parking Area,E01018003,Cambridge 012B,Bicycle theft,Investigation complete; no suspect identified,
945eb645a05f22609a2263c54937b5e20a5be468cbd09353735fcd3e43d87568,2022-06,Cambridgeshire Constabulary,Cambridgeshire Constabulary,0.118078,52.168078,On or near Shelford Road,E01018003,Cambridge 012B,Burglary,Investigation complete; no suspect identified,
c8d7ddc06c8b31f07fc3eac29962f2e9ad234820ae637a617260a473df05406a,2022-06,Cambridgeshire Constabulary,Cambridgeshire Constabulary,0.118078,52.168078,On or near Shelford Road,E01018003,Cambridge 012B,Criminal damage and arson,Investigation complete; no suspect identified,
d88c34a61f141b3becad0e264eae0cd788ed65fcc157628a3680e0a05499dbde,2022-06,Cambridgeshire Constabulary,Cambridgeshire Constabulary,0.112370,52.170455,On or near Allen Court,E01018003,Cambridge 012B,Criminal damage and arson,Investigation complete; no suspect identified,
d1cb7a91d1597ca61281353d7bc4b04d8739ce3006fa544b3b06913a3d6f776f,2022-06,Cambridgeshire Constabulary,Cambridgeshire Constabulary,0.120687,52.165747,On or near Reed Close,E01018003,Cambridge 012B,Criminal damage and arson,Unable to prosecute suspect,
8af637e786c6dabc473294f899ea5dfdb0076403a784e3fbb78741af303a7fe0,2022-06,Cambridgeshire Constabulary,Cambridgeshire Constabulary,0.113074,52.167412,On or near Bishop'S Road,E01018003,Cambridge 012B,Criminal damage and arson,Unable to prosecute suspect,
2f2422fb04d9dadc40a92142b3337c15d54cf08b3ae9c0378d499127c94c7fb0,2022-06,Cambridgeshire Constabulary,Cambridgeshire Constabulary,0.118078,52.168078,On or near Shelford Road,E01018003,Cambridge 012B,Other theft,Investigation complete; no suspect identified,
b38e7c341f628504510c064affe0682396b28a104192fb4bfd230a1569458952,2022-06,Cambridgeshire Constabulary,Cambridgeshire Constabulary,0.118078,52.168078,On or near Shelford Road,E01018003,Cambridge 012B,Other theft,Unable to prosecute suspect,
43905c7d452652910fcf3827d81939b27ecac6b9ad09a2ba4dadb51f7f4467d4,2022-06,Cambridgeshire Constabulary,Cambridgeshire Constabulary,0.119084,52.173257,On or near Foster Road,E01018003,Cambridge 012B,Public order,Investigation complete; no suspect identified,
d212d575c1b95353946dcb3360b5b17ee562c85c6fcd683c1711d6e03ffaa272,2022-06,Cambridgeshire Constabulary,Cambridgeshire Constabulary,0.107579,52.167798,On or near Parking Area,E01018003,Cambridge 012B,Public order,Investigation complete; no suspect identified,
035d3d1dc87613b9cc205ed82f62eb8e411abb4c0f6e38f862259f03e5eeb06a,2022-06,Cambridgeshire Constabulary,Cambridgeshire Constabulary,0.107579,52.167798,On or near Parking Area,E01018003,Cambridge 012B,Public order,Unable to prosecute suspect,
2f0f07000bc3ec5c70f5368878f9e51bad6be1c833db7b983beef956c4c78949,2022-06,Cambridgeshire Constabulary,Cambridgeshire Constabulary,0.118078,52.168078,On or near Shelford Road,E01018003,Cambridge 012B,Public order,Status update unavailable,
d25fcb34dc797b8ec27789b1d59d5cd5ecba84d05e7f655de30b4799c39651e8,2022-06,Cambridgeshire Constabulary,Cambridgeshire Constabulary,0.112370,52.170455,On or near Allen Court,E01018003,Cambridge 012B,Shoplifting,Investigation complete; no suspect identified,
d2965ae1d7a31d50175009875fadcc9efbff02ce595d685f7d99946afe58e799,2022-06,Cambridgeshire Constabulary,Cambridgeshire Constabulary,0.112370,52.170455,On or near Allen Court,E01018003,Cambridge 012B,Theft from the person,Unable to prosecute suspect,
8a61d4b4afcee82f9aec2d9b5a066a5cce952ab9b7cef9c2c16e874ab4ee6f6a,2022-06,Cambridgeshire Constabulary,Cambridgeshire Constabulary,0.107579,52.167798,On or near Parking Area,E01018003,Cambridge 012B,Vehicle crime,Investigation complete; no suspect identified,
b72ecabbe74256c7b479588de671dc26b3a8715f50feb418e7f03aa7dcf8c48c,2022-06,Cambridgeshire Constabulary,Cambridgeshire Constabulary,0.107579,52.167798,On or near Parking Area,E01018003,Cambridge 012B,Vehicle crime,Investigation complete; no suspect identified,
18536a2b7ecf777ac3b8ab2629179c4d0ff15b7f48a586e18df4c34f1e55f1ad,2022-06,Cambridgeshire Constabulary,Cambridgeshire Constabulary,0.107579,52.167798,On or near Parking Area,E01018003,Cambridge 012B,Vehicle crime,Investigation complete; no suspect identified,
a1f94287b571a97a8cf79713116e05bb75a41656f3abd5dbd2b48daac006ea3e,2022-06,Cambridgeshire Constabulary,Cambridgeshire Constabulary,0.107579,52.167798,On or near Parking Area,E01018003,Cambridge 012B,Vehicle crime,Investigation complete; no suspect identified,
11c77c75606ee896c401801a1a4a1cc5d2d846c2d88cace481cdd4b4a624ebb5,2022-06,Cambridgeshire Constabulary,Cambridgeshire Constabulary,0.118078,52.168078,On or near Shelford Road,E01018003,Cambridge 012B,Vehicle crime,Investigation complete; no suspect identified,
dfea67317b59b8f420a8e00f57b44dd65f7b3aff82173ba7a0be81678525cf23,2022-06,Cambridgeshire Constabulary,Cambridgeshire Constabulary,0.119084,52.173257,On or near Foster Road,E01018003,Cambridge 012B,Violence and sexual offences,Unable to prosecute suspect,
b22349b15f21b4e7d529d844178fc28e89a1bfe4d830ca56c00f2cecaf3caa5e,2022-06,Cambridgeshire Constabulary,Cambridgeshire Constabulary,0.118078,52.168078,On or near Shelford Road,E01018003,Cambridge 012B,Violence and sexual offences,Investigation complete; no suspect identified,
ea1218ed1eb113843b6032dbe84bb8de12cce221f6067dc0e7f2197d6d059e9e,2022-06,Cambridgeshire Constabulary,Cambridgeshire Constabulary,0.107579,52.167798,On or near Parking Area,E01018003,Cambridge 012B,Violence and sexual offences,Unable to prosecute suspect,
3b507ef55530efac55007106e660d2aea7ec56e36405ab9ac17e556718d39aab,2022-06,Cambridgeshire Constabulary,Cambridgeshire Constabulary,0.107579,52.167798,On or near Parking Area,E01018003,Cambridge 012B,Violence and sexual offences,Unable to prosecute suspect,
fb95c16ca5aa6ec39c534d7efbca38d805deb6d160c7643f8c45eef700a7a92f,2022-06,Cambridgeshire Constabulary,Cambridgeshire Constabulary,0.107579,52.167798,On or near Parking Area,E01018003,Cambridge 012B,Violence and sexual offences,Unable to prosecute suspect,
9ae875f427a13da1383bc6f4b4343d2d640e26366c5c6e38d9e1c7297d12d5bf,2022-06,Cambridgeshire Constabulary,Cambridgeshire Constabulary,0.119084,52.173257,On or near Foster Road,E01018003,Cambridge 012B,Violence and sexual offences,Unable to prosecute suspect,
622a34816dcedbb8fab2ebb011ca8c2d9952fa3d2cf1ab242380a298827e9a20,2022-06,Cambridgeshire Constabulary,Cambridgeshire Constabulary,0.120687,52.165747,On or near Reed Close,E01018003,Cambridge 012B,Violence and sexual offences,Unable to prosecute suspect,
40df348fac28b84fdb55f51424b6b185ce78423b3d02192011b67634b854feef,2022-06,Cambridgeshire Constabulary,Cambridgeshire Constabulary,0.119084,52.173257,On or near Foster Road,E01018003,Cambridge 012B,Violence and sexual offences,Unable to prosecute suspect,
e210f01cd3f4253cbc42463003383f7acdd4a22ed6be943b0d4a3d6b2f66c856,2022-06,Cambridgeshire Constabulary,Cambridgeshire Constabulary,0.119385,52.165734,On or near Petrol Station,E01018003,Cambridge 012B,Violence and sexual offences,Investigation complete; no suspect identified,
,2022-06,Cambridgeshire Constabulary,Cambridgeshire Constabulary,0.127266,52.199132,On or near Hills Road,E01018005,Cambridge 012D,Anti-social behaviour,,
,2022-06,Cambridgeshire Constabulary,Cambridgeshire Constabulary,0.127877,52.197530,On or near George Iv Street,E01018005,Cambridge 012D,Anti-social behaviour,,
407a67742619ceb4104e308fc0fcae207a4a224ebfadc71ff9749e02018fd656,2022-06,Cambridgeshire Constabulary,Cambridgeshire Constabulary,0.129157,52.196751,On or near Supermarket,E01018005,Cambridge 012D,Criminal damage and arson,Investigation complete; no suspect identified,
ea275eeab3bfc32f193d3ed965be7424a25299fc41a6c0a411be5636128ee20f,2022-06,Cambridgeshire Constabulary,Cambridgeshire Constabulary,0.126497,52.195280,On or near Bateman Street,E01018005,Cambridge 012D,Criminal damage and arson,Investigation complete; no suspect identified,
ce397ec7301d2e151076a0101eee41fdef3e7a75d89c805ccff4e944b2b3f0a4,2022-06,Cambridgeshire Constabulary,Cambridgeshire Constabulary,0.129157,52.196751,On or near Supermarket,E01018005,Cambridge 012D,Criminal damage and arson,Investigation complete; no suspect identified,
2f6ef01e0b8170b0fcf76adc546b8491885743159e858c0d009917f97aa55b03,2022-06,Cambridgeshire Constabulary,Cambridgeshire Constabulary,0.129157,52.196751,On or near Supermarket,E01018005,Cambridge 012D,Criminal damage and arson,Investigation complete; no suspect identified,
5d028d904cb8eaa789e81e68385fe50350bb48c1a765b6e48885081e4615597c,2022-06,Cambridgeshire Constabulary,Cambridgeshire Constabulary,0.129157,52.196751,On or near Supermarket,E01018005,Cambridge 012D,Criminal damage and arson,Investigation complete; no suspect identified,
5d1201573c12839392f64370e91a769ce44129614823747bcb563db53ab00a88,2022-06,Cambridgeshire Constabulary,Cambridgeshire Constabulary,0.124279,52.196021,On or near St Eligius Street,E01018005,Cambridge 012D,Criminal damage and arson,Unable to prosecute suspect,
b66ac6d3a811b551f5457a8cf51708aba0742063e356484e5d6860557cd7265c,2022-06,Cambridgeshire Constabulary,Cambridgeshire Constabulary,0.122706,52.196499,On or near Brookside,E01018005,Cambridge 012D,Drugs,Unable to prosecute suspect,
a4f8e1725e329be50bf579fc17e18543212b8a586ca3ff193edc5be36825878b,2022-06,Cambridgeshire Constabulary,Cambridgeshire Constabulary,0.127489,52.199515,On or near Regent Street,E01018005,Cambridge 012D,Drugs,Unable to prosecute suspect,
08c4bb4b45f50b8776c4af01a223e604a726e617d5d713f827ef5743ad7efa2e,2022-06,Cambridgeshire Constabulary,Cambridgeshire Constabulary,0.124279,52.196021,On or near St Eligius Street,E01018005,Cambridge 012D,Other theft,Investigation complete; no suspect identified,
9a54970085e1d5d482e09f9331c93e669c9ed3bd4e84363e3960064fd8a8cfaf,2022-06,Cambridgeshire Constabulary,Cambridgeshire Constabulary,0.124279,52.196021,On or near St Eligius Street,E01018005,Cambridge 012D,Public order,Unable to prosecute suspect,
7e3bd7b934d21555bdd1094d028bfd328fe960488e9d69c6d2828ce56d7417a5,2022-06,Cambridgeshire Constabulary,Cambridgeshire Constabulary,0.129157,52.196751,On or near Supermarket,E01018005,Cambridge 012D,Shoplifting,Court result unavailable,
003008f158a9914ac79f68e5ed6c7d4929997be9321608e7366276a05e43fc9d,2022-06,Cambridgeshire Constabulary,Cambridgeshire Constabulary,0.129157,52.196751,On or near Supermarket,E01018005,Cambridge 012D,Shoplifting,Unable to prosecute suspect,
7a4893c4656a43aff9d09fa56ed5fe0258a37b2c115b0fd80eb3536d139fba9f,2022-06,Cambridgeshire Constabulary,Cambridgeshire Constabulary,0.129299,52.199105,On or near Drosier Road,E01018005,Cambridge 012D,Theft from the person,Investigation complete; no suspect identified,
52bae403ff209e2d76a9b372bdbd6afda9c9224e5af0626db4c44d6ce2cc881c,2022-06,Cambridgeshire Constabulary,Cambridgeshire Constabulary,0.124279,52.196021,On or near St Eligius Street,E01018005,Cambridge 012D,Vehicle crime,Investigation complete; no suspect identified,
317707a0b9f17823555259608f37e48c01179e43660aa608f00771cd63818f03,2022-06,Cambridgeshire Constabulary,Cambridgeshire Constabulary,0.127489,52.199515,On or near Regent Street,E01018005,Cambridge 012D,Violence and sexual offences,Investigation complete; no suspect identified,
135f77a5a3bcf6a16659549243bd41eecd651bb2e6ef3b06c7cebe1df652127a,2022-06,Cambridgeshire Constabulary,Cambridgeshire Constabulary,0.129157,52.196751,On or near Supermarket,E01018005,Cambridge 012D,Violence and sexual offences,Investigation complete; no suspect identified,
45d8bbd661f86eca65dbd8d184b0721f21e7f9ce024358d04e50c9f5ba440996,2022-06,Cambridgeshire Constabulary,Cambridgeshire Constabulary,0.127489,52.199515,On or near Regent Street,E01018005,Cambridge 012D,Violence and sexual offences,Unable to prosecute suspect,
fdb5486e0242b11d866ef78da532114bcaa537cc4b5aa68ea491f5bbcbb26550,2022-06,Cambridgeshire Constabulary,Cambridgeshire Constabulary,0.123962,52.197052,On or near St Eligius Place,E01018005,Cambridge 012D,Violence and sexual offences,Investigation complete; no suspect identified,
7289ddb1d17ff4d0d8e5845e280ecdf4845e14206b66e85b1e04d1df3cbc679b,2022-06,Cambridgeshire Constabulary,Cambridgeshire Constabulary,0.124279,52.196021,On or near St Eligius Street,E01018005,Cambridge 012D,Violence and sexual offences,Unable to prosecute suspect,
b1822a1f3f54eba5b8bb55a8d2747e9c5c7364146873b6ee0eb60b6c514f5b9a,2022-06,Cambridgeshire Constabulary,Cambridgeshire Constabulary,0.127266,52.199132,On or near Hills Road,E01018005,Cambridge 012D,Other crime,Investigation complete; no suspect identified,
6e52e7608545665a105e215845727faedb1a11ab902121ed5f425c72122de269,2022-06,Cambridgeshire Constabulary,Cambridgeshire Constabulary,0.122048,52.190963,On or near Southacre Close,E01032794,Cambridge 012E,Public order,Unable to prosecute suspect,
09db7e856ce3d3e464975a4e9f6f86b75cedf662125a3c4a863b9f021f1d064d,2022-06,Cambridgeshire Constabulary,Cambridgeshire Constabulary,0.124971,52.180785,On or near Rutherford Road,E01032794,Cambridge 012E,Violence and sexual offences,Investigation complete; no suspect identified,
52882264b62e5cbc1a26d10a3d001cb264ff3e8ea96cbf2c8d2b28c7c59eaf43,2022-06,Cambridgeshire Constabulary,Cambridgeshire Constabulary,0.122791,52.181697,On or near Sports/Recreation Area,E01032794,Cambridge 012E,Violence and sexual offences,Unable to prosecute suspect,
12a0d80c25f503136a1b1b9a13c3cf45d9e56c17e9e26ff2f6476aa3550f2365,2022-06,Cambridgeshire Constabulary,Cambridgeshire Constabulary,0.124971,52.180785,On or near Rutherford Road,E01032794,Cambridge 012E,Violence and sexual offences,Investigation complete; no suspect identified,
339e5051276bc97f8f52019bf722400abacee8bfad1b2c05865a426cae039bfb,2022-06,Cambridgeshire Constabulary,Cambridgeshire Constabulary,0.122791,52.181697,On or near Sports/Recreation Area,E01032794,Cambridge 012E,Violence and sexual offences,Unable to prosecute suspect,
,2022-06,Cambridgeshire Constabulary,Cambridgeshire Constabulary,0.133491,52.193454,On or near Vinter Terrace,E01032795,Cambridge 012F,Anti-social behaviour,,
f052549fb12821fca1a71266f7150a12c247433be9359275d68f4ff96f474571,2022-06,Cambridgeshire Constabulary,Cambridgeshire Constabulary,0.137282,52.194096,On or near Police Station,E01032795,Cambridge 012F,Bicycle theft,Investigation complete; no suspect identified,
b2a210cd27ecbc4e5cd5176ebdd277127005512a67d1f60613f5545a297f653a,2022-06,Cambridgeshire Constabulary,Cambridgeshire Constabulary,0.134307,52.193988,On or near Warren Close,E01032795,Cambridge 012F,Bicycle theft,Investigation complete; no suspect identified,
b9c222e1ac94ef58b12ef1dc44d001ae8cf1646f6be69ab10add8d22806f9bb1,2022-06,Cambridgeshire Constabulary,Cambridgeshire Constabulary,0.137282,52.194096,On or near Police Station,E01032795,Cambridge 012F,Bicycle theft,Investigation complete; no suspect identified,
c516019dd4b37d1a82bb64eb520111ba662e8b1fb9871117df42a48623f126c7,2022-06,Cambridgeshire Constabulary,Cambridgeshire Constabulary,0.131209,52.194988,On or near Hills Road,E01032795,Cambridge 012F,Bicycle theft,Investigation complete; no suspect identified,
5bc70070f195f1058ca2e70a842fb9d7541c4da2adc4db00d7c088bae0facdc3,2022-06,Cambridgeshire Constabulary,Cambridgeshire Constabulary,0.137282,52.194096,On or near Police Station,E01032795,Cambridge 012F,Bicycle theft,Investigation complete; no suspect identified,
a41dbbd516bc04f69f7cb7c4d463d6495878f6c9906b659fb65c1bb559b1b053,2022-06,Cambridgeshire Constabulary,Cambridgeshire Constabulary,0.131209,52.194988,On or near Hills Road,E01032795,Cambridge 012F,Burglary,Investigation complete; no suspect identified,
7eb722794797783ca6952f28e419cc831f117be2410da8a34dcf5d726ba315d8,2022-06,Cambridgeshire Constabulary,Cambridgeshire Constabulary,0.137282,52.194096,On or near Police Station,E01032795,Cambridge 012F,Burglary,Unable to prosecute suspect,
deabc67f9986b3b501c29ce758c24bb7b54b52df39edd00433f6ea8b384cd66c,2022-06,Cambridgeshire Constabulary,Cambridgeshire Constabulary,0.137282,52.194096,On or near Police Station,E01032795,Cambridge 012F,Criminal damage and arson,Investigation complete; no suspect identified,
11b824467ba98faadc594be3c270e654dcff9c65f061547ac050d0647dd9eb93,2022-06,Cambridgeshire Constabulary,Cambridgeshire Constabulary,0.128339,52.188817,On or near Gilpin Road,E01032795,Cambridge 012F,Criminal damage and arson,Unable to prosecute suspect,
1b70f86518727b2fd768b839de6d2633d1d36f619f00c30ba52058716a6ab0f1,2022-06,Cambridgeshire Constabulary,Cambridgeshire Constabulary,0.137282,52.194096,On or near Police Station,E01032795,Cambridge 012F,Criminal damage and arson,Investigation complete; no suspect identified,
b1e4e31a693b3d2c94868e8e21fd6a8409e5702cb88d18cb0db29005f84cd683,2022-06,Cambridgeshire Constabulary,Cambridgeshire Constabulary,0.132344,52.191200,On or near Clarendon Road,E01032795,Cambridge 012F,Drugs,Unable to prosecute suspect,
6e1c2ac326d0e8ed76357fdf1b64109ec9492586b166f8a4691efc33d1f595ea,2022-06,Cambridgeshire Constabulary,Cambridgeshire Constabulary,0.132187,52.189431,On or near Glenalmond Avenue,E01032795,Cambridge 012F,Other theft,Investigation complete; no suspect identified,
b6d3f03f7a76415b7eab15267686e6500c1b67cd6941d14e9c67e4b32bb0b5c3,2022-06,Cambridgeshire Constabulary,Cambridgeshire Constabulary,0.133491,52.193454,On or near Vinter Terrace,E01032795,Cambridge 012F,Other theft,Investigation complete; no suspect identified,
3124a6cf175e94f894f9892f34b71fe54695bb36be586ebbf620c0279c33c984,2022-06,Cambridgeshire Constabulary,Cambridgeshire Constabulary,0.128437,52.188429,On or near Gilpin Place,E01032795,Cambridge 012F,Other theft,Unable to prosecute suspect,
4218ac67df85b37d422df5e8aeb569a3d550fc5945faf59849c1c27b13496f2a,2022-06,Cambridgeshire Constabulary,Cambridgeshire Constabulary,0.132344,52.191200,On or near Clarendon Road,E01032795,Cambridge 012F,Other theft,Unable to prosecute suspect,
a5cfa9b373558e488e4317c8e60a1776c63c682208bab5dabc91375b4f15768e,2022-06,Cambridgeshire Constabulary,Cambridgeshire Constabulary,0.134307,52.193988,On or near Warren Close,E01032795,Cambridge 012F,Other theft,Investigation complete; no suspect identified,
ebd9e4cfd7181547811742cc798d97aca3f860645b65575397beec8ff82bb1f9,2022-06,Cambridgeshire Constabulary,Cambridgeshire Constabulary,0.132344,52.191200,On or near Clarendon Road,E01032795,Cambridge 012F,Public order,Unable to prosecute suspect,
89154096a8259ed4882960b6d1c72ff2547fd188f586a72288ec8b66dbc9c8b9,2022-06,Cambridgeshire Constabulary,Cambridgeshire Constabulary,0.133491,52.193454,On or near Vinter Terrace,E01032795,Cambridge 012F,Shoplifting,Investigation complete; no suspect identified,
b73b5aa3acaa144ae98e5c5727821a2a625febef2b94db4c73a64398dd8cb6cb,2022-06,Cambridgeshire Constabulary,Cambridgeshire Constabulary,0.133491,52.193454,On or near Vinter Terrace,E01032795,Cambridge 012F,Vehicle crime,Investigation complete; no suspect identified,
5fb3e6f11c47cafb9d63490a515dc502e6ff9f1a0afa1ca7abd13127e5e8934e,2022-06,Cambridgeshire Constabulary,Cambridgeshire Constabulary,0.133491,52.193454,On or near Vinter Terrace,E01032795,Cambridge 012F,Violence and sexual offences,Unable to prosecute suspect,
7bb6ff52a3640c6c4ef2f73c729324321437483695e4b0cf979ad7cac2de841e,2022-06,Cambridgeshire Constabulary,Cambridgeshire Constabulary,0.133491,52.193454,On or near Vinter Terrace,E01032795,Cambridge 012F,Violence and sexual offences,Unable to prosecute suspect,
af6c011918097533db7d53ea7759158459b3b48b7cb75a4c5fe28c4a51a13245,2022-06,Cambridgeshire Constabulary,Cambridgeshire Constabulary,0.132344,52.191200,On or near Clarendon Road,E01032795,Cambridge 012F,Violence and sexual offences,Court result unavailable,
141e131247314ea3b646fcd382c03389d4033fdb68cd50215e21c4cf667d0381,2022-06,Cambridgeshire Constabulary,Cambridgeshire Constabulary,0.132187,52.189431,On or near Glenalmond Avenue,E01032795,Cambridge 012F,Violence and sexual offences,Court result unavailable,
dab36c6e605d52458ffd3669c8e76f39d08c2d048fe729717164199bbdbc3baa,2022-06,Cambridgeshire Constabulary,Cambridgeshire Constabulary,0.137282,52.194096,On or near Police Station,E01032795,Cambridge 012F,Violence and sexual offences,Unable to prosecute suspect,
4628cd433065a7832199ee5306c345e171d53bea7923e54cdd758a197d89884e,2022-06,Cambridgeshire Constabulary,Cambridgeshire Constabulary,0.133491,52.193454,On or near Vinter Terrace,E01032795,Cambridge 012F,Violence and sexual offences,Unable to prosecute suspect,
,2022-06,Cambridgeshire Constabulary,Cambridgeshire Constabulary,0.151595,52.181121,On or near Queen Emma Place,E01017992,Cambridge 013A,Anti-social behaviour,,
,2022-06,Cambridgeshire Constabulary,Cambridgeshire Constabulary,0.151209,52.182207,On or near Hulatt Road,E01017992,Cambridge 013A,Anti-social behaviour,,
cf38910f067c451a6f817abda465c97bac18c31ad947a27a65d8c69903e54bbc,2022-06,Cambridgeshire Constabulary,Cambridgeshire Constabulary,0.149759,52.180660,On or near Mowbray Road,E01017992,Cambridge 013A,Other theft,Investigation complete; no suspect identified,
131c1d16beb092fb12cc058db5ae742b9765f9421aa7d9768262460908e685f0,2022-06,Cambridgeshire Constabulary,Cambridgeshire Constabulary,0.146177,52.186174,On or near Magnolia Close,E01017992,Cambridge 013A,Possession of weapons,Unable to prosecute suspect,
1dd3fc267fef83ba1c18101a743f829dfaf464ed05909a3f2689f91476c10e55,2022-06,Cambridgeshire Constabulary,Cambridgeshire Constabulary,0.146177,52.186174,On or near Magnolia Close,E01017992,Cambridge 013A,Public order,Unable to prosecute suspect,
fbab455123cd523f493f5153d8f50cba2e187dbedf6ee9f0dc1b8ca5bb1cde72,2022-06,Cambridgeshire Constabulary,Cambridgeshire Constabulary,0.151209,52.182207,On or near Hulatt Road,E01017992,Cambridge 013A,Public order,Investigation complete; no suspect identified,
01832047f0c0535596cd17487ca7da78c7de61e207939bbc373e1a2281fe11d0,2022-06,Cambridgeshire Constabulary,Cambridgeshire Constabulary,0.145052,52.184378,On or near Baldock Way,E01017992,Cambridge 013A,Vehicle crime,Investigation complete; no suspect identified,
6083b06fa2f6e78865ff5c54507cdc538f0be091f0243db9c111eafef408de0b,2022-06,Cambridgeshire Constabulary,Cambridgeshire Constabulary,0.149759,52.180660,On or near Mowbray Road,E01017992,Cambridge 013A,Violence and sexual offences,Investigation complete; no suspect identified,
,2022-06,Cambridgeshire Constabulary,Cambridgeshire Constabulary,0.146253,52.177711,On or near Fendon Close,E01017993,Cambridge 013B,Anti-social behaviour,,
,2022-06,Cambridgeshire Constabulary,Cambridgeshire Constabulary,0.140775,52.181516,On or near Hills Road,E01017993,Cambridge 013B,Anti-social behaviour,,
75bada43fd0a13565980f7858e97a6ae2be8d51301b94e282d22d8d13ba33af8,2022-06,Cambridgeshire Constabulary,Cambridgeshire Constabulary,0.139601,52.183884,On or near Hills Road,E01017993,Cambridge 013B,Bicycle theft,Investigation complete; no suspect identified,
2ae1832fbee1b12c6fbfdc42b46d3e8f382ad8399e645d9f71df8078a290e1d0,2022-06,Cambridgeshire Constabulary,Cambridgeshire Constabulary,0.136488,52.183634,On or near Luard Road,E01017993,Cambridge 013B,Bicycle theft,Investigation complete; no suspect identified,
7caa51514cc18fbbe1779cd3e5ce31e88faa1bed586a48a175298dc18d4e0b64,2022-06,Cambridgeshire Constabulary,Cambridgeshire Constabulary,0.133879,52.181398,On or near Sedley Taylor Road,E01017993,Cambridge 013B,Other theft,Investigation complete; no suspect identified,
5cb6ee186003df72816b3a97506f38db0682d122f167a318f457926108dfc7ba,2022-06,Cambridgeshire Constabulary,Cambridgeshire Constabulary,0.136488,52.183634,On or near Luard Road,E01017993,Cambridge 013B,Public order,Unable to prosecute suspect,
,2022-06,Cambridgeshire Constabulary,Cambridgeshire Constabulary,0.156621,52.183421,On or near Gunhild Close,E01017994,Cambridge 013C,Anti-social behaviour,,
437794060ad3d081cb5b80c728fcfd50fbebdcf9287da8e0c14407dd4c1c6ca6,2022-06,Cambridgeshire Constabulary,Cambridgeshire Constabulary,0.155174,52.183744,On or near Gunhild Court,E01017994,Cambridge 013C,Criminal damage and arson,Unable to prosecute suspect,
ce782a5415b185136274f4b473637c22996bf995f5794d3c617d702e8f885b66,2022-06,Cambridgeshire Constabulary,Cambridgeshire Constabulary,0.160795,52.182607,On or near Tillyard Way,E01017994,Cambridge 013C,Public order,Unable to prosecute suspect,
33d062628871e20d72bb7efcf6e1cbda42fe89d6743b57b8940dbe783ac13086,2022-06,Cambridgeshire Constabulary,Cambridgeshire Constabulary,0.155174,52.183744,On or near Gunhild Court,E01017994,Cambridge 013C,Violence and sexual offences,Status update unavailable,
c6baf26d8da7ca776f079f5c26023b01d79e259ebdb49910e8559d28cc4d1784,2022-06,Cambridgeshire Constabulary,Cambridgeshire Constabulary,0.160795,52.182607,On or near Tillyard Way,E01017994,Cambridge 013C,Violence and sexual offences,Unable to prosecute suspect,
c41531bc7c02f421fe842b6d1731ab264cf449aa9c3b1a6ed3b2d4077d002e9b,2022-06,Cambridgeshire Constabulary,Cambridgeshire Constabulary,0.141982,52.175892,On or near Further/Higher Educational Building,E01017995,Cambridge 013D,Bicycle theft,Investigation complete; no suspect identified,
73fe095db94f3b340df40e4a68f4533f6805db549245c5469dbe3f95bbaf980c,2022-06,Cambridgeshire Constabulary,Cambridgeshire Constabulary,0.137913,52.174617,On or near Keith Day Way,E01017995,Cambridge 013D,Bicycle theft,Investigation complete; no suspect identified,
5b595d4c2fb4280d3106f7ca6897b77e07d1f3ee040922664b31459863dd68ec,2022-06,Cambridgeshire Constabulary,Cambridgeshire Constabulary,0.141982,52.175892,On or near Further/Higher Educational Building,E01017995,Cambridge 013D,Bicycle theft,Investigation complete; no suspect identified,
f3ae72d89b917e780146cc46b915bad2cea9a2cf7e6055902441fe6b44dc6c6d,2022-06,Cambridgeshire Constabulary,Cambridgeshire Constabulary,0.153248,52.178690,On or near Kinnaird Way,E01017995,Cambridge 013D,Burglary,Investigation complete; no suspect identified,
145c1a4bb708f984ffe186217f878a2cf9a9895f076da627e6bb2eecea54ead7,2022-06,Cambridgeshire Constabulary,Cambridgeshire Constabulary,0.149890,52.178221,On or near Sports/Recreation Area,E01017995,Cambridge 013D,Burglary,Investigation complete; no suspect identified,
519216fe346439f11db5f7ffaf882623d54f086c14f7fb748323407cad4755d6,2022-06,Cambridgeshire Constabulary,Cambridgeshire Constabulary,0.152094,52.173271,On or near Alwyne Road,E01017995,Cambridge 013D,Criminal damage and arson,Unable to prosecute suspect,
ef4dea997ff5a7d2fea28aa8a6abcf87f903e6f548328e6b0dae9dd31c3c995a,2022-06,Cambridgeshire Constabulary,Cambridgeshire Constabulary,0.141982,52.175892,On or near Further/Higher Educational Building,E01017995,Cambridge 013D,Other theft,Investigation complete; no suspect identified,
049dab10a61e450061ee677c495241fd53052210099a5eeb3aabcb794b836b19,2022-06,Cambridgeshire Constabulary,Cambridgeshire Constabulary,0.141982,52.175892,On or near Further/Higher Educational Building,E01017995,Cambridge 013D,Other theft,Investigation complete; no suspect identified,
aa874fc7cc45283db90250a0483f9d90c8ac5b7cf797a0f327fdbde996959f65,2022-06,Cambridgeshire Constabulary,Cambridgeshire Constabulary,0.141982,52.175892,On or near Further/Higher Educational Building,E01017995,Cambridge 013D,Public order,Offender given a caution,
5d8385fc3471deff68b4cafe5efc5cd273a9902a731f81869ebb72af7e0a6b58,2022-06,Cambridgeshire Constabulary,Cambridgeshire Constabulary,0.141982,52.175892,On or near Further/Higher Educational Building,E01017995,Cambridge 013D,Public order,Unable to prosecute suspect,
d4e6fba610d9bccb1245021672dddbdddbd114cb0379013530b91f231a80057b,2022-06,Cambridgeshire Constabulary,Cambridgeshire Constabulary,0.152094,52.173271,On or near Alwyne Road,E01017995,Cambridge 013D,Public order,Investigation complete; no suspect identified,
77894492be3cc2da36f43b28a9827d5a95376470c2a98fd50976c934ba7c4795,2022-06,Cambridgeshire Constabulary,Cambridgeshire Constabulary,0.141982,52.175892,On or near Further/Higher Educational Building,E01017995,Cambridge 013D,Public order,Court result unavailable,
7094e3ab08fa900e8dbb2b40a4aa2ec8128de1e108237ad9b7623ba77d19212f,2022-06,Cambridgeshire Constabulary,Cambridgeshire Constabulary,0.141982,52.175892,On or near Further/Higher Educational Building,E01017995,Cambridge 013D,Theft from the person,Investigation complete; no suspect identified,
10a6ce3e93759d2190af81095ad73245e72ac79005834a62c51160cf9edeeaf1,2022-06,Cambridgeshire Constabulary,Cambridgeshire Constabulary,0.141982,52.175892,On or near Further/Higher Educational Building,E01017995,Cambridge 013D,Violence and sexual offences,Status update unavailable,
dbd8abf4cdfa9f8c8547c33d78b55193ec535e20e0985cc270b84602f285a512,2022-06,Cambridgeshire Constabulary,Cambridgeshire Constabulary,0.141982,52.175892,On or near Further/Higher Educational Building,E01017995,Cambridge 013D,Violence and sexual offences,Status update unavailable,
1c042eaf0453542b035fcb23789d6c41331f8a6f6f5dfe3e71ba15d6312b0e82,2022-06,Cambridgeshire Constabulary,Cambridgeshire Constabulary,0.141982,52.175892,On or near Further/Higher Educational Building,E01017995,Cambridge 013D,Violence and sexual offences,Status update unavailable,
6f1f928e18701c85c21e8b378df2f9bd8f7948b01256a8d6e743123cc7735a89,2022-06,Cambridgeshire Constabulary,Cambridgeshire Constabulary,0.157524,52.177299,On or near Beaumont Crescent,E01017995,Cambridge 013D,Violence and sexual offences,Unable to prosecute suspect,
32fac5b79b97045494a7f6dce20e9f3ff328ec3a5eeaf77a5c34fce8d2b21dea,2022-06,Cambridgeshire Constabulary,Cambridgeshire Constabulary,0.144741,52.173953,On or near Greenlands,E01017995,Cambridge 013D,Violence and sexual offences,Status update unavailable,
196bf50581348e37de9dd40f0d84dd8942f4d9e523788018b7ef1a23431a9afd,2022-06,Cambridgeshire Constabulary,Cambridgeshire Constabulary,0.149890,52.178221,On or near Sports/Recreation Area,E01017995,Cambridge 013D,Violence and sexual offences,Unable to prosecute suspect,
c1b052dd0abd03dd7c13387c2d294a38e07f01a33b44d5c4318acf40deda6273,2022-06,Cambridgeshire Constabulary,Cambridgeshire Constabulary,0.139692,52.176940,On or near Adrian Way,E01017995,Cambridge 013D,Violence and sexual offences,Unable to prosecute suspect,
9f741bf98592fb44ea48fd741eee7f590cd2580ed979bf01fcac8228958ca1a2,2022-06,Cambridgeshire Constabulary,Cambridgeshire Constabulary,0.141982,52.175892,On or near Further/Higher Educational Building,E01017995,Cambridge 013D,Violence and sexual offences,Status update unavailable,
a951fa3fb1a062c5eee1ff245516440d21a953be88454e3de94eeece16067d43,2022-06,Cambridgeshire Constabulary,Cambridgeshire Constabulary,0.141982,52.175892,On or near Further/Higher Educational Building,E01017995,Cambridge 013D,Violence and sexual offences,Investigation complete; no suspect identified,
a670b0754c26de31a4ed0b4c953ba2700107ed0090ad8b0b33cd128ba307fffc,2022-06,Cambridgeshire Constabulary,Cambridgeshire Constabulary,0.141982,52.175892,On or near Further/Higher Educational Building,E01017995,Cambridge 013D,Violence and sexual offences,Court result unavailable,
b14fbb17cdf1096c2f1b82b66cdcb29a8cce3248a79f49791c4b0a907326e478,2022-06,Cambridgeshire Constabulary,Cambridgeshire Constabulary,0.141982,52.175892,On or near Further/Higher Educational Building,E01017995,Cambridge 013D,Violence and sexual offences,Unable to prosecute suspect,
a8dcb71da583922f3e5f0385a85807ab6be87c6b902239173f9251fb53402279,2022-06,Cambridgeshire Constabulary,Cambridgeshire Constabulary,0.141982,52.175892,On or near Further/Higher Educational Building,E01017995,Cambridge 013D,Violence and sexual offences,Unable to prosecute suspect,
da4758f92f301547a7cdcab6666cbf426d5bfa6db854dd8d75a1019653a0207f,2022-06,Cambridgeshire Constabulary,Cambridgeshire Constabulary,0.141982,52.175892,On or near Further/Higher Educational Building,E01017995,Cambridge 013D,Violence and sexual offences,Awaiting court outcome,
2ebe9d9af5e1e2105574d8418e6a8e213eaa1b6b98c01cabac00826d5733aacf,2022-06,Cambridgeshire Constabulary,Cambridgeshire Constabulary,0.141982,52.175892,On or near Further/Higher Educational Building,E01017995,Cambridge 013D,Violence and sexual offences,Status update unavailable,
77c8e69f711184c7f1185ec1035332fa8b53ba9f5b64db72295477c7f66d0c48,2022-06,Cambridgeshire Constabulary,Cambridgeshire Constabulary,0.141982,52.175892,On or near Further/Higher Educational Building,E01017995,Cambridge 013D,Violence and sexual offences,Court result unavailable,
93365f1989af5e3fb615bac8488b0e64b749e66bddb50511845e3c119caa6477,2022-06,Cambridgeshire Constabulary,Cambridgeshire Constabulary,0.138790,52.187711,On or near Rathmore Road,E01017996,Cambridge 013E,Public order,Unable to prosecute suspect,
fee94888f1394a9382049d6e11b93666bbd97e916b6ddbaf46971a94cc731664,2022-06,Cambridgeshire Constabulary,Cambridgeshire Constabulary,0.137315,52.188062,On or near Elsworth Place,E01017996,Cambridge 013E,Vehicle crime,Unable to prosecute suspect,
94a28612196093bfb0ee2e341544fdf831841839bf89df6ab4ca659ff4747fbe,2022-06,Cambridgeshire Constabulary,Cambridgeshire Constabulary,0.139934,52.186252,On or near Marshall Road,E01017996,Cambridge 013E,Vehicle crime,Investigation complete; no suspect identified,
c00c34d94dcc2552794891f921e005ecc7befc38d08d74c7cc44b667de4eaebf,2022-06,Cambridgeshire Constabulary,Cambridgeshire Constabulary,0.137315,52.188062,On or near Elsworth Place,E01017996,Cambridge 013E,Violence and sexual offences,Unable to prosecute suspect,
1fde22d59d55dc902ac4fc3f8b58faa12982250144820be3941f66bed2f4c9cc,2022-06,Cambridgeshire Constabulary,Cambridgeshire Constabulary,0.142614,52.186005,On or near Blinco Grove,E01017996,Cambridge 013E,Other crime,Unable to prosecute suspect,
683667032dd30627d75e2eb081f2b338bf6d204493d3007c5de327dfd2060836,2022-06,Cambridgeshire Constabulary,Cambridgeshire Constabulary,-0.722763,52.485504,On or near Plumpton Court,E01026959,Corby 006A,Violence and sexual offences,Unable to prosecute suspect,
03137994a0233ace7d82fba0e0c611b62ad0397c912cce3049f6f83e157e044b,2022-06,Cambridgeshire Constabulary,Cambridgeshire Constabulary,1.403925,51.185879,On or near South Road,E01024232,Dover 009A,Other crime,Investigation complete; no suspect identified,
b0dbc1e74aa9490d092a3ad70e6758f6c1f59b2d760094f3203391fbfe3d91a5,2022-06,Cambridgeshire Constabulary,Cambridgeshire Constabulary,0.311214,52.455038,On or near Anchor Court,E01018042,East Cambridgeshire 001A,Burglary,Investigation complete; no suspect identified,
b384c48c65da59b108e1073833731f48e8abcd195416519094e18d31fb415bbb,2022-06,Cambridgeshire Constabulary,Cambridgeshire Constabulary,0.311440,52.454018,On or near Alexandra Road,E01018042,East Cambridgeshire 001A,Burglary,Investigation complete; no suspect identified,
959da350e5dae281a1d3482b688b562f186e23b5e5d3160a2d3231d774148f63,2022-06,Cambridgeshire Constabulary,Cambridgeshire Constabulary,0.311214,52.455038,On or near Anchor Court,E01018042,East Cambridgeshire 001A,Burglary,Court result unavailable,
099905cf0c7ebf4af1dab7e4c9d9898ce0e47d61bd2036c2f7f55ba890c3a119,2022-06,Cambridgeshire Constabulary,Cambridgeshire Constabulary,0.308587,52.455755,On or near Barkham'S Lane,E01018042,East Cambridgeshire 001A,Criminal damage and arson,Unable to prosecute suspect,
64011309c079e37f695ed25d7aa1cb0ff27663d58ff27929eb61cfa81225a77a,2022-06,Cambridgeshire Constabulary,Cambridgeshire Constabulary,0.308587,52.455755,On or near Barkham'S Lane,E01018042,East Cambridgeshire 001A,Public order,Unable to prosecute suspect,
0701cbb0182327ec735dad734b40c2817c313491ae69673a4dadb1323ac3619a,2022-06,Cambridgeshire Constabulary,Cambridgeshire Constabulary,0.303032,52.452545,On or near The Brambles,E01018042,East Cambridgeshire 001A,Robbery,Unable to prosecute suspect,
f707735c9b190fd6fb1c92d976c0135cbe361f2c96981b2a28858812532ec1fa,2022-06,Cambridgeshire Constabulary,Cambridgeshire Constabulary,0.303032,52.452545,On or near The Brambles,E01018042,East Cambridgeshire 001A,Violence and sexual offences,Unable to prosecute suspect,
e0a9861a5b5241f1bd891d013b33a5e6d040314bc52abe546987defbc3beb974,2022-06,Cambridgeshire Constabulary,Cambridgeshire Constabulary,0.302324,52.452226,On or near Eastfields,E01018042,East Cambridgeshire 001A,Violence and sexual offences,Unable to prosecute suspect,
,2022-06,Cambridgeshire Constabulary,Cambridgeshire Constabulary,0.317363,52.452454,On or near Sandhill,E01018043,East Cambridgeshire 001B,Anti-social behaviour,,
,2022-06,Cambridgeshire Constabulary,Cambridgeshire Constabulary,0.295564,52.452430,On or near The Barns,E01018043,East Cambridgeshire 001B,Anti-social behaviour,,
d99112402c884596e623cdde5d4d291cca0026b485f94b7c3d23400ce3f0a9d1,2022-06,Cambridgeshire Constabulary,Cambridgeshire Constabulary,0.297420,52.447367,On or near Saffron Close,E01018043,East Cambridgeshire 001B,Burglary,Investigation complete; no suspect identified,
dc6e166a55bcdb4fa49baa33ff152ad8f002696c786b94bcd91fd1c807248d97,2022-06,Cambridgeshire Constabulary,Cambridgeshire Constabulary,0.299820,52.449937,On or near Fallowfield,E01018043,East Cambridgeshire 001B,Burglary,Investigation complete; no suspect identified,
ae5c1089064786c1841ebbb360efbc35f554c96c9fa8fdd290159931c0fa354b,2022-06,Cambridgeshire Constabulary,Cambridgeshire Constabulary,0.295564,52.452430,On or near The Barns,E01018043,East Cambridgeshire 001B,Criminal damage and arson,Investigation complete; no suspect identified,
862c2c74489e7f58f4941aabeabf993159c264726f01bbf99be2e53ed60d1665,2022-06,Cambridgeshire Constabulary,Cambridgeshire Constabulary,0.304734,52.455821,On or near Parking Area,E01018043,East Cambridgeshire 001B,Criminal damage and arson,Investigation complete; no suspect identified,
286a6345029a92d669c4a49b8b2c7057c9e85073832cde403d6d387c2d9bb6d4,2022-06,Cambridgeshire Constabulary,Cambridgeshire Constabulary,0.304734,52.455821,On or near Parking Area,E01018043,East Cambridgeshire 001B,Criminal damage and arson,Offender given a caution,
ddc54f817d939f54b28fe88cd91bf88cb4b506eec29e0b2ac80edea0390b8a75,2022-06,Cambridgeshire Constabulary,Cambridgeshire Constabulary,0.297420,52.447367,On or near Saffron Close,E01018043,East Cambridgeshire 001B,Other theft,Unable to prosecute suspect,
fba4c15b7c997b1c1ac67bd3dd46dd6707396f494be63539aedf465edc283eba,2022-06,Cambridgeshire Constabulary,Cambridgeshire Constabulary,0.295564,52.452430,On or near The Barns,E01018043,East Cambridgeshire 001B,Other theft,Unable to prosecute suspect,
ddb453873f592d04e09f0f44ca4df0b244a22983b148c0f551f0f7281b22be0e,2022-06,Cambridgeshire Constabulary,Cambridgeshire Constabulary,0.297420,52.447367,On or near Saffron Close,E01018043,East Cambridgeshire 001B,Other theft,Investigation complete; no suspect identified,
09498dabf64145a814f5e3aaddc289cf611f18276fd9639d7661f0b0bad31690,2022-06,Cambridgeshire Constabulary,Cambridgeshire Constabulary,0.302647,52.454189,On or near Mill Pit Furlong,E01018043,East Cambridgeshire 001B,Public order,Unable to prosecute suspect,
d48678f492992779127be50cd7dc0944e75eee6ae7a4ff362f46b6c1f241c299,2022-06,Cambridgeshire Constabulary,Cambridgeshire Constabulary,0.310846,52.456178,On or near Thoroughfare Way,E01018043,East Cambridgeshire 001B,Vehicle crime,Investigation complete; no suspect identified,
51fca99fedad6986730b6f10a5d2c77d0e6bec74525a0a8096b6295f753a478b,2022-06,Cambridgeshire Constabulary,Cambridgeshire Constabulary,0.297420,52.447367,On or near Saffron Close,E01018043,East Cambridgeshire 001B,Violence and sexual offences,Unable to prosecute suspect,
08b4fdd272896e1d6c74b15b781b549d9ef5d84534a4441a2eb7934065af2574,2022-06,Cambridgeshire Constabulary,Cambridgeshire Constabulary,0.295564,52.452430,On or near The Barns,E01018043,East Cambridgeshire 001B,Violence and sexual offences,Unable to prosecute suspect,
8f05a3a871b76bddfb474232ab35aef6964aa3786df654b92b511d523dcf4748,2022-06,Cambridgeshire Constabulary,Cambridgeshire Constabulary,0.297420,52.447367,On or near Saffron Close,E01018043,East Cambridgeshire 001B,Violence and sexual offences,Investigation complete; no suspect identified,
f98e21db0f8b33a57a4460e45c0e2c6980a7744cf7c18a9d43892b36e8d37205,2022-06,Cambridgeshire Constabulary,Cambridgeshire Constabulary,0.298401,52.451233,On or near Millfield,E01018043,East Cambridgeshire 001B,Violence and sexual offences,Offender given a caution,
f94bd3735e10d7f307178b2bf1023bd7c9cda6a273dadaeffe3b8be6e4d3eb93,2022-06,Cambridgeshire Constabulary,Cambridgeshire Constabulary,0.298401,52.451233,On or near Millfield,E01018043,East Cambridgeshire 001B,Violence and sexual offences,Investigation complete; no suspect identified,
657ebd736aa62614775c9b9c24905bcc10c18f04d2a53ec8fc056961c3a6289d,2022-06,Cambridgeshire Constabulary,Cambridgeshire Constabulary,0.298401,52.451233,On or near Millfield,E01018043,East Cambridgeshire 001B,Violence and sexual offences,Offender given a caution,
5d49809bb75a6911abec582eebd00be4774635082ae4aa21cc36a9e039c421cc,2022-06,Cambridgeshire Constabulary,Cambridgeshire Constabulary,0.298401,52.451233,On or near Millfield,E01018043,East Cambridgeshire 001B,Other crime,Local resolution,
a6793658d673652839726197812ab1a877858b0671633729bff1e2c7e7ba2dd2,2022-06,Cambridgeshire Constabulary,Cambridgeshire Constabulary,0.298401,52.451233,On or near Millfield,E01018043,East Cambridgeshire 001B,Other crime,Unable to prosecute suspect,
,2022-06,Cambridgeshire Constabulary,Cambridgeshire Constabulary,0.322377,52.463829,On or near Mildenhall Road,E01018044,East Cambridgeshire 001C,Anti-social behaviour,,
,2022-06,Cambridgeshire Constabulary,Cambridgeshire Constabulary,0.355084,52.494888,On or near Sports/Recreation Area,E01018044,East Cambridgeshire 001C,Anti-social behaviour,,
,2022-06,Cambridgeshire Constabulary,Cambridgeshire Constabulary,0.322377,52.463829,On or near Mildenhall Road,E01018044,East Cambridgeshire 001C,Anti-social behaviour,,
,2022-06,Cambridgeshire Constabulary,Cambridgeshire Constabulary,0.322377,52.463829,On or near Mildenhall Road,E01018044,East Cambridgeshire 001C,Anti-social behaviour,,
a183b6a32b01c3b0686c3712e7195c0ffd098d49db46c41ccb9a872cd9f45c23,2022-06,Cambridgeshire Constabulary,Cambridgeshire Constabulary,0.306092,52.456460,On or near Shopping Area,E01018044,East Cambridgeshire 001C,Criminal damage and arson,Investigation complete; no suspect identified,
701768a7e661108a1cc67249748ff8a58528acc5be391295fee91dfa1e2cdd09,2022-06,Cambridgeshire Constabulary,Cambridgeshire Constabulary,0.305472,52.459233,On or near Pont'S Hill,E01018044,East Cambridgeshire 001C,Possession of weapons,Offender given a caution,
7c29c34d39981fca294766e4565d3a4935895ef5df3ca0717dec86083655f8b1,2022-06,Cambridgeshire Constabulary,Cambridgeshire Constabulary,0.305578,52.457037,On or near Supermarket,E01018044,East Cambridgeshire 001C,Shoplifting,Formal action is not in the public interest,
19bc553e29080e0cd6aec270ea858beb9b90a9988349bd6d9a3eb966e80fa999,2022-06,Cambridgeshire Constabulary,Cambridgeshire Constabulary,0.305578,52.457037,On or near Supermarket,E01018044,East Cambridgeshire 001C,Shoplifting,Investigation complete; no suspect identified,
b5f1f443deb07f7d67a8a788ecea8f06aa7fcb80eec313c4a8f6b464edc23379,2022-06,Cambridgeshire Constabulary,Cambridgeshire Constabulary,0.305578,52.457037,On or near Supermarket,E01018044,East Cambridgeshire 001C,Shoplifting,Unable to prosecute suspect,
af5d59c5e00c2c634e359c930cff022b8bb8f802689c624b797cd440146ff05d,2022-06,Cambridgeshire Constabulary,Cambridgeshire Constabulary,0.305578,52.457037,On or near Supermarket,E01018044,East Cambridgeshire 001C,Shoplifting,Unable to prosecute suspect,
49b889b41e0edcfcf418244457275705aa364ca92da058dc5ed190d5d9e53dc6,2022-06,Cambridgeshire Constabulary,Cambridgeshire Constabulary,0.305578,52.457037,On or near Supermarket,E01018044,East Cambridgeshire 001C,Shoplifting,Investigation complete; no suspect identified,
1c8cd7ab5ff7f0348d444fc32dcb9b3b9d35cd807378dec3db4d13437c284738,2022-06,Cambridgeshire Constabulary,Cambridgeshire Constabulary,0.305578,52.457037,On or near Supermarket,E01018044,East Cambridgeshire 001C,Shoplifting,Investigation complete; no suspect identified,
454cc8e4a0fadedfad8100bc82a565854575cc398bdce80531b3c5714e54e70a,2022-06,Cambridgeshire Constabulary,Cambridgeshire Constabulary,0.307712,52.457031,On or near Granby Street,E01018044,East Cambridgeshire 001C,Vehicle crime,Investigation complete; no suspect identified,
c3f00300ca46663cc00e7d09772133a7a830dc93108187f668912e828477bf86,2022-06,Cambridgeshire Constabulary,Cambridgeshire Constabulary,0.304632,52.460903,On or near New Road,E01018044,East Cambridgeshire 001C,Vehicle crime,Unable to prosecute suspect,
630e492e57b16209e9de1fcf89e46a4fea923b8e5675ff3a6196929f6362f842,2022-06,Cambridgeshire Constabulary,Cambridgeshire Constabulary,0.305472,52.459233,On or near Pont'S Hill,E01018044,East Cambridgeshire 001C,Violence and sexual offences,Offender given a caution,
b31497c9232e416e08010079eeb527ba800c5eb1e1f4f73d4ae4c2bbeae0674e,2022-06,Cambridgeshire Constabulary,Cambridgeshire Constabulary,0.305472,52.459233,On or near Pont'S Hill,E01018044,East Cambridgeshire 001C,Violence and sexual offences,Offender given a caution,
1f7ab558a9e647fac788660074ce0c7d4bce54a54db145d7f84dad5658421bd6,2022-06,Cambridgeshire Constabulary,Cambridgeshire Constabulary,0.305472,52.459233,On or near Pont'S Hill,E01018044,East Cambridgeshire 001C,Violence and sexual offences,Offender given a caution,
cdac0f5e5eee6c0133ebe7328840af5174be99cad919f687fa97fd725d8a44c7,2022-06,Cambridgeshire Constabulary,Cambridgeshire Constabulary,0.355084,52.494888,On or near Sports/Recreation Area,E01018044,East Cambridgeshire 001C,Violence and sexual offences,Unable to prosecute suspect,
80774b1c93edcc1e313b4879d37b1b42960b4287b5c261cce97c5b2b03ccfd56,2022-06,Cambridgeshire Constabulary,Cambridgeshire Constabulary,0.355084,52.494888,On or near Sports/Recreation Area,E01018044,East Cambridgeshire 001C,Violence and sexual offences,Unable to prosecute suspect,
6ef3794d7a18f9065d10accfc7fefe03e8c3c2cbe2fb38e9b4375449233037ea,2022-06,Cambridgeshire Constabulary,Cambridgeshire Constabulary,0.305472,52.459233,On or near Pont'S Hill,E01018044,East Cambridgeshire 001C,Violence and sexual offences,Offender given a caution,
b047ae44b619cb4202a0ab2f63b55421079d323dca595a8d5455e5639a058873,2022-06,Cambridgeshire Constabulary,Cambridgeshire Constabulary,0.304405,52.457122,On or near Petrol Station,E01018044,East Cambridgeshire 001C,Violence and sexual offences,Unable to prosecute suspect,
be052349785b61d2ef2c8467538531513c826761a636604106b9ee532ec4d072,2022-06,Cambridgeshire Constabulary,Cambridgeshire Constabulary,0.415163,52.452682,On or near Redmere Drove,E01018044,East Cambridgeshire 001C,Violence and sexual offences,Unable to prosecute suspect,
29bf8497f02adc1363c4f57fd75dce296a75394db48accc9f83e3d64ed9da28e,2022-06,Cambridgeshire Constabulary,Cambridgeshire Constabulary,0.415163,52.452682,On or near Redmere Drove,E01018044,East Cambridgeshire 001C,Other crime,Unable to prosecute suspect,
,2022-06,Cambridgeshire Constabulary,Cambridgeshire Constabulary,0.299468,52.460689,On or near Brookside Grove,E01018045,East Cambridgeshire 001D,Anti-social behaviour,,
,2022-06,Cambridgeshire Constabulary,Cambridgeshire Constabulary,0.264388,52.474153,On or near Bate'S Drove,E01018045,East Cambridgeshire 001D,Anti-social behaviour,,
3c02fb4c987f7caf3a0f7eabd253b274fc6bae3ea88a619d92549aefba7c553a,2022-06,Cambridgeshire Constabulary,Cambridgeshire Constabulary,0.303399,52.463526,On or near Camel Road,E01018045,East Cambridgeshire 001D,Criminal damage and arson,Investigation complete; no suspect identified,
01a77e29d0cde2f43de5165fedfde99c3110f0fe8f53d5a185fdeca5c40eb418,2022-06,Cambridgeshire Constabulary,Cambridgeshire Constabulary,0.303305,52.457485,On or near Church Lane,E01018045,East Cambridgeshire 001D,Criminal damage and arson,Investigation complete; no suspect identified,
ef0e70588fcb5ca10903e8b7e7f6980947446f5012a82b926e9242bdffd947c1,2022-06,Cambridgeshire Constabulary,Cambridgeshire Constabulary,0.303305,52.457485,On or near Church Lane,E01018045,East Cambridgeshire 001D,Other theft,Investigation complete; no suspect identified,
e83e16ad9591e054682b9af01c7415ccab527d9326baa199675b3bfc107d452a,2022-06,Cambridgeshire Constabulary,Cambridgeshire Constabulary,0.294266,52.462004,On or near Elm Side,E01018045,East Cambridgeshire 001D,Other theft,Investigation complete; no suspect identified,
2065b116c37f705387e6540e9f1ebfae59568515916d675519d34bdd98c65395,2022-06,Cambridgeshire Constabulary,Cambridgeshire Constabulary,0.299285,52.464802,On or near Sports/Recreation Area,E01018045,East Cambridgeshire 001D,Public order,Unable to prosecute suspect,
911560923048efdb691f9a68937f96a21ac10207ffec416cb627ef3cde58a9c6,2022-06,Cambridgeshire Constabulary,Cambridgeshire Constabulary,0.301485,52.459841,On or near Petrol Station,E01018045,East Cambridgeshire 001D,Shoplifting,Investigation complete; no suspect identified,
c4057ad9c7f7e618fa05e0e4d7b69b27cdeaabef2abb6653f976487f734243ed,2022-06,Cambridgeshire Constabulary,Cambridgeshire Constabulary,0.301485,52.459841,On or near Petrol Station,E01018045,East Cambridgeshire 001D,Shoplifting,Status update unavailable,
25190862a12ec3e02c6df379651ef6e4e0309186a12395835b70d52641fe3c53,2022-06,Cambridgeshire Constabulary,Cambridgeshire Constabulary,0.298131,52.460176,On or near Monkswood,E01018045,East Cambridgeshire 001D,Vehicle crime,Investigation complete; no suspect identified,
6290152cf2d4f8a14169b5f0dade9455c7c4729a16d55de82b20fa9c3c9d4f98,2022-06,Cambridgeshire Constabulary,Cambridgeshire Constabulary,0.299285,52.464802,On or near Sports/Recreation Area,E01018045,East Cambridgeshire 001D,Violence and sexual offences,Unable to prosecute suspect,
b0f090bc49bad1a72142ca9690bad909bf3f21a97331c3fb14e6a1c7477caa36,2022-06,Cambridgeshire Constabulary,Cambridgeshire Constabulary,0.301485,52.459841,On or near Petrol Station,E01018045,East Cambridgeshire 001D,Violence and sexual offences,Investigation complete; no suspect identified,
167eb12847a7f100856be2c6f2abeb8a1de9c3a686651611cb461822dc58d7da,2022-06,Cambridgeshire Constabulary,Cambridgeshire Constabulary,0.301485,52.459841,On or near Petrol Station,E01018045,East Cambridgeshire 001D,Violence and sexual offences,Investigation complete; no suspect identified,
094fa4dd35aa9b6869973ae78f12d019214304d79810c276b43036ae5f08e404,2022-06,Cambridgeshire Constabulary,Cambridgeshire Constabulary,0.301485,52.459841,On or near Petrol Station,E01018045,East Cambridgeshire 001D,Violence and sexual offences,Investigation complete; no suspect identified,
12c4cb05307886fad55ce85c7463cff9bdcecc25b438a87ba8900ce141571509,2022-06,Cambridgeshire Constabulary,Cambridgeshire Constabulary,0.303399,52.463526,On or near Camel Road,E01018045,East Cambridgeshire 001D,Violence and sexual offences,Unable to prosecute suspect,
9a2e4a65eb4a5f4166cfc9925bd7845ebcc40db8780361af872ad0d4bb0c7c50,2022-06,Cambridgeshire Constabulary,Cambridgeshire Constabulary,0.294266,52.462004,On or near Elm Side,E01018045,East Cambridgeshire 001D,Violence and sexual offences,Unable to prosecute suspect,
344bd42908965846f2e4380d24c11fd9513094c7ec2a18ff26a8e779d312e0d3,2022-06,Cambridgeshire Constabulary,Cambridgeshire Constabulary,0.294266,52.462004,On or near Elm Side,E01018045,East Cambridgeshire 001D,Violence and sexual offences,Further action is not in the public interest,
db4fe9386fc7c9ff1d450071d7682838d084544174234827d37f19817fab1247,2022-06,Cambridgeshire Constabulary,Cambridgeshire Constabulary,0.294266,52.462004,On or near Elm Side,E01018045,East Cambridgeshire 001D,Other crime,Unable to prosecute suspect,
d6e3bc2ee6d0b05422b0adfd439519fd2b31462a04441ed4a0798a5c6a068a1d,2022-06,Cambridgeshire Constabulary,Cambridgeshire Constabulary,0.298054,52.452471,On or near Dexter Lane,E01018046,East Cambridgeshire 001E,Criminal damage and arson,Unable to prosecute suspect,
cb2213e2b6920d747ace8cc6a7ffa50d6b65f047315a85cd9a7cec3b0ba2118f,2022-06,Cambridgeshire Constabulary,Cambridgeshire Constabulary,0.301772,52.456607,On or near Limes Close,E01018046,East Cambridgeshire 001E,Criminal damage and arson,Investigation complete; no suspect identified,
d7527beba08f4f9d493b327b275515b4c4f221b9302bedfbdef3dccae65296ef,2022-06,Cambridgeshire Constabulary,Cambridgeshire Constabulary,0.294020,52.457549,On or near Chamberlain Fields,E01018046,East Cambridgeshire 001E,Criminal damage and arson,Investigation complete; no suspect identified,
da648d644f9ce77ba82e8f8629fd9a80a4cf66f907dc84170a75c7dc49bbad88,2022-06,Cambridgeshire Constabulary,Cambridgeshire Constabulary,0.296056,52.458202,On or near Parson'S Lane,E01018046,East Cambridgeshire 001E,Criminal damage and arson,Unable to prosecute suspect,
e9ce2c8b7ce899b31f78bcb0483d01b40474d88a4820291ee58649b7138a172b,2022-06,Cambridgeshire Constabulary,Cambridgeshire Constabulary,0.301772,52.456607,On or near Limes Close,E01018046,East Cambridgeshire 001E,Criminal damage and arson,Investigation complete; no suspect identified,
d64439723fd32732a5e700540a144e26e43e159f408013ea0d43ecfeb6883a12,2022-06,Cambridgeshire Constabulary,Cambridgeshire Constabulary,0.301772,52.456607,On or near Limes Close,E01018046,East Cambridgeshire 001E,Criminal damage and arson,Investigation complete; no suspect identified,
5da8fb8b6a9d35d895646f29479bfa298884599fd6148fb6124dce240202768d,2022-06,Cambridgeshire Constabulary,Cambridgeshire Constabulary,0.301772,52.456607,On or near Limes Close,E01018046,East Cambridgeshire 001E,Criminal damage and arson,Investigation complete; no suspect identified,
3bbd40742d0e603e2f0f4c1954e4600e75c42159e7f4c48ca7e4f89e71a4d4a1,2022-06,Cambridgeshire Constabulary,Cambridgeshire Constabulary,0.301772,52.456607,On or near Limes Close,E01018046,East Cambridgeshire 001E,Criminal damage and arson,Investigation complete; no suspect identified,
523294f587c6cd14771cfd55d6bf3825c52bf47bb19cf52a846fd458b7c77e6c,2022-06,Cambridgeshire Constabulary,Cambridgeshire Constabulary,0.301772,52.456607,On or near Limes Close,E01018046,East Cambridgeshire 001E,Other theft,Investigation complete; no suspect identified,
2d2933e4a809a838e5de6a81109b569f1d86ffb26d556c906da5f96e4902573b,2022-06,Cambridgeshire Constabulary,Cambridgeshire Constabulary,0.296056,52.458202,On or near Parson'S Lane,E01018046,East Cambridgeshire 001E,Other theft,Investigation complete; no suspect identified,
649c55d4980581c80c43f620042e470b4c54a99a8cc31efa162f8e628a38ca3c,2022-06,Cambridgeshire Constabulary,Cambridgeshire Constabulary,0.296835,52.454788,On or near Tilling Way,E01018046,East Cambridgeshire 001E,Violence and sexual offences,Investigation complete; no suspect identified,
4c3c38adb93ecf86bf2d8b6149d06c997a5bd78d5f3836d187131c737c7ced1d,2022-06,Cambridgeshire Constabulary,Cambridgeshire Constabulary,0.295924,52.453969,On or near Rye Close,E01018046,East Cambridgeshire 001E,Violence and sexual offences,Action to be taken by another organisation,
42d2d7758fd80f50e32e0ea40600c2899bb04aa57ed0e3cbbcface9da8d0ba79,2022-06,Cambridgeshire Constabulary,Cambridgeshire Constabulary,0.295329,52.458657,On or near Atkins Close,E01018046,East Cambridgeshire 001E,Violence and sexual offences,Unable to prosecute suspect,
a55d9e2b3af73f1fa423b8d647d3274e2ef3bbce8c49de8d000536141c8883ac,2022-06,Cambridgeshire Constabulary,Cambridgeshire Constabulary,0.295924,52.453969,On or near Rye Close,E01018046,East Cambridgeshire 001E,Violence and sexual offences,Action to be taken by another organisation,
52dc493507b99340816aac4102a4cbb6d842659f24f165aa4bc309a38199857d,2022-06,Cambridgeshire Constabulary,Cambridgeshire Constabulary,0.295924,52.453969,On or near Rye Close,E01018046,East Cambridgeshire 001E,Violence and sexual offences,Unable to prosecute suspect,
bccc888c25cadfc22ddd4dbdb0403c7879cdb2f974afb388f74e3278c4652b15,2022-06,Cambridgeshire Constabulary,Cambridgeshire Constabulary,0.295329,52.458657,On or near Atkins Close,E01018046,East Cambridgeshire 001E,Violence and sexual offences,Unable to prosecute suspect,
0185837b43ec07c5d027002a24616152a822b3f25543c3a8ad5214eaae5ecc66,2022-06,Cambridgeshire Constabulary,Cambridgeshire Constabulary,0.201153,52.429174,On or near Downham Hythe Drove,E01018020,East Cambridgeshire 002A,Public order,Unable to prosecute suspect,
f831337425c362c7968ceb0362e348c04c21bcc0f81c504227c8f5a7dab085b3,2022-06,Cambridgeshire Constabulary,Cambridgeshire Constabulary,0.159315,52.417690,On or near Jerusalem Drove,E01018020,East Cambridgeshire 002A,Vehicle crime,Unable to prosecute suspect,
de0e43e585caddba690ecff07c84ffe646083d1bc309d06e8c966fe167f64353,2022-06,Cambridgeshire Constabulary,Cambridgeshire Constabulary,0.201153,52.429174,On or near Downham Hythe Drove,E01018020,East Cambridgeshire 002A,Violence and sexual offences,Unable to prosecute suspect,
f74a97ce8048a5004455390d27d394392a36d9db39f5eb3ee9800d1638e88777,2022-06,Cambridgeshire Constabulary,Cambridgeshire Constabulary,0.201153,52.429174,On or near Downham Hythe Drove,E01018020,East Cambridgeshire 002A,Violence and sexual offences,Unable to prosecute suspect,
1591637e4f396576217ef5e4493195c48d058e4446e7659c8823916b12cd4f68,2022-06,Cambridgeshire Constabulary,Cambridgeshire Constabulary,0.159315,52.417690,On or near Jerusalem Drove,E01018020,East Cambridgeshire 002A,Violence and sexual offences,Local resolution,
ddac23e927d3372c661030a57d40cd5096de3797626e6abc89885c61cde9f3b7,2022-06,Cambridgeshire Constabulary,Cambridgeshire Constabulary,0.201153,52.429174,On or near Downham Hythe Drove,E01018020,East Cambridgeshire 002A,Violence and sexual offences,Unable to prosecute suspect,
8ff2591028a684a6b214105849e4204b0169e9bc2f0a3e6b032947798106138d,2022-06,Cambridgeshire Constabulary,Cambridgeshire Constabulary,0.201153,52.429174,On or near Downham Hythe Drove,E01018020,East Cambridgeshire 002A,Violence and sexual offences,Unable to prosecute suspect,
772948bc5cf3b078685258dea33442a81876304aa07875d971a781478cb03eb7,2022-06,Cambridgeshire Constabulary,Cambridgeshire Constabulary,0.201153,52.429174,On or near Downham Hythe Drove,E01018020,East Cambridgeshire 002A,Other crime,Unable to prosecute suspect,
fcfc252bfc6fdf939212e3848409cf0592d79734a1b6d245c541b81a71b6e7df,2022-06,Cambridgeshire Constabulary,Cambridgeshire Constabulary,0.201153,52.429174,On or near Downham Hythe Drove,E01018020,East Cambridgeshire 002A,Other crime,Unable to prosecute suspect,
bb039813ea73f6ad244c240273459cad9da838fa4af48d2d9355ef4ba771c50c,2022-06,Cambridgeshire Constabulary,Cambridgeshire Constabulary,0.201153,52.429174,On or near Downham Hythe Drove,E01018020,East Cambridgeshire 002A,Other crime,Unable to prosecute suspect,
c86b945918e23948255630391a69b57a70d1bd6c254248c5d196f0fe8a7f7dc6,2022-06,Cambridgeshire Constabulary,Cambridgeshire Constabulary,0.241951,52.433101,On or near Petrol Station,E01018021,East Cambridgeshire 002B,Burglary,Unable to prosecute suspect,
bfa9641eed24be97dec8154d73983b01b0318ae02c12762b85749d8125f0f244,2022-06,Cambridgeshire Constabulary,Cambridgeshire Constabulary,0.234552,52.430786,On or near Townsend,E01018021,East Cambridgeshire 002B,Violence and sexual offences,Unable to prosecute suspect,
,2022-06,Cambridgeshire Constabulary,Cambridgeshire Constabulary,0.116009,52.407620,On or near River Close,E01018022,East Cambridgeshire 002C,Anti-social behaviour,,
f455efb7579ea5c7fa4cf370da6e5d4ff8b590a94cee544da3787cb7afa0c652,2022-06,Cambridgeshire Constabulary,Cambridgeshire Constabulary,0.101904,52.418941,On or near Ireton'S Way,E01018022,East Cambridgeshire 002C,Criminal damage and arson,Investigation complete; no suspect identified,
d2614d4c4e69dabced3e7489ddfa48d0bca561f775ab1280f14ed51991d88d32,2022-06,Cambridgeshire Constabulary,Cambridgeshire Constabulary,0.119221,52.407446,On or near St Marys Close,E01018022,East Cambridgeshire 002C,Criminal damage and arson,Investigation complete; no suspect identified,
fc41095b4ebd48b52162fb749ef8b2b9934ecb1fcf84c781f0fa85c4d968f2e2,2022-06,Cambridgeshire Constabulary,Cambridgeshire Constabulary,0.143710,52.430679,On or near Park/Open Space,E01018022,East Cambridgeshire 002C,Criminal damage and arson,Investigation complete; no suspect identified,
f176841c7751c8bc862b582926551355482e3390693fc9ba83282dc61e6623b1,2022-06,Cambridgeshire Constabulary,Cambridgeshire Constabulary,0.116009,52.407620,On or near River Close,E01018022,East Cambridgeshire 002C,Other theft,Investigation complete; no suspect identified,
2319dc3e7f5c92328bc221474538920fd3d610b06457a6bd86912511a75d5661,2022-06,Cambridgeshire Constabulary,Cambridgeshire Constabulary,0.115670,52.405747,On or near Meadow Way,E01018022,East Cambridgeshire 002C,Other theft,Investigation complete; no suspect identified,
40ae1954d71285e1b64a1f087fef4217fc4c39231477d3557d2e269955eebfdd,2022-06,Cambridgeshire Constabulary,Cambridgeshire Constabulary,0.115670,52.405747,On or near Meadow Way,E01018022,East Cambridgeshire 002C,Other theft,Investigation complete; no suspect identified,
c9207ab7a81a0bed1a95202f30f9d9ec4e3d6586841eb9484dbf4a3ea9079003,2022-06,Cambridgeshire Constabulary,Cambridgeshire Constabulary,0.147435,52.398053,On or near Silver Street,E01018022,East Cambridgeshire 002C,Other theft,Investigation complete; no suspect identified,
fe6c9fa708d8b4b26abd67badac44afd9c24d9e20d20df6ad34fecb895382355,2022-06,Cambridgeshire Constabulary,Cambridgeshire Constabulary,0.122716,52.407662,On or near New Road,E01018022,East Cambridgeshire 002C,Robbery,Unable to prosecute suspect,
463a8389c18fd2f7a4f55e7f0929c2a038ba169c39e193ebe831484ea6d63db0,2022-06,Cambridgeshire Constabulary,Cambridgeshire Constabulary,0.143710,52.430679,On or near Park/Open Space,E01018022,East Cambridgeshire 002C,Violence and sexual offences,Unable to prosecute suspect,
,2022-06,Cambridgeshire Constabulary,Cambridgeshire Constabulary,0.129960,52.392327,On or near Tramar Drive,E01018055,East Cambridgeshire 002D,Anti-social behaviour,,
f6de12f012cbd7753cdcd5e56f25a85de0e5681d22bdc735283d2f55f4a685d9,2022-06,Cambridgeshire Constabulary,Cambridgeshire Constabulary,0.121375,52.387374,On or near Red Lion Lane,E01018055,East Cambridgeshire 002D,Criminal damage and arson,Investigation complete; no suspect identified,
a4e47de9237dcb9354562c6f54112ccada51bffcd4b936cb59696ce7b7dee8a2,2022-06,Cambridgeshire Constabulary,Cambridgeshire Constabulary,0.126273,52.387780,On or near Lawn Lane,E01018055,East Cambridgeshire 002D,Public order,Investigation complete; no suspect identified,
494d55968a66ad2cc622548420e973e127c43a0d7fcfd220b43d646aec32ebc8,2022-06,Cambridgeshire Constabulary,Cambridgeshire Constabulary,0.120403,52.387958,On or near The Close,E01018055,East Cambridgeshire 002D,Violence and sexual offences,Status update unavailable,
,2022-06,Cambridgeshire Constabulary,Cambridgeshire Constabulary,0.122958,52.393109,On or near Tower Road,E01018056,East Cambridgeshire 002E,Anti-social behaviour,,
,2022-06,Cambridgeshire Constabulary,Cambridgeshire Constabulary,0.122958,52.393109,On or near Tower Road,E01018056,East Cambridgeshire 002E,Anti-social behaviour,,
,2022-06,Cambridgeshire Constabulary,Cambridgeshire Constabulary,0.122958,52.393109,On or near Tower Road,E01018056,East Cambridgeshire 002E,Anti-social behaviour,,
410aeef216b8feaafdafba1476b7ca023e8beb6e2be7e4a33576c850349c5db8,2022-06,Cambridgeshire Constabulary,Cambridgeshire Constabulary,0.119891,52.389531,On or near Saffron Piece,E01018056,East Cambridgeshire 002E,Criminal damage and arson,Investigation complete; no suspect identified,
c33995575a78ab34d0eea6af136b8f3842b9bf495b526e1fa9937bc08774b3bf,2022-06,Cambridgeshire Constabulary,Cambridgeshire Constabulary,0.130541,52.404068,On or near Witcham Road,E01018056,East Cambridgeshire 002E,Other theft,Investigation complete; no suspect identified,
099a45924ed55c596d8aac20b631ae0170278e8015d9dbd5753ab051b7afaa94,2022-06,Cambridgeshire Constabulary,Cambridgeshire Constabulary,0.119323,52.391790,On or near St Andrews Close,E01018056,East Cambridgeshire 002E,Public order,Unable to prosecute suspect,
67faa2303ca742a44f13897644b40ad3d3f47497994fd1cb135ceb33d58163ba,2022-06,Cambridgeshire Constabulary,Cambridgeshire Constabulary,0.124558,52.392757,On or near Blaydon Place,E01018056,East Cambridgeshire 002E,Violence and sexual offences,Unable to prosecute suspect,
c24628d11a622fcfd290c8aabeeb0f6d73a95aa3471eb39ab4844fce54311a39,2022-06,Cambridgeshire Constabulary,Cambridgeshire Constabulary,0.115389,52.388812,On or near Bellairs,E01018056,East Cambridgeshire 002E,Violence and sexual offences,Further action is not in the public interest,
feda1884abb9f07ac8dfd1d543e6ce6ee1b4ad25c3831f93160a7b715e30a848,2022-06,Cambridgeshire Constabulary,Cambridgeshire Constabulary,0.122958,52.393109,On or near Tower Road,E01018056,East Cambridgeshire 002E,Violence and sexual offences,Unable to prosecute suspect,
525c25ad01f4aa7afaf184ebd8fce8f496691b5f30320dee5cf3612c0291db9f,2022-06,Cambridgeshire Constabulary,Cambridgeshire Constabulary,0.124558,52.392757,On or near Blaydon Place,E01018056,East Cambridgeshire 002E,Violence and sexual offences,Unable to prosecute suspect,
ad0dab2911a757541810ff2aba3578edf1436ae6337e63e5a6d09076c0516322,2022-06,Cambridgeshire Constabulary,Cambridgeshire Constabulary,0.119891,52.389531,On or near Saffron Piece,E01018056,East Cambridgeshire 002E,Violence and sexual offences,Investigation complete; no suspect identified,
71dc7e2a5e9b1f058a6bf95a8ea85a1da9c8b2ac3607f52537f1fabd6601ab28,2022-06,Cambridgeshire Constabulary,Cambridgeshire Constabulary,0.273830,52.413654,On or near Lumley Close,E01018027,East Cambridgeshire 003A,Burglary,Investigation complete; no suspect identified,
74346e9e6fcb73f881b0534f3d86f60b2afc18fc75770f960804042741d5bdcd,2022-06,Cambridgeshire Constabulary,Cambridgeshire Constabulary,0.270409,52.409458,On or near Bentham Way,E01018027,East Cambridgeshire 003A,Other theft,Investigation complete; no suspect identified,
87c85e5d03d2d144c4f7391682e8a41d6cee2885d20f9a9aba1fa92e870fddf2,2022-06,Cambridgeshire Constabulary,Cambridgeshire Constabulary,0.275108,52.409341,On or near Compton Fields,E01018027,East Cambridgeshire 003A,Violence and sexual offences,Court result unavailable,
,2022-06,Cambridgeshire Constabulary,Cambridgeshire Constabulary,0.275122,52.407317,On or near High Barns,E01018029,East Cambridgeshire 003C,Anti-social behaviour,,
2eace0d767f7c3012fcec8cc95cac29fafe297ae8f6bddefbcf8e78781074611,2022-06,Cambridgeshire Constabulary,Cambridgeshire Constabulary,0.278541,52.408627,On or near Carey Close,E01018029,East Cambridgeshire 003C,Bicycle theft,Investigation complete; no suspect identified,
edbd0d573d60b6ae69c957f9f0cb54c1956722869244a0d40681666b224e2e36,2022-06,Cambridgeshire Constabulary,Cambridgeshire Constabulary,0.278541,52.408627,On or near Carey Close,E01018029,East Cambridgeshire 003C,Bicycle theft,Investigation complete; no suspect identified,
e7ba208badc7c7d030524e6c76fa5fa96a4f53f5387accf351a79ea3072cdd2b,2022-06,Cambridgeshire Constabulary,Cambridgeshire Constabulary,0.275332,52.406270,On or near Ramsey Road,E01018029,East Cambridgeshire 003C,Criminal damage and arson,Investigation complete; no suspect identified,
6f7375b6d6bb136f64b23970764889b141596878279db20e1d46ed42feaf67cc,2022-06,Cambridgeshire Constabulary,Cambridgeshire Constabulary,0.275122,52.407317,On or near High Barns,E01018029,East Cambridgeshire 003C,Public order,Unable to prosecute suspect,
d2da24e56718b18c857f03996e311b72d4033503d4b0f285814ab5c8e96d22c2,2022-06,Cambridgeshire Constabulary,Cambridgeshire Constabulary,0.275872,52.406475,On or near Larkfield Road,E01018029,East Cambridgeshire 003C,Public order,Unable to prosecute suspect,
3e9f549d63967690db65f0fcc4bbd05c6dce8f3000e6f079e1b8d0fa3a517349,2022-06,Cambridgeshire Constabulary,Cambridgeshire Constabulary,0.270704,52.402897,On or near Crauden Gardens,E01018029,East Cambridgeshire 003C,Vehicle crime,Investigation complete; no suspect identified,
51e870fed5a4b1c9cdc1f7529af70a2bd32c5cbb32fb962ee1e55c80fa072ee5,2022-06,Cambridgeshire Constabulary,Cambridgeshire Constabulary,0.279593,52.404776,On or near Sycamore Lane,E01018029,East Cambridgeshire 003C,Vehicle crime,Investigation complete; no suspect identified,
e2113ef8c0529568a913c3b7113b58a56732ac730b9196cdb4122254d4625fba,2022-06,Cambridgeshire Constabulary,Cambridgeshire Constabulary,0.275872,52.406475,On or near Larkfield Road,E01018029,East Cambridgeshire 003C,Violence and sexual offences,Unable to prosecute suspect,
c96bbc383000bfa5f1d1eb004fb59873695ba6c42b6b3c3f5291edca4adc98a8,2022-06,Cambridgeshire Constabulary,Cambridgeshire Constabulary,0.275332,52.406270,On or near Ramsey Road,E01018029,East Cambridgeshire 003C,Violence and sexual offences,Unable to prosecute suspect,
,2022-06,Cambridgeshire Constabulary,Cambridgeshire Constabulary,0.250197,52.408118,On or near Parking Area,E01018032,East Cambridgeshire 003D,Anti-social behaviour,,
,2022-06,Cambridgeshire Constabulary,Cambridgeshire Constabulary,0.250197,52.408118,On or near Parking Area,E01018032,East Cambridgeshire 003D,Anti-social behaviour,,
,2022-06,Cambridgeshire Constabulary,Cambridgeshire Constabulary,0.250197,52.408118,On or near Parking Area,E01018032,East Cambridgeshire 003D,Anti-social behaviour,,
90fe163d6378babf766159fa1b6c13d7ca9b2ba98b99abadb18054667667d673,2022-06,Cambridgeshire Constabulary,Cambridgeshire Constabulary,0.250197,52.408118,On or near Parking Area,E01018032,East Cambridgeshire 003D,Criminal damage and arson,Unable to prosecute suspect,
8285a77e41995859097ffcc2dec3c632269dcf380f9b2f4683f9836595525349,2022-06,Cambridgeshire Constabulary,Cambridgeshire Constabulary,0.261265,52.400291,On or near Parking Area,E01018032,East Cambridgeshire 003D,Criminal damage and arson,Investigation complete; no suspect identified,
b6a1f927da10d2c1a7813b134db8d3e953827cbe85ccafb91ceb5248c6a411af,2022-06,Cambridgeshire Constabulary,Cambridgeshire Constabulary,0.261265,52.400291,On or near Parking Area,E01018032,East Cambridgeshire 003D,Criminal damage and arson,Status update unavailable,
cbaf82ea8afb4d0b728eea30eaa820345d84b55a877cc8a3aac27c23826dd359,2022-06,Cambridgeshire Constabulary,Cambridgeshire Constabulary,0.250197,52.408118,On or near Parking Area,E01018032,East Cambridgeshire 003D,Criminal damage and arson,Unable to prosecute suspect,
10adef94ff70fed6bb4ba533a815bb75fc402bc84225d1e23a7e931408ff1e4e,2022-06,Cambridgeshire Constabulary,Cambridgeshire Constabulary,0.250197,52.408118,On or near Parking Area,E01018032,East Cambridgeshire 003D,Drugs,Offender given a caution,
0cd10fdc46031670347239918a0f774d86b8d1015049d3d6f42355d6c40ad9df,2022-06,Cambridgeshire Constabulary,Cambridgeshire Constabulary,0.250197,52.408118,On or near Parking Area,E01018032,East Cambridgeshire 003D,Drugs,Local resolution,
36cbbdfc987cb9c695d5c795e8f63d72b574df44761187831d1b6a485baf529d,2022-06,Cambridgeshire Constabulary,Cambridgeshire Constabulary,0.250197,52.408118,On or near Parking Area,E01018032,East Cambridgeshire 003D,Public order,Investigation complete; no suspect identified,
2f68e14b421c71dc2f133f802f743116e89276e1a567c8b4ee1fcddfdffb6112,2022-06,Cambridgeshire Constabulary,Cambridgeshire Constabulary,0.248686,52.405593,On or near Teasel Drive,E01018032,East Cambridgeshire 003D,Vehicle crime,Investigation complete; no suspect identified,
754d78e561313227829d3fe4c29994ee5179b1c4cbf18ad20945f153218b7f5a,2022-06,Cambridgeshire Constabulary,Cambridgeshire Constabulary,0.250197,52.408118,On or near Parking Area,E01018032,East Cambridgeshire 003D,Violence and sexual offences,Unable to prosecute suspect,
,2022-06,Cambridgeshire Constabulary,Cambridgeshire Constabulary,0.253662,52.404851,On or near Benedict Street,E01018033,East Cambridgeshire 003E,Anti-social behaviour,,
,2022-06,Cambridgeshire Constabulary,Cambridgeshire Constabulary,0.254332,52.403867,On or near Robins Close,E01018033,East Cambridgeshire 003E,Anti-social behaviour,,
74c3459aca77cd94674da570fa9e38f2539652e3fdb00feb2f5e0e08ef35d2a9,2022-06,Cambridgeshire Constabulary,Cambridgeshire Constabulary,0.259370,52.399176,On or near St Mary'S Street,E01018033,East Cambridgeshire 003E,Burglary,Investigation complete; no suspect identified,
aa536bbcffe37f76ca9ca132a52a8595178b210e652d4bf967de331313e07220,2022-06,Cambridgeshire Constabulary,Cambridgeshire Constabulary,0.252991,52.403506,On or near Christopher Tye Close,E01018033,East Cambridgeshire 003E,Criminal damage and arson,Investigation complete; no suspect identified,
c6f2469799f8a48019f7a918d7c423d387510129acea5f850f1ca7e37e956b52,2022-06,Cambridgeshire Constabulary,Cambridgeshire Constabulary,0.257107,52.399462,On or near Cromwell Road,E01018033,East Cambridgeshire 003E,Criminal damage and arson,Investigation complete; no suspect identified,
a6b1cabedfcca2fbccb76d4f5477c257b8aa3c9e05ab53d4fda10152932a2d4b,2022-06,Cambridgeshire Constabulary,Cambridgeshire Constabulary,0.254332,52.403867,On or near Robins Close,E01018033,East Cambridgeshire 003E,Drugs,Local resolution,
85e2639dbfe9133287abf4b42758be767c44546c3a4beb7378bbc74aa3712b2e,2022-06,Cambridgeshire Constabulary,Cambridgeshire Constabulary,0.252282,52.406325,On or near Columbine Road,E01018033,East Cambridgeshire 003E,Public order,Unable to prosecute suspect,
67a914810b26b28b45d2d101d13d79de3a051f8979ba674e0571ddb6b9d16648,2022-06,Cambridgeshire Constabulary,Cambridgeshire Constabulary,0.256367,52.398505,On or near Vinces Court,E01018033,East Cambridgeshire 003E,Public order,Unable to prosecute suspect,
9ff4536536128a88becc12d4379a5a7eb1ad745dd0425d35a7c17294ccb604ab,2022-06,Cambridgeshire Constabulary,Cambridgeshire Constabulary,0.249779,52.401931,On or near Walsingham Way,E01018033,East Cambridgeshire 003E,Public order,Unable to prosecute suspect,
19013594bea19a33328786f177f25d39f032b99a93924200d131c454514dee2b,2022-06,Cambridgeshire Constabulary,Cambridgeshire Constabulary,0.251540,52.403884,On or near Dunstan Street,E01018033,East Cambridgeshire 003E,Public order,Unable to prosecute suspect,
b9e1614032c8dd58009d63b9b3e21263cfa5f8013a107073860badd63e3dd21e,2022-06,Cambridgeshire Constabulary,Cambridgeshire Constabulary,0.255133,52.402269,On or near Saxon Close,E01018033,East Cambridgeshire 003E,Violence and sexual offences,Unable to prosecute suspect,
6b7947e7cdabc3ad1cec8c33b9aa8b6deec545bec2c3c8aba1729b950fe87282,2022-06,Cambridgeshire Constabulary,Cambridgeshire Constabulary,0.249779,52.401931,On or near Walsingham Way,E01018033,East Cambridgeshire 003E,Violence and sexual offences,Unable to prosecute suspect,
a51dcca1784155ad6438e1f9f6c61bc2e23b5883bd46849547a09f3738ab286e,2022-06,Cambridgeshire Constabulary,Cambridgeshire Constabulary,0.252282,52.406325,On or near Columbine Road,E01018033,East Cambridgeshire 003E,Violence and sexual offences,Unable to prosecute suspect,
dd2b86edbd4b3e41902e6a6f3ee69487f52cd9652b799c168afb4a95b346f551,2022-06,Cambridgeshire Constabulary,Cambridgeshire Constabulary,0.255133,52.402269,On or near Saxon Close,E01018033,East Cambridgeshire 003E,Violence and sexual offences,Unable to prosecute suspect,
7485716e75fbe46a85ed8d5425881c0e31791b8537e544be3218b4b4502e4693,2022-06,Cambridgeshire Constabulary,Cambridgeshire Constabulary,0.252282,52.406325,On or near Columbine Road,E01018033,East Cambridgeshire 003E,Violence and sexual offences,Unable to prosecute suspect,
54b5682f942c15e2059d86fb977d90eca2bfd06b7a46622ae6ef9031899abbd2,2022-06,Cambridgeshire Constabulary,Cambridgeshire Constabulary,0.251540,52.403884,On or near Dunstan Street,E01018033,East Cambridgeshire 003E,Violence and sexual offences,Unable to prosecute suspect,
,2022-06,Cambridgeshire Constabulary,Cambridgeshire Constabulary,0.256074,52.407466,On or near Parking Area,E01033426,East Cambridgeshire 003F,Anti-social behaviour,,
e776b04aa0b97d30058e6769bc339164bcd38fa94091ffbc39d588032b452d2c,2022-06,Cambridgeshire Constabulary,Cambridgeshire Constabulary,0.260976,52.408434,On or near Welland Place,E01033426,East Cambridgeshire 003F,Criminal damage and arson,Unable to prosecute suspect,
70e476907c9d3e83f3421fb3140a16fa9c2012e3073627bd0e81cec089f56163,2022-06,Cambridgeshire Constabulary,Cambridgeshire Constabulary,0.260976,52.408434,On or near Welland Place,E01033426,East Cambridgeshire 003F,Other theft,Unable to prosecute suspect,
,2022-06,Cambridgeshire Constabulary,Cambridgeshire Constabulary,0.276468,52.409197,On or near Spencer Croft,E01033430,East Cambridgeshire 003G,Anti-social behaviour,,
261ee32e97e79e513d55dd252175aee11ca6d84fd52dfec89aeedce67fd2ea42,2022-06,Cambridgeshire Constabulary,Cambridgeshire Constabulary,0.272173,52.408588,On or near Dean Peacock Court,E01033430,East Cambridgeshire 003G,Other theft,Unable to prosecute suspect,
cb3cd733142cddf5d8e630356a040abebb47594e0168c8e5375d5cc3fa3b5188,2022-06,Cambridgeshire Constabulary,Cambridgeshire Constabulary,0.272173,52.408588,On or near Dean Peacock Court,E01033430,East Cambridgeshire 003G,Violence and sexual offences,Unable to prosecute suspect,
f451820101d2a5039808f5cf3f47d81d8d84583b6a5189fec16dca5f19742dc5,2022-06,Cambridgeshire Constabulary,Cambridgeshire Constabulary,0.270319,52.405134,On or near New Barns Avenue,E01033430,East Cambridgeshire 003G,Violence and sexual offences,Unable to prosecute suspect,
41f3608cb2d72f91a14411311c71522ee90b7c3012670b2bbe02c02fa945e6bb,2022-06,Cambridgeshire Constabulary,Cambridgeshire Constabulary,0.272173,52.408588,On or near Dean Peacock Court,E01033430,East Cambridgeshire 003G,Violence and sexual offences,Unable to prosecute suspect,
,2022-06,Cambridgeshire Constabulary,Cambridgeshire Constabulary,0.272930,52.398143,On or near Cresswells Lane,E01018024,East Cambridgeshire 004A,Anti-social behaviour,,
,2022-06,Cambridgeshire Constabulary,Cambridgeshire Constabulary,0.271371,52.399566,On or near Bell Holt,E01018024,East Cambridgeshire 004A,Anti-social behaviour,,
,2022-06,Cambridgeshire Constabulary,Cambridgeshire Constabulary,0.311687,52.411247,On or near Low Road,E01018024,East Cambridgeshire 004A,Anti-social behaviour,,
,2022-06,Cambridgeshire Constabulary,Cambridgeshire Constabulary,0.272102,52.401207,On or near Springhead Lane,E01018024,East Cambridgeshire 004A,Anti-social behaviour,,
,2022-06,Cambridgeshire Constabulary,Cambridgeshire Constabulary,0.272537,52.399661,On or near Lisle Lane,E01018024,East Cambridgeshire 004A,Anti-social behaviour,,
f4921a55b18b206e9c3a895a2482791f02d70771d0a539a97c462153d692f06e,2022-06,Cambridgeshire Constabulary,Cambridgeshire Constabulary,0.272930,52.398143,On or near Cresswells Lane,E01018024,East Cambridgeshire 004A,Bicycle theft,Investigation complete; no suspect identified,
3f81031795320278ffd24c423db5e3816d6d98b51ec646e1d2d56ed9d9cebce8,2022-06,Cambridgeshire Constabulary,Cambridgeshire Constabulary,0.272537,52.399661,On or near Lisle Lane,E01018024,East Cambridgeshire 004A,Burglary,Investigation complete; no suspect identified,
9370ca0362e68ea2e24ea8f6f01c35b0c64829f16d1bae335d7b70cde2c9d4d4,2022-06,Cambridgeshire Constabulary,Cambridgeshire Constabulary,0.311687,52.411247,On or near Low Road,E01018024,East Cambridgeshire 004A,Other theft,Unable to prosecute suspect,
796b0f47838b3b9f601926ce4d8e00da54daa28df445e291c79b7bb614f7c530,2022-06,Cambridgeshire Constabulary,Cambridgeshire Constabulary,0.272930,52.398143,On or near Cresswells Lane,E01018024,East Cambridgeshire 004A,Shoplifting,Investigation complete; no suspect identified,
39896d1275371e4225f952611eca63342c9dd8536a1b1e61970cb556c7d542f5,2022-06,Cambridgeshire Constabulary,Cambridgeshire Constabulary,0.312714,52.419617,On or near Second Drove,E01018024,East Cambridgeshire 004A,Violence and sexual offences,Unable to prosecute suspect,
24a243492ac84eebf201fc057fa3bfd79f7889a512b85bd02d2236fbecea7254,2022-06,Cambridgeshire Constabulary,Cambridgeshire Constabulary,0.340274,52.412663,On or near Old Bank,E01018024,East Cambridgeshire 004A,Violence and sexual offences,Investigation complete; no suspect identified,
41cfa86194ee2402b03c7e839452a6b99d56ba812cf3adb8f70877c3ee05cb7b,2022-06,Cambridgeshire Constabulary,Cambridgeshire Constabulary,0.274565,52.401636,On or near Roswell View,E01018024,East Cambridgeshire 004A,Violence and sexual offences,Unable to prosecute suspect,
696bd34934f1ead00a87287bf6ba74b90539a000d267e5354d28a44e85ab66a2,2022-06,Cambridgeshire Constabulary,Cambridgeshire Constabulary,0.274565,52.401636,On or near Roswell View,E01018024,East Cambridgeshire 004A,Violence and sexual offences,Unable to prosecute suspect,
8d9760e932873790b28ba678858a1dce22d3c590c64a78a10289cb8ec3d0be81,2022-06,Cambridgeshire Constabulary,Cambridgeshire Constabulary,0.274565,52.401636,On or near Roswell View,E01018024,East Cambridgeshire 004A,Violence and sexual offences,Unable to prosecute suspect,
f07aee52a98a4e09179923b665cc67911e708a9c46ce1602067dee52fbf381e1,2022-06,Cambridgeshire Constabulary,Cambridgeshire Constabulary,0.274565,52.401636,On or near Roswell View,E01018024,East Cambridgeshire 004A,Violence and sexual offences,Unable to prosecute suspect,
,2022-06,Cambridgeshire Constabulary,Cambridgeshire Constabulary,0.266983,52.401134,On or near Newnham Street,E01018025,East Cambridgeshire 004B,Anti-social behaviour,,
,2022-06,Cambridgeshire Constabulary,Cambridgeshire Constabulary,0.262455,52.399423,On or near Minster Place,E01018025,East Cambridgeshire 004B,Anti-social behaviour,,
,2022-06,Cambridgeshire Constabulary,Cambridgeshire Constabulary,0.266721,52.399763,On or near Shopping Area,E01018025,East Cambridgeshire 004B,Anti-social behaviour,,
,2022-06,Cambridgeshire Constabulary,Cambridgeshire Constabulary,0.266721,52.399763,On or near Shopping Area,E01018025,East Cambridgeshire 004B,Anti-social behaviour,,
,2022-06,Cambridgeshire Constabulary,Cambridgeshire Constabulary,0.264479,52.399905,On or near Parking Area,E01018025,East Cambridgeshire 004B,Anti-social behaviour,,
,2022-06,Cambridgeshire Constabulary,Cambridgeshire Constabulary,0.262455,52.399423,On or near Minster Place,E01018025,East Cambridgeshire 004B,Anti-social behaviour,,
,2022-06,Cambridgeshire Constabulary,Cambridgeshire Constabulary,0.266721,52.399763,On or near Shopping Area,E01018025,East Cambridgeshire 004B,Anti-social behaviour,,
efab2e467ab86158daf139df677f495302984969742a64c6411bd91a75d435b3,2022-06,Cambridgeshire Constabulary,Cambridgeshire Constabulary,0.264479,52.399905,On or near Parking Area,E01018025,East Cambridgeshire 004B,Bicycle theft,Investigation complete; no suspect identified,
a72c50809d6c2d61814fcb1cf31050fc104832d3b73701a2a056716c0d7d46cc,2022-06,Cambridgeshire Constabulary,Cambridgeshire Constabulary,0.267139,52.400178,On or near Supermarket,E01018025,East Cambridgeshire 004B,Bicycle theft,Investigation complete; no suspect identified,
4d79518eb45e030fe7773f0dd7729aaef379efcf97f0c034971c9b9aa9942cca,2022-06,Cambridgeshire Constabulary,Cambridgeshire Constabulary,0.267139,52.400178,On or near Supermarket,E01018025,East Cambridgeshire 004B,Bicycle theft,Investigation complete; no suspect identified,
e7317ed7c75578011a0a513ec285d8452f1aaa07c95995ba3eaceea2ef106c3a,2022-06,Cambridgeshire Constabulary,Cambridgeshire Constabulary,0.265700,52.400484,On or near Newnham Street,E01018025,East Cambridgeshire 004B,Bicycle theft,Investigation complete; no suspect identified,
fa4509c0e13a05715846c2c5669673cc9d26f36fd37850f1b5cd717b9f149f27,2022-06,Cambridgeshire Constabulary,Cambridgeshire Constabulary,0.267139,52.400178,On or near Supermarket,E01018025,East Cambridgeshire 004B,Criminal damage and arson,Investigation complete; no suspect identified,
7506d65ff86fbfdb6eee0055ff86fa9af606b6cacd67ce9d0aaaec0e8ce18813,2022-06,Cambridgeshire Constabulary,Cambridgeshire Constabulary,0.266617,52.396295,On or near Bishop Wynn Close,E01018025,East Cambridgeshire 004B,Criminal damage and arson,Investigation complete; no suspect identified,
3f2dc63312dfc64f4d0f3ab8a656f84dbc35f1793a5c8788d4f1b4729478769d,2022-06,Cambridgeshire Constabulary,Cambridgeshire Constabulary,0.264479,52.399905,On or near Parking Area,E01018025,East Cambridgeshire 004B,Criminal damage and arson,Investigation complete; no suspect identified,
f056d114e39d8c18ad4612c31067f7574b8db1c50ca56aa0286365604bcf9a27,2022-06,Cambridgeshire Constabulary,Cambridgeshire Constabulary,0.267775,52.398242,On or near Fore Hill,E01018025,East Cambridgeshire 004B,Criminal damage and arson,Investigation complete; no suspect identified,
160b193bfc0fd900c70e2dd7e06e40192c07419839d096f9422a41b8a020cc30,2022-06,Cambridgeshire Constabulary,Cambridgeshire Constabulary,0.267775,52.398242,On or near Fore Hill,E01018025,East Cambridgeshire 004B,Criminal damage and arson,Investigation complete; no suspect identified,
c7c6a7136e7434777d78cbcb80601a00120c856dc4bb117ad9773d72ffb42447,2022-06,Cambridgeshire Constabulary,Cambridgeshire Constabulary,0.263110,52.399293,On or near Steeple Row,E01018025,East Cambridgeshire 004B,Criminal damage and arson,Investigation complete; no suspect identified,
99ef5c067638e7a4d6e504c8868372ea37d0a9c56883e95fe76afaebba47b739,2022-06,Cambridgeshire Constabulary,Cambridgeshire Constabulary,0.262183,52.397836,On or near The Gallery,E01018025,East Cambridgeshire 004B,Drugs,Court result unavailable,
39b28ea6c69fd7c01880bca223637194a27f40e55216355c5dc7cafc8fd9415a,2022-06,Cambridgeshire Constabulary,Cambridgeshire Constabulary,0.263707,52.399758,On or near Chequer Lane,E01018025,East Cambridgeshire 004B,Other theft,Investigation complete; no suspect identified,
67d64d0f5b57831e5bc981cbf86a7851c1af373110c793cf98baf0c5dea35bdc,2022-06,Cambridgeshire Constabulary,Cambridgeshire Constabulary,0.266721,52.399763,On or near Shopping Area,E01018025,East Cambridgeshire 004B,Other theft,Investigation complete; no suspect identified,
1b14bdb2424e391040e0f2dcab4a82c630d39c4677266869f668fe173d8de079,2022-06,Cambridgeshire Constabulary,Cambridgeshire Constabulary,0.268168,52.397011,On or near Cardinals Terrace,E01018025,East Cambridgeshire 004B,Other theft,Investigation complete; no suspect identified,
e12607fac73d7493097741d5081ae55a0273be63c54c8c94d21e4cbb700ce08a,2022-06,Cambridgeshire Constabulary,Cambridgeshire Constabulary,0.266721,52.399763,On or near Shopping Area,E01018025,East Cambridgeshire 004B,Other theft,Investigation complete; no suspect identified,
4b5f3134da0a307040ffef4d75f61ef1d88460c32f1a08f465b41ab6f0165ed9,2022-06,Cambridgeshire Constabulary,Cambridgeshire Constabulary,0.259955,52.397384,On or near Silver Street,E01018025,East Cambridgeshire 004B,Other theft,Investigation complete; no suspect identified,
8f9c3620f757da7b2b40db1ac09f19ddf94097c6156d5fa8ece612a4b487d932,2022-06,Cambridgeshire Constabulary,Cambridgeshire Constabulary,0.266721,52.399763,On or near Shopping Area,E01018025,East Cambridgeshire 004B,Public order,Investigation complete; no suspect identified,
1d6f02b6d4a1f36a7e42eac4c67ec723cce3f154f2faf84347cb8a6b7a9aaa39,2022-06,Cambridgeshire Constabulary,Cambridgeshire Constabulary,0.264477,52.399285,On or near High Street,E01018025,East Cambridgeshire 004B,Public order,Investigation complete; no suspect identified,
5bed7b34b1b2811b5358f104085cda908b2d71643780ac346e6a2e740e2507af,2022-06,Cambridgeshire Constabulary,Cambridgeshire Constabulary,0.262687,52.395039,On or near Back Hill,E01018025,East Cambridgeshire 004B,Public order,Investigation complete; no suspect identified,
b1ab612115335f33130ddb4f1114a23c02b22b570007d4508f0bc863a421732f,2022-06,Cambridgeshire Constabulary,Cambridgeshire Constabulary,0.266721,52.399763,On or near Shopping Area,E01018025,East Cambridgeshire 004B,Shoplifting,Investigation complete; no suspect identified,
158341e87309abef43dc62074e7d776d400875d1b247a405ffc5b507332dd632,2022-06,Cambridgeshire Constabulary,Cambridgeshire Constabulary,0.264477,52.399285,On or near High Street,E01018025,East Cambridgeshire 004B,Shoplifting,Unable to prosecute suspect,
12ea55340da9b0463e806b4244f9a85fff8e091ca65717b9a2bcd938640d363c,2022-06,Cambridgeshire Constabulary,Cambridgeshire Constabulary,0.266721,52.399763,On or near Shopping Area,E01018025,East Cambridgeshire 004B,Shoplifting,Investigation complete; no suspect identified,
c501f9cec4b7446a94990eb1a4f5edb010dc68733af497b41e3777def947a64b,2022-06,Cambridgeshire Constabulary,Cambridgeshire Constabulary,0.264479,52.399905,On or near Parking Area,E01018025,East Cambridgeshire 004B,Theft from the person,Investigation complete; no suspect identified,
5cc1e091fdc8c4ad183e6187df0a6a637d687f48c413b3021124980a641f9643,2022-06,Cambridgeshire Constabulary,Cambridgeshire Constabulary,0.267139,52.400178,On or near Supermarket,E01018025,East Cambridgeshire 004B,Violence and sexual offences,Unable to prosecute suspect,
60bb37b30d157db743ad1e57bda25cbca119385e2ed2c0eca244f1efc9c62850,2022-06,Cambridgeshire Constabulary,Cambridgeshire Constabulary,0.267775,52.398242,On or near Fore Hill,E01018025,East Cambridgeshire 004B,Violence and sexual offences,Unable to prosecute suspect,
fec7775350e86c0a44d016e7833e692d66217f47c822e62895e0dde1bd280a12,2022-06,Cambridgeshire Constabulary,Cambridgeshire Constabulary,0.263618,52.401172,On or near Parking Area,E01018025,East Cambridgeshire 004B,Violence and sexual offences,Unable to prosecute suspect,
4233b8347447e8890e9a81111f5798fa900ce2cb7d0e8903a7833d81f673e7fe,2022-06,Cambridgeshire Constabulary,Cambridgeshire Constabulary,0.266849,52.395948,On or near Broad Street,E01018025,East Cambridgeshire 004B,Violence and sexual offences,Court result unavailable,
1b7db978eae62f4ea2588699b13a4d8210e2b3d79329ed93a727afc450a82040,2022-06,Cambridgeshire Constabulary,Cambridgeshire Constabulary,0.264479,52.399905,On or near Parking Area,E01018025,East Cambridgeshire 004B,Violence and sexual offences,Unable to prosecute suspect,
1521461bacc4021e20f71c8ba1743cd8f4e18d012c7e5ff0d785063a50b0551b,2022-06,Cambridgeshire Constabulary,Cambridgeshire Constabulary,0.262687,52.395039,On or near Back Hill,E01018025,East Cambridgeshire 004B,Violence and sexual offences,Investigation complete; no suspect identified,
5a1fedfdab2468f3932a9301cce7717008e785d3732784d1ee0f652c0f48d423,2022-06,Cambridgeshire Constabulary,Cambridgeshire Constabulary,0.267139,52.400178,On or near Supermarket,E01018025,East Cambridgeshire 004B,Violence and sexual offences,Unable to prosecute suspect,
3f02e8c5793b1e47938e7469fd7a5ff2898dd944705106428be3cee6c9d8aad1,2022-06,Cambridgeshire Constabulary,Cambridgeshire Constabulary,0.267775,52.398242,On or near Fore Hill,E01018025,East Cambridgeshire 004B,Violence and sexual offences,Court result unavailable,
4f5ca2e7e2437a8985bd10a36112f89cded93cd3dfb2ed470c795a91ff19523d,2022-06,Cambridgeshire Constabulary,Cambridgeshire Constabulary,0.264477,52.399285,On or near High Street,E01018025,East Cambridgeshire 004B,Violence and sexual offences,Unable to prosecute suspect,
7b9960ecf5ca89997dec47cbd20640707254024023dba0251549f357af1650c0,2022-06,Cambridgeshire Constabulary,Cambridgeshire Constabulary,0.266721,52.399763,On or near Shopping Area,E01018025,East Cambridgeshire 004B,Violence and sexual offences,Local resolution,
3c57d98aed436ac08949d4fc83b44350aec54c307f12990e3e5d70e10d830ff9,2022-06,Cambridgeshire Constabulary,Cambridgeshire Constabulary,0.258051,52.397223,On or near Parade Lane,E01018025,East Cambridgeshire 004B,Violence and sexual offences,Status update unavailable,
fafb2dc9605dbdbaa3715f0480d07491f1608c16d2543b6af8e3861d4c17089f,2022-06,Cambridgeshire Constabulary,Cambridgeshire Constabulary,0.262687,52.395039,On or near Back Hill,E01018025,East Cambridgeshire 004B,Violence and sexual offences,Unable to prosecute suspect,
70c494a7e3e67374901435f3487dd7fe035ace0186ca8e1b2082b4cee838b071,2022-06,Cambridgeshire Constabulary,Cambridgeshire Constabulary,0.262687,52.395039,On or near Back Hill,E01018025,East Cambridgeshire 004B,Violence and sexual offences,Investigation complete; no suspect identified,
3b7a19e6a82626b450fc6608feec179e61d2d6a2e3e17ad9c800767a30b92e2f,2022-06,Cambridgeshire Constabulary,Cambridgeshire Constabulary,0.264477,52.399285,On or near High Street,E01018025,East Cambridgeshire 004B,Violence and sexual offences,Unable to prosecute suspect,
,2022-06,Cambridgeshire Constabulary,Cambridgeshire Constabulary,0.260007,52.390918,On or near Sports/Recreation Area,E01018026,East Cambridgeshire 004C,Anti-social behaviour,,
,2022-06,Cambridgeshire Constabulary,Cambridgeshire Constabulary,0.265394,52.393647,On or near Station Road,E01018026,East Cambridgeshire 004C,Anti-social behaviour,,
,2022-06,Cambridgeshire Constabulary,Cambridgeshire Constabulary,0.266261,52.390493,On or near Pedestrian Subway,E01018026,East Cambridgeshire 004C,Anti-social behaviour,,
aa06686d0a17b7deed31d6cc9af6758b546e5443c177e96fe303b4748019f1cc,2022-06,Cambridgeshire Constabulary,Cambridgeshire Constabulary,0.265033,52.391200,On or near Supermarket,E01018026,East Cambridgeshire 004C,Bicycle theft,Investigation complete; no suspect identified,
785915e20a571fe5d9c634d292356d709123683a28f1a62d65c2be1c0f1caf0b,2022-06,Cambridgeshire Constabulary,Cambridgeshire Constabulary,0.269351,52.399443,On or near The Vineyards,E01018026,East Cambridgeshire 004C,Other theft,Investigation complete; no suspect identified,
32b70e216593c775d8a9996f07fb1d02ad2c74a0478685ad06ba4969132676c7,2022-06,Cambridgeshire Constabulary,Cambridgeshire Constabulary,0.282627,52.379549,On or near Lower Road,E01018026,East Cambridgeshire 004C,Other theft,Investigation complete; no suspect identified,
dc840af5cae75846ec56aaebf4d86086afe64c99c47269c6337904ead60dffc5,2022-06,Cambridgeshire Constabulary,Cambridgeshire Constabulary,0.265033,52.391200,On or near Supermarket,E01018026,East Cambridgeshire 004C,Robbery,Unable to prosecute suspect,
0ad1f9494f4ae77d67001a349543a7d91786c102201a2c9849a3f35c8d86ba70,2022-06,Cambridgeshire Constabulary,Cambridgeshire Constabulary,0.265033,52.391200,On or near Supermarket,E01018026,East Cambridgeshire 004C,Shoplifting,Unable to prosecute suspect,
0f83b0e86d40c1879a8349cae2e6a83b3f103f22f42c22640bc16015d080c17e,2022-06,Cambridgeshire Constabulary,Cambridgeshire Constabulary,0.267847,52.391038,On or near Station Road,E01018026,East Cambridgeshire 004C,Violence and sexual offences,Unable to prosecute suspect,
bc780979f14fbb7ce56c1faaf13aa1bbbbdaa73f5b07bc8d45d6f39acf0cd4ad,2022-06,Cambridgeshire Constabulary,Cambridgeshire Constabulary,0.265033,52.391200,On or near Supermarket,E01018026,East Cambridgeshire 004C,Violence and sexual offences,Investigation complete; no suspect identified,
a882867ae88f2790b7d39978c9c92fa4df1475029dd9b52db30c387957483ee7,2022-06,Cambridgeshire Constabulary,Cambridgeshire Constabulary,0.271965,52.397100,On or near Willow Walk,E01018026,East Cambridgeshire 004C,Violence and sexual offences,Unable to prosecute suspect,
36fad4219bf52c0beb76c7f60820afa5f81fee973d72544881cbc048c683af0f,2022-06,Cambridgeshire Constabulary,Cambridgeshire Constabulary,0.246839,52.396430,On or near Wheatsheaf Close,E01018030,East Cambridgeshire 004D,Public order,Unable to prosecute suspect,
2d2f4a013501d9d60ab857cea2c8c608cebcb4dcdbab67d0541d65b961f60eff,2022-06,Cambridgeshire Constabulary,Cambridgeshire Constabulary,0.246839,52.396430,On or near Wheatsheaf Close,E01018030,East Cambridgeshire 004D,Violence and sexual offences,Local resolution,
472be559496cc74795bbd9569e6cfc216b34ae2f45e54509daf8b7c0f9836098,2022-06,Cambridgeshire Constabulary,Cambridgeshire Constabulary,0.245497,52.401553,On or near Brooke Grove,E01033425,East Cambridgeshire 004F,Public order,Unable to prosecute suspect,
8efc546f4453471e52aa8c915677386fb5809a3033a16da984baeac25676153b,2022-06,Cambridgeshire Constabulary,Cambridgeshire Constabulary,0.245497,52.401553,On or near Brooke Grove,E01033425,East Cambridgeshire 004F,Public order,Unable to prosecute suspect,
b1c54088c19613a9c25fc79034fa7d1648ec2e2ccf7498192281f0185aad5eb1,2022-06,Cambridgeshire Constabulary,Cambridgeshire Constabulary,0.246830,52.403488,On or near Tennyson Place,E01033425,East Cambridgeshire 004F,Violence and sexual offences,Unable to prosecute suspect,
0b7d2b9bce6fb9562b29511e688746a70db046519197f224e3fb193fd1c144ce,2022-06,Cambridgeshire Constabulary,Cambridgeshire Constabulary,0.246830,52.403488,On or near Tennyson Place,E01033425,East Cambridgeshire 004F,Violence and sexual offences,Unable to prosecute suspect,
0668213a486f65984f766b5279b200ce6127f30f2d7bdfaa8153aa6c0812ec88,2022-06,Cambridgeshire Constabulary,Cambridgeshire Constabulary,0.246830,52.403488,On or near Tennyson Place,E01033425,East Cambridgeshire 004F,Violence and sexual offences,Unable to prosecute suspect,
999bb310aa9f982cf54eacc7707b61d9412b6cc1b4ec4abcb3d432dd0e9c8a1c,2022-06,Cambridgeshire Constabulary,Cambridgeshire Constabulary,0.225717,52.386803,On or near Stirling Way,E01033428,East Cambridgeshire 004G,Burglary,Investigation complete; no suspect identified,
79e91a435f733bd0699521f6fd61525bc797a33c9f358076658e088c4ae1c8d3,2022-06,Cambridgeshire Constabulary,Cambridgeshire Constabulary,0.242759,52.391921,On or near Witchford Road,E01033428,East Cambridgeshire 004G,Other theft,Investigation complete; no suspect identified,
36f111e747c36f91740417c74240afba0cdb9347da163cd1cf766473458d1837,2022-06,Cambridgeshire Constabulary,Cambridgeshire Constabulary,0.225717,52.386803,On or near Stirling Way,E01033428,East Cambridgeshire 004G,Other theft,Investigation complete; no suspect identified,
482f19cab09b19016e7a3912e787d6dfb82af6142a499e8730806ff723a6c825,2022-06,Cambridgeshire Constabulary,Cambridgeshire Constabulary,0.250384,52.395040,On or near Mawson Close,E01033428,East Cambridgeshire 004G,Violence and sexual offences,Unable to prosecute suspect,
,2022-06,Cambridgeshire Constabulary,Cambridgeshire Constabulary,0.148379,52.354552,On or near Bell Gardens,E01018036,East Cambridgeshire 005A,Anti-social behaviour,,
,2022-06,Cambridgeshire Constabulary,Cambridgeshire Constabulary,0.147471,52.352788,On or near Froize End,E01018036,East Cambridgeshire 005A,Anti-social behaviour,,
c217ed48cc2e2ec1af1a5d10cef9402a69ffe0cfc195895382e1b7dd4280f9d1,2022-06,Cambridgeshire Constabulary,Cambridgeshire Constabulary,0.151626,52.363637,On or near The Pond,E01018037,East Cambridgeshire 005B,Violence and sexual offences,Investigation complete; no suspect identified,
921275c9120de253d8ac7ba7d7fbf261bf5544eb6e8f4e5626a9781dba82cf30,2022-06,Cambridgeshire Constabulary,Cambridgeshire Constabulary,0.149382,52.358265,On or near Lodge Gardens,E01018037,East Cambridgeshire 005B,Violence and sexual offences,Unable to prosecute suspect,
1f25a1df7761c71b94c6a39b971c935439b55ab7bcbd86c5358504dedc7adb2d,2022-06,Cambridgeshire Constabulary,Cambridgeshire Constabulary,0.149382,52.358265,On or near Lodge Gardens,E01018037,East Cambridgeshire 005B,Violence and sexual offences,Unable to prosecute suspect,
87f253ed66e9d7390f4eca271180a19c069d5458da2ef04cff23c0e22cb829eb,2022-06,Cambridgeshire Constabulary,Cambridgeshire Constabulary,0.173857,52.385952,On or near Church Farm Close,E01018038,East Cambridgeshire 005C,Other theft,Investigation complete; no suspect identified,
a3817f3e682ab56abfcf5a9d87fcf0b9f5e34197fbe76a56f7058aa5bd477ad6,2022-06,Cambridgeshire Constabulary,Cambridgeshire Constabulary,0.147492,52.390463,On or near Parking Area,E01018038,East Cambridgeshire 005C,Violence and sexual offences,Unable to prosecute suspect,
37aff4fc9be4358d550008b101e0e668a628e2b5c29141cb5aa31c46e9d995f5,2022-06,Cambridgeshire Constabulary,Cambridgeshire Constabulary,0.200880,52.394183,On or near Sedge Way,E01018039,East Cambridgeshire 005D,Other theft,Unable to prosecute suspect,
0bf37d6f70bc780681103bb0dbce0fe942e3a07d1a1b5cd06c101444aeaa649e,2022-06,Cambridgeshire Constabulary,Cambridgeshire Constabulary,0.202412,52.386862,On or near Parking Area,E01018039,East Cambridgeshire 005D,Public order,Unable to prosecute suspect,
8b6c705b1fb56381567c7707d224be647bb1a52e7e97b81d76d0aa32d49c5cf6,2022-06,Cambridgeshire Constabulary,Cambridgeshire Constabulary,0.211098,52.390692,On or near Manor Road,E01018039,East Cambridgeshire 005D,Violence and sexual offences,Further action is not in the public interest,
4fae372f34eab0414e237902357568d48c4294c9fada92c7d74270c317c1abcc,2022-06,Cambridgeshire Constabulary,Cambridgeshire Constabulary,0.203964,52.362852,On or near White Cross Road,E01018053,East Cambridgeshire 005E,Burglary,Investigation complete; no suspect identified,
b619ed8a1fc22f6ef554a7cf0d97986858b1876c210b15a3366f16849d3cc540,2022-06,Cambridgeshire Constabulary,Cambridgeshire Constabulary,0.189168,52.352337,On or near Stretham Road,E01018053,East Cambridgeshire 005E,Burglary,Investigation complete; no suspect identified,
e5429eb6b34bafc224f17722eb6e36c5117f033a9eec9f96358fa0b425ae3229,2022-06,Cambridgeshire Constabulary,Cambridgeshire Constabulary,0.224384,52.359412,On or near Broad Baulk,E01018053,East Cambridgeshire 005E,Criminal damage and arson,Investigation complete; no suspect identified,
452147f05aa839cd4d57d0062f5df19c41480880a6fab191f500cea8abc68a04,2022-06,Cambridgeshire Constabulary,Cambridgeshire Constabulary,0.189655,52.351789,On or near Millfield Place,E01018053,East Cambridgeshire 005E,Violence and sexual offences,Unable to prosecute suspect,
0663ee018af4a8810e5e045f24dc8e65bb9f60378daf494724461d03a39234e7,2022-06,Cambridgeshire Constabulary,Cambridgeshire Constabulary,0.224384,52.359412,On or near Broad Baulk,E01018053,East Cambridgeshire 005E,Violence and sexual offences,Unable to prosecute suspect,
cc9edacf176381781dca16fbae874b5ae816086b06658a6fd82f89b0610aa868,2022-06,Cambridgeshire Constabulary,Cambridgeshire Constabulary,0.219426,52.350747,On or near Walnut Tree Close,E01018053,East Cambridgeshire 005E,Other crime,Status update unavailable,
e542147536aba18822243c9afc1873efa51af34bcfaab88d096ef3fbdf2fe136,2022-06,Cambridgeshire Constabulary,Cambridgeshire Constabulary,0.219426,52.350747,On or near Walnut Tree Close,E01018053,East Cambridgeshire 005E,Other crime,Local resolution,
8208fe23f3d51719de41ea6b1a48cdfbe263e30ff8b6ccbf3b40735d46c0ff06,2022-06,Cambridgeshire Constabulary,Cambridgeshire Constabulary,0.219426,52.350747,On or near Walnut Tree Close,E01018053,East Cambridgeshire 005E,Other crime,Status update unavailable,
3e7e0a1662d21ca200524a29a45619500fcd1f230e477ebe01f03bcd1fcaaba2,2022-06,Cambridgeshire Constabulary,Cambridgeshire Constabulary,0.219426,52.350747,On or near Walnut Tree Close,E01018053,East Cambridgeshire 005E,Other crime,Status update unavailable,
2a0fc551c847018dd368595b8dba4cf7f8b352d5d6229b4766a17b2f67e77c78,2022-06,Cambridgeshire Constabulary,Cambridgeshire Constabulary,0.219426,52.350747,On or near Walnut Tree Close,E01018053,East Cambridgeshire 005E,Other crime,Unable to prosecute suspect,
,2022-06,Cambridgeshire Constabulary,Cambridgeshire Constabulary,0.243741,52.370133,On or near Parking Area,E01018054,East Cambridgeshire 005F,Anti-social behaviour,,
,2022-06,Cambridgeshire Constabulary,Cambridgeshire Constabulary,0.221389,52.348310,On or near Read'S Street,E01018054,East Cambridgeshire 005F,Anti-social behaviour,,
60965b5673525eb6f2d8b8cfd31ce7e08b5329838434f5df4daa9708c76e1211,2022-06,Cambridgeshire Constabulary,Cambridgeshire Constabulary,0.223347,52.351339,On or near Berry Green,E01018054,East Cambridgeshire 005F,Bicycle theft,Investigation complete; no suspect identified,
99d84177b8a09f0ccd020983925fd0bd6a579d0d1ee40f09389d3b53bfd71fdf,2022-06,Cambridgeshire Constabulary,Cambridgeshire Constabulary,0.214447,52.346327,On or near Sports/Recreation Area,E01018054,East Cambridgeshire 005F,Vehicle crime,Investigation complete; no suspect identified,
9ee390105b19e0ea85c0cac7e72e346bc43649b02b74f1ba8d7e4ca5f3842e9e,2022-06,Cambridgeshire Constabulary,Cambridgeshire Constabulary,0.216692,52.346294,On or near Cage Lane,E01018054,East Cambridgeshire 005F,Violence and sexual offences,Unable to prosecute suspect,
,2022-06,Cambridgeshire Constabulary,Cambridgeshire Constabulary,0.347332,52.387193,On or near Great Fen Road,E01018047,East Cambridgeshire 006A,Anti-social behaviour,,
,2022-06,Cambridgeshire Constabulary,Cambridgeshire Constabulary,0.334079,52.344896,On or near North Drive,E01018047,East Cambridgeshire 006A,Anti-social behaviour,,
,2022-06,Cambridgeshire Constabulary,Cambridgeshire Constabulary,0.339156,52.338447,On or near Weatheralls Close,E01018047,East Cambridgeshire 006A,Anti-social behaviour,,
e88c203459f7acd327f3a1e0614da59d89773c4e416801d394ba3908e2c258ca,2022-06,Cambridgeshire Constabulary,Cambridgeshire Constabulary,0.327527,52.348172,On or near The Shade,E01018047,East Cambridgeshire 006A,Other theft,Investigation complete; no suspect identified,
62430cc1107f7e33b97825548ee403cb0ff4fb867d7c754d27a9bd37d71556f8,2022-06,Cambridgeshire Constabulary,Cambridgeshire Constabulary,0.342500,52.344495,On or near Sports/Recreation Area,E01018047,East Cambridgeshire 006A,Other theft,Unable to prosecute suspect,
83dd8925756ae9f678b1e638324dc2debca3649fe883be502d1a1d053e359720,2022-06,Cambridgeshire Constabulary,Cambridgeshire Constabulary,0.327527,52.348172,On or near The Shade,E01018047,East Cambridgeshire 006A,Other theft,Investigation complete; no suspect identified,
99337febccd9dacab3e51b0d871f915262d04678654a8d5f84113e63b7d9bf83,2022-06,Cambridgeshire Constabulary,Cambridgeshire Constabulary,0.336375,52.342216,On or near Poppy Fields,E01018047,East Cambridgeshire 006A,Public order,Unable to prosecute suspect,
7fe91cb9349bfa6b74b233a9ca6cccfa789baff20ade01d126d512176c4de4e6,2022-06,Cambridgeshire Constabulary,Cambridgeshire Constabulary,0.309625,52.346986,On or near Parking Area,E01018047,East Cambridgeshire 006A,Public order,Investigation complete; no suspect identified,
362d9b61382d10a3e476113495cb0f4bb528842976de90734a8bc9e117ba0107,2022-06,Cambridgeshire Constabulary,Cambridgeshire Constabulary,0.336375,52.342216,On or near Poppy Fields,E01018047,East Cambridgeshire 006A,Public order,Unable to prosecute suspect,
57bed1776f5085e8dc6b57ea7eb278888b90e5cda1283f54a0f4b7f2879ec2bd,2022-06,Cambridgeshire Constabulary,Cambridgeshire Constabulary,0.327527,52.348172,On or near The Shade,E01018047,East Cambridgeshire 006A,Shoplifting,Investigation complete; no suspect identified,
650ea658cb0b4eb2eaceb009155970e14f14b53e77b44297e587c8c85af2baeb,2022-06,Cambridgeshire Constabulary,Cambridgeshire Constabulary,0.327527,52.348172,On or near The Shade,E01018047,East Cambridgeshire 006A,Shoplifting,Offender given a caution,
9beff1d44f970f83c16949fc257e2e408cc600cb7c1fbf901b79f775d739e8b1,2022-06,Cambridgeshire Constabulary,Cambridgeshire Constabulary,0.275857,52.353621,On or near Goose Fen Drove,E01018047,East Cambridgeshire 006A,Vehicle crime,Investigation complete; no suspect identified,
9bd780f0efa5cd126c84af769a44ff2f71c8f71138b1bb241096de008723e504,2022-06,Cambridgeshire Constabulary,Cambridgeshire Constabulary,0.339787,52.364844,On or near Broadhill Drove,E01018047,East Cambridgeshire 006A,Vehicle crime,Investigation complete; no suspect identified,
2ee02b6158b6efa8f783f5bc5987d0dfb541f6b380fe93b9bcf7b06eb7a638a0,2022-06,Cambridgeshire Constabulary,Cambridgeshire Constabulary,0.334079,52.344896,On or near North Drive,E01018047,East Cambridgeshire 006A,Violence and sexual offences,Unable to prosecute suspect,
e53c6c48b205b9c666fc6b3e0942d87d66f53c7aca02d5dd09281c54ea6d210c,2022-06,Cambridgeshire Constabulary,Cambridgeshire Constabulary,0.334079,52.344896,On or near North Drive,E01018047,East Cambridgeshire 006A,Violence and sexual offences,Unable to prosecute suspect,
74701757b57986e2eb5024668a5639e55bce477acb2694524834a46f7b779172,2022-06,Cambridgeshire Constabulary,Cambridgeshire Constabulary,0.327696,52.345795,On or near Avocet Grove,E01018047,East Cambridgeshire 006A,Violence and sexual offences,Action to be taken by another organisation,
54c83d1742262f9ef1782656c14964b4e000756fd27b98ee7063f56c3045ec64,2022-06,Cambridgeshire Constabulary,Cambridgeshire Constabulary,0.327311,52.343788,On or near Gadwall Way,E01018047,East Cambridgeshire 006A,Violence and sexual offences,Unable to prosecute suspect,
cf6e15b5dd7f66ecf27f193e72c0788ff1f927850384d1c5be5b4347ddac3b2d,2022-06,Cambridgeshire Constabulary,Cambridgeshire Constabulary,0.336375,52.342216,On or near Poppy Fields,E01018047,East Cambridgeshire 006A,Violence and sexual offences,Court result unavailable,
32676db4429f69bfa6de8f65e66246923a4c1b0a485b1e99b69d742ef374bbcf,2022-06,Cambridgeshire Constabulary,Cambridgeshire Constabulary,0.327696,52.345795,On or near Avocet Grove,E01018047,East Cambridgeshire 006A,Violence and sexual offences,Action to be taken by another organisation,
24268fa077770aa71bcd5c6df10b8fa51dede1791a36a899b7e7f752fbad5c87,2022-06,Cambridgeshire Constabulary,Cambridgeshire Constabulary,0.327311,52.343788,On or near Gadwall Way,E01018047,East Cambridgeshire 006A,Violence and sexual offences,Unable to prosecute suspect,
fb41d6707ee218a0360aed5724d2fa6b07decfa37721548f220db6b17b5ad160,2022-06,Cambridgeshire Constabulary,Cambridgeshire Constabulary,0.339787,52.364844,On or near Broadhill Drove,E01018047,East Cambridgeshire 006A,Violence and sexual offences,Investigation complete; no suspect identified,
be6ad1a48c99967404e404f50948f7b25b49f72abd51b5bf8a54a2f715aec8ff,2022-06,Cambridgeshire Constabulary,Cambridgeshire Constabulary,0.336375,52.342216,On or near Poppy Fields,E01018047,East Cambridgeshire 006A,Violence and sexual offences,Court result unavailable,
3e0a0629c9b3ff30dd3b1db2a2fa297ba9531709924fa84a3b83e0501f400c24,2022-06,Cambridgeshire Constabulary,Cambridgeshire Constabulary,0.347332,52.387193,On or near Great Fen Road,E01018047,East Cambridgeshire 006A,Other crime,Investigation complete; no suspect identified,
ee08668fe95f992fdd74c59560f91f1e6392a31e5f71e05ab8c26b30962bd614,2022-06,Cambridgeshire Constabulary,Cambridgeshire Constabulary,0.338201,52.339266,On or near Queensway,E01018047,East Cambridgeshire 006A,Other crime,Unable to prosecute suspect,
d18dee0e38001e9a40d84aa522b7e0306a6fe788529293cc3ad7c59de3df85fe,2022-06,Cambridgeshire Constabulary,Cambridgeshire Constabulary,0.303573,52.311910,On or near Butt'S Lane,E01018049,East Cambridgeshire 006C,Vehicle crime,Investigation complete; no suspect identified,
305b6609eb19f1d7ff6b4977f0bdb31738f20dc9beded408ef619e499900f510,2022-06,Cambridgeshire Constabulary,Cambridgeshire Constabulary,0.342819,52.326361,On or near The Butts,E01018049,East Cambridgeshire 006C,Violence and sexual offences,Unable to prosecute suspect,
d3f81b22210fb6f9fa7746de8d029093806caa6c5d4aa63f18157ed36390522d,2022-06,Cambridgeshire Constabulary,Cambridgeshire Constabulary,0.303573,52.311910,On or near Butt'S Lane,E01018049,East Cambridgeshire 006C,Violence and sexual offences,Unable to prosecute suspect,
,2022-06,Cambridgeshire Constabulary,Cambridgeshire Constabulary,0.341655,52.334891,On or near Brewhouse Lane,E01018050,East Cambridgeshire 006D,Anti-social behaviour,,
,2022-06,Cambridgeshire Constabulary,Cambridgeshire Constabulary,0.341655,52.334891,On or near Brewhouse Lane,E01018050,East Cambridgeshire 006D,Anti-social behaviour,,
c11fad904dc1a0caed4b9511258a27c266b419dc1f4b46af8f1c873954aeaa17,2022-06,Cambridgeshire Constabulary,Cambridgeshire Constabulary,0.340261,52.338794,On or near Cornwell Close,E01018050,East Cambridgeshire 006D,Public order,Local resolution,
fe33c75cec2ca36462c980804169508bdd7b7d0c4379d8e07ca5126c85f82e3a,2022-06,Cambridgeshire Constabulary,Cambridgeshire Constabulary,0.334141,52.336865,On or near Guntons Close,E01018050,East Cambridgeshire 006D,Public order,Unable to prosecute suspect,
,2022-06,Cambridgeshire Constabulary,Cambridgeshire Constabulary,0.344645,52.326487,On or near Kings Parade,E01018051,East Cambridgeshire 006E,Anti-social behaviour,,
024a7c9a16165e405745dd6b164fcab295e7f7f8cad4384454b1dc9a67383b6d,2022-06,Cambridgeshire Constabulary,Cambridgeshire Constabulary,0.343366,52.329767,On or near Parking Area,E01018051,East Cambridgeshire 006E,Vehicle crime,Investigation complete; no suspect identified,
a50bbc3b6ad379f8d21d9a5dfdf87e7b675270df81e7d675c5177b7698e1568c,2022-06,Cambridgeshire Constabulary,Cambridgeshire Constabulary,0.358748,52.320676,On or near Windmill Close,E01018051,East Cambridgeshire 006E,Violence and sexual offences,Unable to prosecute suspect,
46a21c71e630326108ed4963eae85cd013ee751b69b630156e3632f78398ab28,2022-06,Cambridgeshire Constabulary,Cambridgeshire Constabulary,0.351000,52.326207,On or near Regal Drive,E01018051,East Cambridgeshire 006E,Violence and sexual offences,Unable to prosecute suspect,
cc15d4bdb34369fb5c5644f22c0055a4a5abfc244e62e2a57bbba37d6535b0f7,2022-06,Cambridgeshire Constabulary,Cambridgeshire Constabulary,0.351000,52.326207,On or near Regal Drive,E01018051,East Cambridgeshire 006E,Violence and sexual offences,Unable to prosecute suspect,
80b1e8d8c03da888240266add8a3a54db87283a00ff8f99761756fce30e02da4,2022-06,Cambridgeshire Constabulary,Cambridgeshire Constabulary,0.351000,52.326207,On or near Regal Drive,E01018051,East Cambridgeshire 006E,Violence and sexual offences,Unable to prosecute suspect,
,2022-06,Cambridgeshire Constabulary,Cambridgeshire Constabulary,0.332782,52.333924,On or near Gardeners Lane,E01018052,East Cambridgeshire 006F,Anti-social behaviour,,
026c4864a6105fdf743e2b9d881ba154bfbcaae9cd49e0700f823ba43805af38,2022-06,Cambridgeshire Constabulary,Cambridgeshire Constabulary,0.333733,52.334984,On or near Station Road,E01018052,East Cambridgeshire 006F,Criminal damage and arson,Investigation complete; no suspect identified,
6f8fbd0834ba3ed3887ff3be04db6828abbe33f14a5d4fe2ea84b15a4301c6cc,2022-06,Cambridgeshire Constabulary,Cambridgeshire Constabulary,0.337034,52.334667,On or near Churchgate Street,E01018052,East Cambridgeshire 006F,Criminal damage and arson,Investigation complete; no suspect identified,
ab212c24af9a53a095cd470ec9cbd9171605276fcbc6bb3de15088c9db3dfe53,2022-06,Cambridgeshire Constabulary,Cambridgeshire Constabulary,0.337034,52.334667,On or near Churchgate Street,E01018052,East Cambridgeshire 006F,Criminal damage and arson,Investigation complete; no suspect identified,
8934a62ab017451ac7bdf3499de379dcd28b8d9e9ed9d3b86bc242f2310aed7b,2022-06,Cambridgeshire Constabulary,Cambridgeshire Constabulary,0.339372,52.331968,On or near Brook Dam Lane,E01018052,East Cambridgeshire 006F,Other theft,Investigation complete; no suspect identified,
844c06907111d7099709edab4048ee016f109f293b786f7499a65dd5f4cb4dce,2022-06,Cambridgeshire Constabulary,Cambridgeshire Constabulary,0.338371,52.333850,On or near White Hart Lane,E01018052,East Cambridgeshire 006F,Public order,Local resolution,
b2e3daf9da070816a4ff3f1b939900c483c658fdf46c924590e18adb610f89e7,2022-06,Cambridgeshire Constabulary,Cambridgeshire Constabulary,0.335543,52.334778,On or near Frederick Talbot Close,E01018052,East Cambridgeshire 006F,Public order,Unable to prosecute suspect,
8fe2ffb1d85ab4ff8b647a2f030bc7bce94938cf140cae152fd7bffacd42da83,2022-06,Cambridgeshire Constabulary,Cambridgeshire Constabulary,0.338398,52.332428,On or near High Street,E01018052,East Cambridgeshire 006F,Public order,Investigation complete; no suspect identified,
e9d9e87059775312b678497ced2adf73a4e439f329bf4acf0ad39cfc0a982b2a,2022-06,Cambridgeshire Constabulary,Cambridgeshire Constabulary,0.332564,52.337597,On or near West Drive Gardens,E01018052,East Cambridgeshire 006F,Public order,Unable to prosecute suspect,
b07057b5a646b826deb4dac785a5fe75b24cefd200d5ade3c83b2d517b788731,2022-06,Cambridgeshire Constabulary,Cambridgeshire Constabulary,0.335160,52.334489,On or near Fountain Lane,E01018052,East Cambridgeshire 006F,Violence and sexual offences,Unable to prosecute suspect,
ce6106cda743ec0c27bc6a85e1776998e7cdfdd49665f0335666353eb01729c3,2022-06,Cambridgeshire Constabulary,Cambridgeshire Constabulary,0.331991,52.336188,On or near West Drive,E01018052,East Cambridgeshire 006F,Violence and sexual offences,Unable to prosecute suspect,
d7a0f9552f19f945cda5cd5d574c896dc7292b9b8b3ff42bfdf5deebed471282,2022-06,Cambridgeshire Constabulary,Cambridgeshire Constabulary,0.335160,52.334489,On or near Fountain Lane,E01018052,East Cambridgeshire 006F,Violence and sexual offences,Unable to prosecute suspect,
31493ee017ad6a07e8533d4c8bf1c7e52c9c48ebac10851ce9c47bda0b8ba807,2022-06,Cambridgeshire Constabulary,Cambridgeshire Constabulary,0.337034,52.334667,On or near Churchgate Street,E01018052,East Cambridgeshire 006F,Violence and sexual offences,Unable to prosecute suspect,
052a002c38dbbdbe38309ba4255695a5a53de04816676b53d0eb466593a540e8,2022-06,Cambridgeshire Constabulary,Cambridgeshire Constabulary,0.333922,52.332706,On or near Clay Street,E01018052,East Cambridgeshire 006F,Violence and sexual offences,Unable to prosecute suspect,
15fa383b9c7f199e623bb318c99433e77d128e229b95cab89d3b50bb0223b8c8,2022-06,Cambridgeshire Constabulary,Cambridgeshire Constabulary,0.332564,52.337597,On or near West Drive Gardens,E01018052,East Cambridgeshire 006F,Violence and sexual offences,Unable to prosecute suspect,
afac73801719f076dc3f6aff37f335dad051b46a9de79f7fe12e2476f6024c6b,2022-06,Cambridgeshire Constabulary,Cambridgeshire Constabulary,0.335160,52.334489,On or near Fountain Lane,E01018052,East Cambridgeshire 006F,Violence and sexual offences,Unable to prosecute suspect,
cdb12930cacbdb14eb99d75d0079cc1e3446c999282a2a44c119d82d9bbdd1bf,2022-06,Cambridgeshire Constabulary,Cambridgeshire Constabulary,0.338371,52.333850,On or near White Hart Lane,E01018052,East Cambridgeshire 006F,Violence and sexual offences,Unable to prosecute suspect,
fb58a4df25dc48f8390b8bb1ca2d5df8d05be6273800c997aab6e609d7e3d86e,2022-06,Cambridgeshire Constabulary,Cambridgeshire Constabulary,0.338398,52.332428,On or near High Street,E01018052,East Cambridgeshire 006F,Violence and sexual offences,Status update unavailable,
28499a6ab9994653034a437f35a4a49877561e323d58d7718c44b88dcee54543,2022-06,Cambridgeshire Constabulary,Cambridgeshire Constabulary,0.328100,52.342874,On or near Lapwing Way,E01033427,East Cambridgeshire 006G,Burglary,Status update unavailable,
7f688fa977b9e411d592ab109cac71ad037e5d6c33afd14eb873965850e701d4,2022-06,Cambridgeshire Constabulary,Cambridgeshire Constabulary,0.328100,52.342874,On or near Lapwing Way,E01033427,East Cambridgeshire 006G,Burglary,Unable to prosecute suspect,
5b0cce8f8d0175af034424ff78fe4246d60659aa9af3c263499f2879183461b0,2022-06,Cambridgeshire Constabulary,Cambridgeshire Constabulary,0.328100,52.342874,On or near Lapwing Way,E01033427,East Cambridgeshire 006G,Violence and sexual offences,Unable to prosecute suspect,
6402b8e05624062f6249b8a8c99557dce29e66469a1139d5e568023b590be176,2022-06,Cambridgeshire Constabulary,Cambridgeshire Constabulary,0.328343,52.342464,On or near Teal Avenue,E01033427,East Cambridgeshire 006G,Violence and sexual offences,Local resolution,
20aa99a1442b6fc741fe048664cf37295082ddcc066791ac32a1aca3fdff734c,2022-06,Cambridgeshire Constabulary,Cambridgeshire Constabulary,0.330491,52.344238,On or near Aspen Way,E01033427,East Cambridgeshire 006G,Violence and sexual offences,Local resolution,
,2022-06,Cambridgeshire Constabulary,Cambridgeshire Constabulary,0.332912,52.346439,On or near Northfield Park,E01033429,East Cambridgeshire 006H,Anti-social behaviour,,
,2022-06,Cambridgeshire Constabulary,Cambridgeshire Constabulary,0.336486,52.341260,On or near Fox Wood South,E01033429,East Cambridgeshire 006H,Anti-social behaviour,,
,2022-06,Cambridgeshire Constabulary,Cambridgeshire Constabulary,0.332912,52.346439,On or near Northfield Park,E01033429,East Cambridgeshire 006H,Anti-social behaviour,,
,2022-06,Cambridgeshire Constabulary,Cambridgeshire Constabulary,0.332278,52.345273,On or near Cyprian Rust Way,E01033429,East Cambridgeshire 006H,Anti-social behaviour,,
4ec0d7748d6232b073e6cb3238a4c08289edd1ce1a6698796f0863b7354fa4b6,2022-06,Cambridgeshire Constabulary,Cambridgeshire Constabulary,0.332938,52.341897,On or near Martin Close,E01033429,East Cambridgeshire 006H,Burglary,Investigation complete; no suspect identified,
73d38ac06913259c7aac6807aac5590484e15042e16ecb56a04f8d1957ab2f54,2022-06,Cambridgeshire Constabulary,Cambridgeshire Constabulary,0.336802,52.338620,On or near Speed Lane,E01033429,East Cambridgeshire 006H,Criminal damage and arson,Investigation complete; no suspect identified,
a2e39ff75885411996d2166a916e138c9137b1da215ba49c4545ecc34db4d6ff,2022-06,Cambridgeshire Constabulary,Cambridgeshire Constabulary,0.332912,52.346439,On or near Northfield Park,E01033429,East Cambridgeshire 006H,Criminal damage and arson,Investigation complete; no suspect identified,
9f3209c507d4719ed9de67993eb6c1f960b89fe5ec9b0083128469d7b034faf1,2022-06,Cambridgeshire Constabulary,Cambridgeshire Constabulary,0.332912,52.346439,On or near Northfield Park,E01033429,East Cambridgeshire 006H,Criminal damage and arson,Investigation complete; no suspect identified,
0756eaa47e2f8f8a73e37db48713a7f6916dfec1fd657de100d7513367cdbbd4,2022-06,Cambridgeshire Constabulary,Cambridgeshire Constabulary,0.332278,52.345273,On or near Cyprian Rust Way,E01033429,East Cambridgeshire 006H,Other theft,Investigation complete; no suspect identified,
771d9209ca807eb25e4dedc530fb4b1b5c65336795423e1007680c7368fe8b86,2022-06,Cambridgeshire Constabulary,Cambridgeshire Constabulary,0.333656,52.339374,On or near Gimbert Road,E01033429,East Cambridgeshire 006H,Vehicle crime,Investigation complete; no suspect identified,
6e3686daf8bb9e4bee341d5cf955a316d1849ad9b65c31eff0ab9690a702e606,2022-06,Cambridgeshire Constabulary,Cambridgeshire Constabulary,0.332912,52.346439,On or near Northfield Park,E01033429,East Cambridgeshire 006H,Violence and sexual offences,Unable to prosecute suspect,
d4eba30fcb30cc704aad975211b69d2a851b4f123c265c8f040eba2265f895e8,2022-06,Cambridgeshire Constabulary,Cambridgeshire Constabulary,0.333054,52.339656,On or near Chestnut Drive,E01033429,East Cambridgeshire 006H,Violence and sexual offences,Court result unavailable,
21715ede392d9643552a9e173540fb0d717591af03a275e726a3a0735d5e12ee,2022-06,Cambridgeshire Constabulary,Cambridgeshire Constabulary,0.333054,52.339656,On or near Chestnut Drive,E01033429,East Cambridgeshire 006H,Violence and sexual offences,Court result unavailable,
db3f3ceffff6877ab9eebc79d00a78691583d48d6c48c2cac73522576320dcea,2022-06,Cambridgeshire Constabulary,Cambridgeshire Constabulary,0.399701,52.318169,On or near Isleham Road,E01018034,East Cambridgeshire 007A,Criminal damage and arson,Unable to prosecute suspect,
4f1bbd1e81ae108b4de121ac1ea17d4cb20bd922a6ac39653e04475d34af08e2,2022-06,Cambridgeshire Constabulary,Cambridgeshire Constabulary,0.359160,52.301101,On or near Parking Area,E01018034,East Cambridgeshire 007A,Other theft,Investigation complete; no suspect identified,
7dfc3fa7abc8be2fd6ee9a7f0e80d1bda2aaef946fea142ec96b7eca08de97c3,2022-06,Cambridgeshire Constabulary,Cambridgeshire Constabulary,0.386316,52.311300,On or near Supermarket,E01018034,East Cambridgeshire 007A,Shoplifting,Investigation complete; no suspect identified,
c2746d8559edd89067c9c313780bb1a9138f87b0864355e5a47e2847d2e80548,2022-06,Cambridgeshire Constabulary,Cambridgeshire Constabulary,0.383002,52.314622,On or near Grove Park,E01018034,East Cambridgeshire 007A,Vehicle crime,Investigation complete; no suspect identified,
,2022-06,Cambridgeshire Constabulary,Cambridgeshire Constabulary,0.383387,52.311135,On or near Sharman'S Road,E01018035,East Cambridgeshire 007B,Anti-social behaviour,,
f1600bc76d67cef8e08b53e912d89b02ed1d98187e483931499d77b0d1952030,2022-06,Cambridgeshire Constabulary,Cambridgeshire Constabulary,0.468207,52.276147,On or near Parking Area,E01018035,East Cambridgeshire 007B,Criminal damage and arson,Unable to prosecute suspect,
eed4c86a98bf1063e83f560a8adfb32062e94c1ae78fcb28a747fd87d45e30ae,2022-06,Cambridgeshire Constabulary,Cambridgeshire Constabulary,0.411382,52.267988,On or near Snailwell Road,E01018035,East Cambridgeshire 007B,Public order,Unable to prosecute suspect,
d45c9826d5abc7283fbfb4343999a559ae0dd769a0843fa5ae79117b8239e2c9,2022-06,Cambridgeshire Constabulary,Cambridgeshire Constabulary,0.467655,52.289701,On or near B1085,E01018035,East Cambridgeshire 007B,Vehicle crime,Investigation complete; no suspect identified,
87c03ab9528626bd58df59ac7920958a6aae1d1cca57a1254413670495ee187b,2022-06,Cambridgeshire Constabulary,Cambridgeshire Constabulary,0.406341,52.310471,On or near Eldith Avenue,E01018035,East Cambridgeshire 007B,Violence and sexual offences,Investigation complete; no suspect identified,
4e6c674736a6bcb5e1f29bd6d2097ffb530e8213d5e0fb8f5f6c832afe4dc082,2022-06,Cambridgeshire Constabulary,Cambridgeshire Constabulary,0.382505,52.312196,On or near Stewards Field,E01018035,East Cambridgeshire 007B,Violence and sexual offences,Unable to prosecute suspect,
e74dcdf89d314b84f1719454d38f9e207a94906c7bc3bc81477ebeeea2a96e2b,2022-06,Cambridgeshire Constabulary,Cambridgeshire Constabulary,0.382319,52.311471,On or near Harry Palmer Close,E01018035,East Cambridgeshire 007B,Violence and sexual offences,Unable to prosecute suspect,
7c894a8a0d34eeb0356a74444961154e75bc2a53b8191bedc26d9f188727d6ed,2022-06,Cambridgeshire Constabulary,Cambridgeshire Constabulary,0.382505,52.312196,On or near Stewards Field,E01018035,East Cambridgeshire 007B,Violence and sexual offences,Unable to prosecute suspect,
c52263a712528f526384f2550e2071f416d5aa19c3f7b288a8254c7124dcbca9,2022-06,Cambridgeshire Constabulary,Cambridgeshire Constabulary,0.404648,52.337159,On or near Hall Barn Road,E01018040,East Cambridgeshire 007C,Public order,Unable to prosecute suspect,
4bd0b0a3a480799db1c5d210b5ccd374b2de9c05fac14d6a0f117f898123a33b,2022-06,Cambridgeshire Constabulary,Cambridgeshire Constabulary,0.417262,52.344760,On or near Rudlands Close,E01018040,East Cambridgeshire 007C,Violence and sexual offences,Unable to prosecute suspect,
4e5bcbcc4f09b660bb34d967293ff13d4b287e074418805693a3bacc3e75b466,2022-06,Cambridgeshire Constabulary,Cambridgeshire Constabulary,0.417262,52.344760,On or near Rudlands Close,E01018040,East Cambridgeshire 007C,Violence and sexual offences,Unable to prosecute suspect,
,2022-06,Cambridgeshire Constabulary,Cambridgeshire Constabulary,0.414740,52.339965,On or near Croft Road,E01018041,East Cambridgeshire 007D,Anti-social behaviour,,
a34b2c584ec0ec2b7e2e86ce9750baec9dd5495258b774cc02c667a21e2439f0,2022-06,Cambridgeshire Constabulary,Cambridgeshire Constabulary,0.412879,52.338690,On or near The Pits,E01018041,East Cambridgeshire 007D,Criminal damage and arson,Investigation complete; no suspect identified,
13ca0fe593870c0a12d1c3b7b98f90ef6825c35802b6ae4fd33cec219ea6ec3d,2022-06,Cambridgeshire Constabulary,Cambridgeshire Constabulary,0.413745,52.341919,On or near Jubilee Close,E01018041,East Cambridgeshire 007D,Vehicle crime,Investigation complete; no suspect identified,
afa64223c8f92ed9cf9377359b19a9e62f9cc23403da196a5269db970f26b578,2022-06,Cambridgeshire Constabulary,Cambridgeshire Constabulary,0.414740,52.339965,On or near Croft Road,E01018041,East Cambridgeshire 007D,Violence and sexual offences,Unable to prosecute suspect,
0e39fbba570aeaedc273d6bac8b1b9a2372deeb8a171767a57e379acbfab7216,2022-06,Cambridgeshire Constabulary,Cambridgeshire Constabulary,0.416625,52.343317,On or near The Causeway,E01018041,East Cambridgeshire 007D,Violence and sexual offences,Unable to prosecute suspect,
8ecaf58f91e61a4efaaeba3fd96060e16d526adaafb2fa1b664019aed1a86310,2022-06,Cambridgeshire Constabulary,Cambridgeshire Constabulary,0.388799,52.380535,On or near Spooner'S Drove,E01018041,East Cambridgeshire 007D,Violence and sexual offences,Unable to prosecute suspect,
813e0e1b883557e776b476dce4656c481f1bae371f66902088c5cc40a09f046b,2022-06,Cambridgeshire Constabulary,Cambridgeshire Constabulary,0.416625,52.343317,On or near The Causeway,E01018041,East Cambridgeshire 007D,Violence and sexual offences,Unable to prosecute suspect,
55b26eab38dfcc8e2fdbec463410d63f67cd61d1ee732b4c2870cdda2f3bfd24,2022-06,Cambridgeshire Constabulary,Cambridgeshire Constabulary,0.323322,52.276076,On or near Tunbridge Close,E01018013,East Cambridgeshire 008A,Criminal damage and arson,Status update unavailable,
1a5afee66303f7fc6a24818975454e98f5c3861181f212d6d85384986b37d853,2022-06,Cambridgeshire Constabulary,Cambridgeshire Constabulary,0.325850,52.266962,On or near Station Gate,E01018013,East Cambridgeshire 008A,Criminal damage and arson,Investigation complete; no suspect identified,
28b4cc84cb6f872311da0256616419d3acd2492659938f1452c2d70f814d06ca,2022-06,Cambridgeshire Constabulary,Cambridgeshire Constabulary,0.319177,52.282892,On or near Sports/Recreation Area,E01018013,East Cambridgeshire 008A,Drugs,Local resolution,
a0e10eac01410afd663200a5cef544c44a72c240742a2214080a9fdf456a5b0b,2022-06,Cambridgeshire Constabulary,Cambridgeshire Constabulary,0.323168,52.277059,On or near Bolton Close,E01018013,East Cambridgeshire 008A,Other theft,Unable to prosecute suspect,
f6e7cb8d5070a1926df4eaf7c739fbf30bd84b65c48fc29974e495a066a71e96,2022-06,Cambridgeshire Constabulary,Cambridgeshire Constabulary,0.319177,52.282892,On or near Sports/Recreation Area,E01018013,East Cambridgeshire 008A,Possession of weapons,Unable to prosecute suspect,
f9e92098451ef798a64109afc6d93865b9fc8d3ef1d283ac70073b4abd8959cd,2022-06,Cambridgeshire Constabulary,Cambridgeshire Constabulary,0.319177,52.282892,On or near Sports/Recreation Area,E01018013,East Cambridgeshire 008A,Public order,Court result unavailable,
bcf40c9ba63f54387a3d6dbebbc3dc953fef6c61e0a685e14f9549886340b55d,2022-06,Cambridgeshire Constabulary,Cambridgeshire Constabulary,0.319177,52.282892,On or near Sports/Recreation Area,E01018013,East Cambridgeshire 008A,Public order,Court result unavailable,
4e86334474ab43969e2ed93ac1caeac50836b514b82f6bd950e2f98684ef3195,2022-06,Cambridgeshire Constabulary,Cambridgeshire Constabulary,0.327026,52.271516,On or near Wild Acres,E01018013,East Cambridgeshire 008A,Violence and sexual offences,Unable to prosecute suspect,
5f78cac5f44c6336413b21e619d15365122470fa3aaab7474dba5bb7dd6c0e09,2022-06,Cambridgeshire Constabulary,Cambridgeshire Constabulary,0.313537,52.271727,On or near Reach Road,E01018013,East Cambridgeshire 008A,Violence and sexual offences,Unable to prosecute suspect,
,2022-06,Cambridgeshire Constabulary,Cambridgeshire Constabulary,0.332014,52.275778,On or near Burghley Rise,E01018014,East Cambridgeshire 008B,Anti-social behaviour,,
,2022-06,Cambridgeshire Constabulary,Cambridgeshire Constabulary,0.326228,52.278114,On or near Guyatt Court,E01018014,East Cambridgeshire 008B,Anti-social behaviour,,
3b0f95f57bb69ab65c793f735e5da4d47fa758268a73d7a739de14c1a5ffb9c0,2022-06,Cambridgeshire Constabulary,Cambridgeshire Constabulary,0.325067,52.276662,On or near Ash Grove,E01018014,East Cambridgeshire 008B,Bicycle theft,Investigation complete; no suspect identified,
04f194400b761e2b9f60a19d38b9b2c13c16430a797392146438ded65a8724ff,2022-06,Cambridgeshire Constabulary,Cambridgeshire Constabulary,0.327429,52.275563,On or near The Causeway,E01018014,East Cambridgeshire 008B,Bicycle theft,Investigation complete; no suspect identified,
aada8fceffc999cb75b73643a2483949f7a9d5837b153650188178c9e4fc0247,2022-06,Cambridgeshire Constabulary,Cambridgeshire Constabulary,0.331700,52.270362,On or near Bloomsfield,E01018014,East Cambridgeshire 008B,Burglary,Investigation complete; no suspect identified,
2274ea89b5252067aa1fa2b45f877aeb5c8b1db266730748f9a08560ef6761a7,2022-06,Cambridgeshire Constabulary,Cambridgeshire Constabulary,0.330727,52.276955,On or near Felsham Chase,E01018014,East Cambridgeshire 008B,Public order,Investigation complete; no suspect identified,
92c4d38d88bf8886074010f2044b090cac76c92d0c3f01b534212cad6970980b,2022-06,Cambridgeshire Constabulary,Cambridgeshire Constabulary,0.330727,52.276955,On or near Felsham Chase,E01018014,East Cambridgeshire 008B,Public order,Investigation complete; no suspect identified,
9b5596b627c2498a0974e1ed4b7655a3c904ac326489102fe755912ac502b7c0,2022-06,Cambridgeshire Constabulary,Cambridgeshire Constabulary,0.326286,52.277546,On or near The Causeway,E01018014,East Cambridgeshire 008B,Public order,Court result unavailable,
945f1e640185cae1f4f86bd60bdae879cd85bea3cffd5d40af23a57f2114af10,2022-06,Cambridgeshire Constabulary,Cambridgeshire Constabulary,0.323809,52.280355,On or near Supermarket,E01018014,East Cambridgeshire 008B,Shoplifting,Investigation complete; no suspect identified,
891cf4cd3d63c0ffa00aa4a3053981fc67da14ef18acd89b50a63d8dc845b243,2022-06,Cambridgeshire Constabulary,Cambridgeshire Constabulary,0.323809,52.280355,On or near Supermarket,E01018014,East Cambridgeshire 008B,Shoplifting,Court result unavailable,
b22747cd44531fb279d22bb02efe00a44168a42e3c63d80b6bbb43465ff6d345,2022-06,Cambridgeshire Constabulary,Cambridgeshire Constabulary,0.336951,52.270717,On or near Cornfields,E01018014,East Cambridgeshire 008B,Violence and sexual offences,Further action is not in the public interest,
57ba15f204ba08df65b3f5a4034937753f66e448d903ee0f613ee0a8ab9f506d,2022-06,Cambridgeshire Constabulary,Cambridgeshire Constabulary,0.323327,52.279538,On or near Pantile Lane,E01018014,East Cambridgeshire 008B,Violence and sexual offences,Unable to prosecute suspect,
,2022-06,Cambridgeshire Constabulary,Cambridgeshire Constabulary,0.323977,52.284677,On or near Anchor Lane,E01018015,East Cambridgeshire 008C,Anti-social behaviour,,
,2022-06,Cambridgeshire Constabulary,Cambridgeshire Constabulary,0.323977,52.284677,On or near Anchor Lane,E01018015,East Cambridgeshire 008C,Anti-social behaviour,,
a4ab857c22a4a397d4ff39d74d9025fb733d0291f3d0dcebb338a2c50127b9ec,2022-06,Cambridgeshire Constabulary,Cambridgeshire Constabulary,0.323361,52.281875,On or near Hatley Drive,E01018015,East Cambridgeshire 008C,Public order,Court result unavailable,
1dd2c247c608e7487c14cd13cf949e7486059f3a2f6edbb5ad423f506b09fcb4,2022-06,Cambridgeshire Constabulary,Cambridgeshire Constabulary,0.328466,52.286675,On or near Chestnut Rise,E01018015,East Cambridgeshire 008C,Public order,Unable to prosecute suspect,
7369b7ec20eb98d98fecf3cb26a26a2ff8543858bf2b07be83e489f33311b77b,2022-06,Cambridgeshire Constabulary,Cambridgeshire Constabulary,0.326561,52.287828,On or near Dyson'S Drove,E01018015,East Cambridgeshire 008C,Public order,Further action is not in the public interest,
bc335832f2a6c5a799e65168bdd4cbc957fc7117ea7fce7f4fed1dba24336437,2022-06,Cambridgeshire Constabulary,Cambridgeshire Constabulary,0.326126,52.282873,On or near Silver Street,E01018015,East Cambridgeshire 008C,Public order,Unable to prosecute suspect,
5543aeed324d9d7e74be619e6500e1dd9a995d1e20ad43d6b3b1b67adcefdfce,2022-06,Cambridgeshire Constabulary,Cambridgeshire Constabulary,0.323607,52.282365,On or near Kingfisher Drive,E01018015,East Cambridgeshire 008C,Violence and sexual offences,Unable to prosecute suspect,
d0971944ef4e40f1b06cb2b7a9611b729f63abd5caa86dd8e99da761c9babea7,2022-06,Cambridgeshire Constabulary,Cambridgeshire Constabulary,0.328466,52.286675,On or near Chestnut Rise,E01018015,East Cambridgeshire 008C,Violence and sexual offences,Unable to prosecute suspect,
e840d5dc3263abbb7f96e434c71840b06c77f6b5e89346d2ee0866b5c9a94829,2022-06,Cambridgeshire Constabulary,Cambridgeshire Constabulary,0.323361,52.281875,On or near Hatley Drive,E01018015,East Cambridgeshire 008C,Other crime,Court result unavailable,
,2022-06,Cambridgeshire Constabulary,Cambridgeshire Constabulary,0.329083,52.281115,On or near Martin Road,E01018016,East Cambridgeshire 008D,Anti-social behaviour,,
b56236416125a8b0fee64146459c0f187db9e3b45e64cfc99e25e626d3e61849,2022-06,Cambridgeshire Constabulary,Cambridgeshire Constabulary,0.327112,52.282107,On or near Orchard Way,E01018016,East Cambridgeshire 008D,Criminal damage and arson,Local resolution,
97c57a6b7f7c7f0da7fcc9a0edbd32549c0f9f42dd722b90eb1159b68298aeeb,2022-06,Cambridgeshire Constabulary,Cambridgeshire Constabulary,0.332330,52.279288,On or near Baker Drive,E01018016,East Cambridgeshire 008D,Public order,Investigation complete; no suspect identified,
0eeafa8c72c2cfc2ff9ea9c8cba90de88c233c0420448eba7d211f2842fe2376,2022-06,Cambridgeshire Constabulary,Cambridgeshire Constabulary,0.330962,52.281995,On or near Hawthorn Way,E01018016,East Cambridgeshire 008D,Violence and sexual offences,Unable to prosecute suspect,
69aa2b5a2a7a5327c94dc95ccd2cd927b126c5d0af018bb1cb1e85be53950467,2022-06,Cambridgeshire Constabulary,Cambridgeshire Constabulary,0.330962,52.281995,On or near Hawthorn Way,E01018016,East Cambridgeshire 008D,Violence and sexual offences,Unable to prosecute suspect,
57d12b2bdbc4eae0264e7409e3a1dfe9f90e85310b1cb6033aa8d003bfbde463,2022-06,Cambridgeshire Constabulary,Cambridgeshire Constabulary,0.327112,52.282107,On or near Orchard Way,E01018016,East Cambridgeshire 008D,Violence and sexual offences,Unable to prosecute suspect,
fdee78104a26ee7f76cac36c52346d4c4bd7846e1fa92234eddf5eff22464422,2022-06,Cambridgeshire Constabulary,Cambridgeshire Constabulary,0.330962,52.281995,On or near Hawthorn Way,E01018016,East Cambridgeshire 008D,Violence and sexual offences,Unable to prosecute suspect,
0b52c587e52af2e26ae4b520f2ec6e9634a37b262215e185656e14867cd59cd1,2022-06,Cambridgeshire Constabulary,Cambridgeshire Constabulary,0.219223,52.264878,On or near Park/Open Space,E01018011,East Cambridgeshire 009A,Public order,Investigation complete; no suspect identified,
d7e7d15ce67aa929670dc0b3617e56d4643e9ce24fc9ad71c2d3b190ca15218a,2022-06,Cambridgeshire Constabulary,Cambridgeshire Constabulary,0.241630,52.241301,On or near Mill Road,E01018011,East Cambridgeshire 009A,Violence and sexual offences,Investigation complete; no suspect identified,
f41bf491399aca1618c9fb0bfa0a667abea487ad5e76bcaed12ed56e4ffb0bb7,2022-06,Cambridgeshire Constabulary,Cambridgeshire Constabulary,0.257327,52.245524,On or near Cranney Droveway,E01018011,East Cambridgeshire 009A,Violence and sexual offences,Unable to prosecute suspect,
,2022-06,Cambridgeshire Constabulary,Cambridgeshire Constabulary,0.256193,52.226069,On or near Jenyns Close,E01018012,East Cambridgeshire 009B,Anti-social behaviour,,
4f1ba150c74d956a6fec09a7c8e5384c7c5c436969e7827bf3afc017708893d3,2022-06,Cambridgeshire Constabulary,Cambridgeshire Constabulary,0.256674,52.223434,On or near Bradford'S Close,E01018012,East Cambridgeshire 009B,Criminal damage and arson,Investigation complete; no suspect identified,
65469a2ab9ed8ae4cbfe1aca0c7d8e246a9694ed1093d3b94b33af55e7d8ec4f,2022-06,Cambridgeshire Constabulary,Cambridgeshire Constabulary,0.256674,52.223434,On or near Bradford'S Close,E01018012,East Cambridgeshire 009B,Criminal damage and arson,Unable to prosecute suspect,
1bf31db9ba3d8a951163c3e3c5382195fd4ef60a633a39b305d06994d8679c54,2022-06,Cambridgeshire Constabulary,Cambridgeshire Constabulary,0.254343,52.220188,On or near St Peters Field,E01018012,East Cambridgeshire 009B,Violence and sexual offences,Unable to prosecute suspect,
19813af64a5b9bef812e0425d0d6b828aea158a7e11ec29091319ddf7e8c8e48,2022-06,Cambridgeshire Constabulary,Cambridgeshire Constabulary,0.261978,52.224942,On or near Ancient Meadows,E01018012,East Cambridgeshire 009B,Violence and sexual offences,Unable to prosecute suspect,
0c23618c5a53f448a4ed2420a1a1c29479f6942ae02ab1668f923e276d2e25b7,2022-06,Cambridgeshire Constabulary,Cambridgeshire Constabulary,0.261978,52.224942,On or near Ancient Meadows,E01018012,East Cambridgeshire 009B,Violence and sexual offences,Investigation complete; no suspect identified,
3c8e82ebaa47e1cf3f71bec117a5ccbcc40917c9571931f1d165e1a967f6147a,2022-06,Cambridgeshire Constabulary,Cambridgeshire Constabulary,0.261247,52.222663,On or near Trinity Close,E01018012,East Cambridgeshire 009B,Violence and sexual offences,Offender given a caution,
8aeb00a41c340628e5e64ca916241742d9cba76c65bd1565b4337ffa5546de6e,2022-06,Cambridgeshire Constabulary,Cambridgeshire Constabulary,0.256193,52.226069,On or near Jenyns Close,E01018012,East Cambridgeshire 009B,Violence and sexual offences,Unable to prosecute suspect,
5bcc03c9cfd864ff2f7b916e3b45c47ec9e49ea349dc08e5340cf2acbf483b74,2022-06,Cambridgeshire Constabulary,Cambridgeshire Constabulary,0.254343,52.220188,On or near St Peters Field,E01018012,East Cambridgeshire 009B,Violence and sexual offences,Unable to prosecute suspect,
d6f4b57d38cd7f5203831330bbd12729b6034bf9e9d333faa6600a8937f9fe97,2022-06,Cambridgeshire Constabulary,Cambridgeshire Constabulary,0.254343,52.220188,On or near St Peters Field,E01018012,East Cambridgeshire 009B,Violence and sexual offences,Unable to prosecute suspect,
,2022-06,Cambridgeshire Constabulary,Cambridgeshire Constabulary,0.302362,52.254654,On or near Fairview Grove,E01018057,East Cambridgeshire 009C,Anti-social behaviour,,
,2022-06,Cambridgeshire Constabulary,Cambridgeshire Constabulary,0.322052,52.218119,On or near Parking Area,E01018057,East Cambridgeshire 009C,Anti-social behaviour,,
,2022-06,Cambridgeshire Constabulary,Cambridgeshire Constabulary,0.302362,52.254654,On or near Fairview Grove,E01018057,East Cambridgeshire 009C,Anti-social behaviour,,
,2022-06,Cambridgeshire Constabulary,Cambridgeshire Constabulary,0.302362,52.254654,On or near Fairview Grove,E01018057,East Cambridgeshire 009C,Anti-social behaviour,,
,2022-06,Cambridgeshire Constabulary,Cambridgeshire Constabulary,0.322052,52.218119,On or near Parking Area,E01018057,East Cambridgeshire 009C,Anti-social behaviour,,
a5459c26cf5ba5a1ce4f99f3ee44efe1ced11a2ba74b109025232e94e775e71b,2022-06,Cambridgeshire Constabulary,Cambridgeshire Constabulary,0.294030,52.250778,On or near Vicarage Lane,E01018057,East Cambridgeshire 009C,Burglary,Investigation complete; no suspect identified,
d602d93c688a696c77df67ae2da6d8dc55c5dd8a4591d8201290403e61e7b90d,2022-06,Cambridgeshire Constabulary,Cambridgeshire Constabulary,0.294030,52.250778,On or near Vicarage Lane,E01018057,East Cambridgeshire 009C,Burglary,Investigation complete; no suspect identified,
35a6902754db8ed1adb11b91223ee197212186a8246f495d000cdb0cc3cc1bb2,2022-06,Cambridgeshire Constabulary,Cambridgeshire Constabulary,0.275996,52.238772,On or near Downing Court,E01018057,East Cambridgeshire 009C,Criminal damage and arson,Investigation complete; no suspect identified,
a1ebb65c2fe7e614cddefe16f59f0b24677968f48ade87e18bcd3add0305946b,2022-06,Cambridgeshire Constabulary,Cambridgeshire Constabulary,0.304412,52.257158,On or near Rogers Road,E01018057,East Cambridgeshire 009C,Criminal damage and arson,Offender given a caution,
ea818e58d117158955c329c5411c4af88372d41780dfa9d09495dbf7097c7621,2022-06,Cambridgeshire Constabulary,Cambridgeshire Constabulary,0.302362,52.254654,On or near Fairview Grove,E01018057,East Cambridgeshire 009C,Public order,Further action is not in the public interest,
396603b238f890629ccff7657648d6300cb783c830eeeb19e9ca08a970287a3d,2022-06,Cambridgeshire Constabulary,Cambridgeshire Constabulary,0.302362,52.254654,On or near Fairview Grove,E01018057,East Cambridgeshire 009C,Public order,Further action is not in the public interest,
7d4599eace20d47a7e020a2d92a754f0fcebcfac6613040bf60b40b3a03ee898,2022-06,Cambridgeshire Constabulary,Cambridgeshire Constabulary,0.304412,52.257158,On or near Rogers Road,E01018057,East Cambridgeshire 009C,Public order,Offender given a caution,
5dc3e453836a4eaa90ff96718fe1640589f734999a2d1b69b0cf5427bba14758,2022-06,Cambridgeshire Constabulary,Cambridgeshire Constabulary,0.307851,52.211906,On or near Parking Area,E01018057,East Cambridgeshire 009C,Vehicle crime,Investigation complete; no suspect identified,
dd8afcd69e5261aeca269ff2c32c7c30098594953b566d4a80513018b2e38fd8,2022-06,Cambridgeshire Constabulary,Cambridgeshire Constabulary,0.275989,52.237774,On or near Vicarage Close,E01018057,East Cambridgeshire 009C,Violence and sexual offences,Local resolution,
4f894693a1aaa2079c6117509c1786b7232f4fd07003a9c4ad1afd2918a43e24,2022-06,Cambridgeshire Constabulary,Cambridgeshire Constabulary,0.328161,52.231910,On or near Parking Area,E01018057,East Cambridgeshire 009C,Violence and sexual offences,Unable to prosecute suspect,
0754fcaa45ec4fa10c849e22044f403d8fe678b1f0b66c9e482c1d5eda835ec6,2022-06,Cambridgeshire Constabulary,Cambridgeshire Constabulary,0.304412,52.257158,On or near Rogers Road,E01018057,East Cambridgeshire 009C,Violence and sexual offences,Unable to prosecute suspect,
cbb018bc7acc8586cc950ffa3b652c3448f2b6b99531261431e134973267917c,2022-06,Cambridgeshire Constabulary,Cambridgeshire Constabulary,0.295247,52.252211,On or near High Street,E01018057,East Cambridgeshire 009C,Violence and sexual offences,Unable to prosecute suspect,
8220f41051c6bc8d79300666f76ee2bac8c0c0df886c743b507f9597cf9c98a2,2022-06,Cambridgeshire Constabulary,Cambridgeshire Constabulary,0.275989,52.237774,On or near Vicarage Close,E01018057,East Cambridgeshire 009C,Violence and sexual offences,Local resolution,
574e4a72967c61d24417e2a6ad9043ac0260fe854103f6875a2c3287e06f7c55,2022-06,Cambridgeshire Constabulary,Cambridgeshire Constabulary,0.302362,52.254654,On or near Fairview Grove,E01018057,East Cambridgeshire 009C,Violence and sexual offences,Further action is not in the public interest,
86680998c3a8be0b2c1b5c558262097941c0dfc37f7c57cc6777c9aa39578d18,2022-06,Cambridgeshire Constabulary,Cambridgeshire Constabulary,0.304412,52.257158,On or near Rogers Road,E01018057,East Cambridgeshire 009C,Violence and sexual offences,Offender given a caution,
05a6af71446258dc161e6a704d4fe8e65170bd7ebee14ebb33e66bd3dffb64e9,2022-06,Cambridgeshire Constabulary,Cambridgeshire Constabulary,0.302362,52.254654,On or near Fairview Grove,E01018057,East Cambridgeshire 009C,Violence and sexual offences,Action to be taken by another organisation,
,2022-06,Cambridgeshire Constabulary,Cambridgeshire Constabulary,0.462779,52.214726,On or near Icknield Close,E01018017,East Cambridgeshire 011A,Anti-social behaviour,,
72444ba1eed720174608ef5ac79aeb6ffc765bff926bc4363d85cede9a4f46f6,2022-06,Cambridgeshire Constabulary,Cambridgeshire Constabulary,0.465144,52.180766,On or near Sports/Recreation Area,E01018017,East Cambridgeshire 011A,Public order,Unable to prosecute suspect,
c9c137af895bfe3259e7d1b349f3abbc02ce3313c114b054d7257c980988bfaa,2022-06,Cambridgeshire Constabulary,Cambridgeshire Constabulary,0.462164,52.215251,On or near Spurling Close,E01018017,East Cambridgeshire 011A,Violence and sexual offences,Unable to prosecute suspect,
,2022-06,Cambridgeshire Constabulary,Cambridgeshire Constabulary,0.398884,52.200720,On or near The Alley,E01018023,East Cambridgeshire 011C,Anti-social behaviour,,
,2022-06,Cambridgeshire Constabulary,Cambridgeshire Constabulary,0.394299,52.196281,On or near Kettlefields,E01018023,East Cambridgeshire 011C,Anti-social behaviour,,
,2022-06,Cambridgeshire Constabulary,Cambridgeshire Constabulary,0.435724,52.200531,On or near Little Ditton,E01018023,East Cambridgeshire 011C,Anti-social behaviour,,
212d308e87f88387433f961d98ec808d31aefc3a2e2d2b61b8c1b6ddeeefb3ce,2022-06,Cambridgeshire Constabulary,Cambridgeshire Constabulary,0.388420,52.193900,On or near Sports/Recreation Area,E01018023,East Cambridgeshire 011C,Burglary,Investigation complete; no suspect identified,
465dad943bc52fe24d1b9905d5c67cef1c6a195b795cd3bcf39b2862e081cc8f,2022-06,Cambridgeshire Constabulary,Cambridgeshire Constabulary,0.435724,52.200531,On or near Little Ditton,E01018023,East Cambridgeshire 011C,Criminal damage and arson,Investigation complete; no suspect identified,
0f45fa1cc7329e3ac36c7c7f5ada92b932563c372474c08de56d0254ff12ab38,2022-06,Cambridgeshire Constabulary,Cambridgeshire Constabulary,0.445701,52.205774,On or near School Road,E01018023,East Cambridgeshire 011C,Vehicle crime,Investigation complete; no suspect identified,
4aa61b5935fe09687a9332f1659b0c32df34fdd5ccbb965bc5f46852c23f9e92,2022-06,Cambridgeshire Constabulary,Cambridgeshire Constabulary,0.359923,52.231306,On or near Race Track,E01018023,East Cambridgeshire 011C,Violence and sexual offences,Investigation complete; no suspect identified,
0940b4bed0e3f3b3400f2a0a8dc9e1a902aa66f2614040b7b384ba140776ab2e,2022-06,Cambridgeshire Constabulary,Cambridgeshire Constabulary,0.398884,52.200720,On or near The Alley,E01018023,East Cambridgeshire 011C,Violence and sexual offences,Unable to prosecute suspect,
f1973f34aa6bc58bec055384dbab87db23e75412d41edc8669f6f32ce17dc6f6,2022-06,Cambridgeshire Constabulary,Cambridgeshire Constabulary,0.398884,52.200720,On or near The Alley,E01018023,East Cambridgeshire 011C,Violence and sexual offences,Unable to prosecute suspect,
4bb7e6d16f195c047d9a7e93898cc471a196923a5be41360f77e571d32ab9ea1,2022-06,Cambridgeshire Constabulary,Cambridgeshire Constabulary,0.425486,52.237440,On or near The Dip,E01032611,East Cambridgeshire 011D,Vehicle crime,Investigation complete; no suspect identified,
6fe6178ac5abba923c262ff587166ba6ab5afa30a845e110730e08ae1cde87c1,2022-06,Cambridgeshire Constabulary,Cambridgeshire Constabulary,0.432806,52.236309,On or near Isinglass Close,E01032611,East Cambridgeshire 011D,Violence and sexual offences,Unable to prosecute suspect,
01427a24c84f8552fe7520811ddb019214341e98989e6468dae037316bbe47f2,2022-06,Cambridgeshire Constabulary,Cambridgeshire Constabulary,-0.021271,51.674269,On or near Electric Avenue,E01001445,Enfield 003B,Violence and sexual offences,Status update unavailable,
ec7c7d84fa975a2b5531ef0c6dccf7d4d744640833226e1ba433d5961832a55c,2022-06,Cambridgeshire Constabulary,Cambridgeshire Constabulary,-1.339291,52.896145,On or near Cowslip Meadow,E01019655,Erewash 013D,Violence and sexual offences,Status update unavailable,
fbc62bb00e5e6d910c8eaf352f4266233cad20e44ec066d7b41576609763d2cf,2022-06,Cambridgeshire Constabulary,Cambridgeshire Constabulary,-3.552187,50.732357,On or near Howard Close,E01019982,Exeter 005B,Violence and sexual offences,Status update unavailable,
,2022-06,Cambridgeshire Constabulary,Cambridgeshire Constabulary,0.137551,52.681131,On or near Troughton Way,E01018094,Fenland 001A,Anti-social behaviour,,
369dc01b9b4327b91cbc7392eab1e24911e0d946da23e1a922c23487f673b9cc,2022-06,Cambridgeshire Constabulary,Cambridgeshire Constabulary,0.132607,52.676527,On or near Crown Close,E01018094,Fenland 001A,Criminal damage and arson,Investigation complete; no suspect identified,
bf1cfb521ca3b8de7bcd1ce3e318a412e39de39713b8337442e79b80c242b551,2022-06,Cambridgeshire Constabulary,Cambridgeshire Constabulary,0.128365,52.686017,On or near Leafere Way,E01018094,Fenland 001A,Criminal damage and arson,Unable to prosecute suspect,
baf9caf72fcaae392d50acb3bc15cb07c1b2c63b05b8897ee21acbdb8b62bc23,2022-06,Cambridgeshire Constabulary,Cambridgeshire Constabulary,0.129808,52.684957,On or near Stables Court,E01018094,Fenland 001A,Other theft,Investigation complete; no suspect identified,
a68fb34e0a63b8daab8aa8783542de6aaed9f8deb1bc93bbc1aee34636315a71,2022-06,Cambridgeshire Constabulary,Cambridgeshire Constabulary,0.129808,52.684957,On or near Stables Court,E01018094,Fenland 001A,Other theft,Investigation complete; no suspect identified,
b3359a3833787e695c43928b7441dbff63561b07988ad6f2f3120564658bc3f1,2022-06,Cambridgeshire Constabulary,Cambridgeshire Constabulary,0.132607,52.676527,On or near Crown Close,E01018094,Fenland 001A,Public order,Further action is not in the public interest,
865e5ccdca8c26291864f8b6a149996fb565c91318c322ce563ba876c5ad910f,2022-06,Cambridgeshire Constabulary,Cambridgeshire Constabulary,0.137235,52.681919,On or near Church End,E01018094,Fenland 001A,Public order,Unable to prosecute suspect,
486cc24184de409d411be8a51b1eade11b0544097d5959c2ec7c4762e67907c4,2022-06,Cambridgeshire Constabulary,Cambridgeshire Constabulary,0.137551,52.681131,On or near Troughton Way,E01018094,Fenland 001A,Public order,Unable to prosecute suspect,
4a7160446b29eb78f092e173a3a69007b81431e4f88e308daacf668d6159369e,2022-06,Cambridgeshire Constabulary,Cambridgeshire Constabulary,0.135268,52.677090,On or near Milton Drive,E01018094,Fenland 001A,Violence and sexual offences,Unable to prosecute suspect,
6157dbaaba69684fbeeef3d5bb883d357d3bd29d373920670d978c9994a1b8ac,2022-06,Cambridgeshire Constabulary,Cambridgeshire Constabulary,0.130661,52.685463,On or near Woodgate Road,E01018094,Fenland 001A,Violence and sexual offences,Unable to prosecute suspect,
ba3283d647870fe3dcfe5ff2ad1df672580f9885a9a50be75b127fcf34644ddd,2022-06,Cambridgeshire Constabulary,Cambridgeshire Constabulary,0.135378,52.678743,On or near Sports/Recreation Area,E01018094,Fenland 001A,Violence and sexual offences,Unable to prosecute suspect,
c656383e2c4aa8165d112f15d1cc1f584e234db320cd13de8d962e48e53e3feb,2022-06,Cambridgeshire Constabulary,Cambridgeshire Constabulary,0.128365,52.686017,On or near Leafere Way,E01018094,Fenland 001A,Violence and sexual offences,Unable to prosecute suspect,
1614fb183eb20511494ac143338111fdff9cc2646e69e4ff1cd6250e70263732,2022-06,Cambridgeshire Constabulary,Cambridgeshire Constabulary,0.137235,52.681919,On or near Church End,E01018094,Fenland 001A,Violence and sexual offences,Unable to prosecute suspect,
87967a2408401bf4699531dc7d71d76f3f96aef09e9054bd6c40a270d8fe040c,2022-06,Cambridgeshire Constabulary,Cambridgeshire Constabulary,0.136637,52.678163,On or near Church Road,E01018094,Fenland 001A,Violence and sexual offences,Investigation complete; no suspect identified,
116a2e3d130d7e2fa612a587c22d5ee62c4a66a5354b6a8ac1e2421ecd1b52fa,2022-06,Cambridgeshire Constabulary,Cambridgeshire Constabulary,0.135268,52.677090,On or near Milton Drive,E01018094,Fenland 001A,Violence and sexual offences,Unable to prosecute suspect,
e8b7f97972d36769b65c33b7a86bb95e1b9001b99707e9c85e3901bcf8010f9b,2022-06,Cambridgeshire Constabulary,Cambridgeshire Constabulary,0.137235,52.681919,On or near Church End,E01018094,Fenland 001A,Violence and sexual offences,Unable to prosecute suspect,
78ebfbd45d4a598903367219a99d59998a12e5960186eeef9a397cf0fe73f7df,2022-06,Cambridgeshire Constabulary,Cambridgeshire Constabulary,0.132607,52.676527,On or near Crown Close,E01018094,Fenland 001A,Violence and sexual offences,Unable to prosecute suspect,
,2022-06,Cambridgeshire Constabulary,Cambridgeshire Constabulary,0.050166,52.685022,On or near Elloe Bank,E01018095,Fenland 001B,Anti-social behaviour,,
,2022-06,Cambridgeshire Constabulary,Cambridgeshire Constabulary,0.095868,52.688071,On or near Glebe Close,E01018095,Fenland 001B,Anti-social behaviour,,
ad42502d4dc60c12af7f8ca1bb71a8a5d9d8c75e4040aec4120751bf3a4daa9b,2022-06,Cambridgeshire Constabulary,Cambridgeshire Constabulary,0.102635,52.686944,On or near Churchill Road,E01018095,Fenland 001B,Criminal damage and arson,Investigation complete; no suspect identified,
4ea9d9162f493fcca40d9e9138e552da779a2e35872164a27eb7a3268f4f65cd,2022-06,Cambridgeshire Constabulary,Cambridgeshire Constabulary,0.102635,52.686944,On or near Churchill Road,E01018095,Fenland 001B,Other theft,Investigation complete; no suspect identified,
50b8ddba34a272d424b6ed21d4ec2d8fd0ad5fdb78df4942faaeed3405da7910,2022-06,Cambridgeshire Constabulary,Cambridgeshire Constabulary,0.102807,52.666818,On or near Panswell Lane,E01018095,Fenland 001B,Public order,Investigation complete; no suspect identified,
27eda80d1345cf5e102e5ddfd159a634d6fb6b3e260198c9c7078f50f9a5b7e3,2022-06,Cambridgeshire Constabulary,Cambridgeshire Constabulary,0.102635,52.686944,On or near Churchill Road,E01018095,Fenland 001B,Violence and sexual offences,Unable to prosecute suspect,
e6b0b803497ff885f723f8ddc3aa2d7c394a5dc4e5483a4d496968a20d9aeeb2,2022-06,Cambridgeshire Constabulary,Cambridgeshire Constabulary,0.102635,52.686944,On or near Churchill Road,E01018095,Fenland 001B,Violence and sexual offences,Unable to prosecute suspect,
,2022-06,Cambridgeshire Constabulary,Cambridgeshire Constabulary,0.151351,52.677150,On or near Horseshoe Terrace,E01018096,Fenland 001C,Anti-social behaviour,,
,2022-06,Cambridgeshire Constabulary,Cambridgeshire Constabulary,0.151351,52.677150,On or near Horseshoe Terrace,E01018096,Fenland 001C,Anti-social behaviour,,
,2022-06,Cambridgeshire Constabulary,Cambridgeshire Constabulary,0.151351,52.677150,On or near Horseshoe Terrace,E01018096,Fenland 001C,Anti-social behaviour,,
17201153ef83f34518db6636bd43a5f9ba67fa5b517979f3ebffaf2d115ab565,2022-06,Cambridgeshire Constabulary,Cambridgeshire Constabulary,0.141195,52.674861,On or near Dowgate Road,E01018096,Fenland 001C,Public order,Unable to prosecute suspect,
2ddc03193e9bc7a4d38ba383c10abc4d33f9c679d566952b3fc091d4a3db19b4,2022-06,Cambridgeshire Constabulary,Cambridgeshire Constabulary,0.148683,52.672820,On or near Leverington Road,E01018096,Fenland 001C,Violence and sexual offences,Unable to prosecute suspect,
0df7af88de8120cd61f75490c025943e772f2e2956e8f92b00cc6f841f6e7b3c,2022-06,Cambridgeshire Constabulary,Cambridgeshire Constabulary,0.127260,52.711374,On or near Colvile Road,E01018097,Fenland 001D,Burglary,Investigation complete; no suspect identified,
0b25e1924e7a841bd3376ae27010f35fbd9378f0e422ac3b96c526120f55b7fe,2022-06,Cambridgeshire Constabulary,Cambridgeshire Constabulary,0.146634,52.727857,On or near Parking Area,E01018097,Fenland 001D,Burglary,Investigation complete; no suspect identified,
35e298df915cf3ca6d577df82995b418c41972621dc2860f929339df00f67a4c,2022-06,Cambridgeshire Constabulary,Cambridgeshire Constabulary,0.104103,52.724240,On or near Field Avenue,E01018097,Fenland 001D,Criminal damage and arson,Unable to prosecute suspect,
bd42ee745a2e64b2c4fdfcbee280f4ecf22f34aa5a153a0a8c5ac90d05e537c0,2022-06,Cambridgeshire Constabulary,Cambridgeshire Constabulary,0.102997,52.726184,On or near High Broadgate,E01018097,Fenland 001D,Criminal damage and arson,Status update unavailable,
181059161abfbf831751de4be3a4f58fc1cf6fcfa27ecec429b66b223474b04a,2022-06,Cambridgeshire Constabulary,Cambridgeshire Constabulary,0.104103,52.724240,On or near Field Avenue,E01018097,Fenland 001D,Public order,Further action is not in the public interest,
3b74b8f3f1098be040e838dc2a214dd2f27f82bb7ca7439ec21e70c29f3b8d77,2022-06,Cambridgeshire Constabulary,Cambridgeshire Constabulary,0.113548,52.727552,On or near Fold Lane,E01018097,Fenland 001D,Violence and sexual offences,Unable to prosecute suspect,
e9a94fb72ac95ef26473b522ca70007d87dd36f3f11f4d4f723c7cfb0e309239,2022-06,Cambridgeshire Constabulary,Cambridgeshire Constabulary,0.104103,52.724240,On or near Field Avenue,E01018097,Fenland 001D,Violence and sexual offences,Status update unavailable,
6d5a8f2579c0f605889fcab644c5ef37bb8c0d815b64cfc2bf861d741dea9beb,2022-06,Cambridgeshire Constabulary,Cambridgeshire Constabulary,0.101863,52.722311,On or near Sports/Recreation Area,E01018097,Fenland 001D,Violence and sexual offences,Unable to prosecute suspect,
a9322093fe8f69044155a355689ba3455d83599c1c6c8b54bbec2576e1298586,2022-06,Cambridgeshire Constabulary,Cambridgeshire Constabulary,0.094193,52.718320,On or near Black Dike,E01018097,Fenland 001D,Violence and sexual offences,Status update unavailable,
0290043d2d44fb5a36078b5a0399d561fdb4d112da218769416dd569aaf3c636,2022-06,Cambridgeshire Constabulary,Cambridgeshire Constabulary,0.127260,52.711374,On or near Colvile Road,E01018097,Fenland 001D,Violence and sexual offences,Unable to prosecute suspect,
38cda085cfab8bc336eb59226e814858209bd15e07d4e0a3e8223d87e3dde82a,2022-06,Cambridgeshire Constabulary,Cambridgeshire Constabulary,0.127260,52.711374,On or near Colvile Road,E01018097,Fenland 001D,Violence and sexual offences,Unable to prosecute suspect,
5b1a1effae4aa1637410abf72036d03ddd713855488279f219fcb65d736b32f9,2022-06,Cambridgeshire Constabulary,Cambridgeshire Constabulary,0.104103,52.724240,On or near Field Avenue,E01018097,Fenland 001D,Violence and sexual offences,Further action is not in the public interest,
37a12909ac64260462a757fa4f2d2b41b589484c8671946ca48f7c01a79cd4cc,2022-06,Cambridgeshire Constabulary,Cambridgeshire Constabulary,0.127556,52.710775,On or near Goodens Lane,E01018097,Fenland 001D,Violence and sexual offences,Unable to prosecute suspect,
84f3357f9f4764700c0dacd31f7de005197d612e01feb41f4d40791c2f1e65f6,2022-06,Cambridgeshire Constabulary,Cambridgeshire Constabulary,0.104103,52.724240,On or near Field Avenue,E01018097,Fenland 001D,Violence and sexual offences,Unable to prosecute suspect,
a2be7119e40fdd089ecfc2e652d416775bac145d850ef063aecc79f15da5819f,2022-06,Cambridgeshire Constabulary,Cambridgeshire Constabulary,0.127260,52.711374,On or near Colvile Road,E01018097,Fenland 001D,Violence and sexual offences,Unable to prosecute suspect,
,2022-06,Cambridgeshire Constabulary,Cambridgeshire Constabulary,0.172590,52.665748,On or near Norwich Road,E01018063,Fenland 002A,Anti-social behaviour,,
,2022-06,Cambridgeshire Constabulary,Cambridgeshire Constabulary,0.165442,52.668343,On or near Sports/Recreation Area,E01018063,Fenland 002A,Anti-social behaviour,,
,2022-06,Cambridgeshire Constabulary,Cambridgeshire Constabulary,0.159571,52.667461,On or near A1101,E01018063,Fenland 002A,Anti-social behaviour,,
,2022-06,Cambridgeshire Constabulary,Cambridgeshire Constabulary,0.167259,52.670377,On or near Clarkson Court,E01018063,Fenland 002A,Anti-social behaviour,,
dfe36b88194434e5a333d368c4bb28affe0c783a36e61050f0871f497ad6fe04,2022-06,Cambridgeshire Constabulary,Cambridgeshire Constabulary,0.167266,52.671133,On or near Kenlan Road,E01018063,Fenland 002A,Burglary,Unable to prosecute suspect,
99ae39b44944f769dcebc83d9e049049e8ee3ac0ef7ff2d2b1c82c46454d9964,2022-06,Cambridgeshire Constabulary,Cambridgeshire Constabulary,0.172590,52.665748,On or near Norwich Road,E01018063,Fenland 002A,Criminal damage and arson,Investigation complete; no suspect identified,
7178a1ab153a92d917f58f3964623758f1a3949e9c7abf6a95b62b1690e23a0a,2022-06,Cambridgeshire Constabulary,Cambridgeshire Constabulary,0.161321,52.667555,On or near Petrol Station,E01018063,Fenland 002A,Criminal damage and arson,Investigation complete; no suspect identified,
5acf6a0c2cc6fd70cae57e66cb4b3ef9e2e98a4dbe1821a480a5ae80269f767f,2022-06,Cambridgeshire Constabulary,Cambridgeshire Constabulary,0.162991,52.669026,On or near Mill Close,E01018063,Fenland 002A,Criminal damage and arson,Investigation complete; no suspect identified,
f4a346683f024f0bddb5649d25b17828ea16af1870da997dd54ce1d76b018baa,2022-06,Cambridgeshire Constabulary,Cambridgeshire Constabulary,0.167259,52.670377,On or near Clarkson Court,E01018063,Fenland 002A,Drugs,Unable to prosecute suspect,
3f20697bede6991092f57e7ed2e658a6086079abaf8f91c812d331235a7a74ce,2022-06,Cambridgeshire Constabulary,Cambridgeshire Constabulary,0.162663,52.671963,On or near Sybil Road,E01018063,Fenland 002A,Other theft,Unable to prosecute suspect,
2028d25f1ae7341a51faaca14cb199f2657289bca6706790c190ff9f89ba2eda,2022-06,Cambridgeshire Constabulary,Cambridgeshire Constabulary,0.160930,52.671015,On or near Albany Road,E01018063,Fenland 002A,Other theft,Unable to prosecute suspect,
7a8b16d695b40be490ae09c04a1d8df6283a703b19e254c9e6fac9818089cac9,2022-06,Cambridgeshire Constabulary,Cambridgeshire Constabulary,0.161321,52.667555,On or near Petrol Station,E01018063,Fenland 002A,Other theft,Unable to prosecute suspect,
f756916409b6ed602741cf4ec4a3a0a509cd139b53141b56038dc0a76f9ef1ef,2022-06,Cambridgeshire Constabulary,Cambridgeshire Constabulary,0.162234,52.669561,On or near De Havilland Road,E01018063,Fenland 002A,Public order,Unable to prosecute suspect,
7eb5ee97eaf8120bd4d92040034c82f17087e185d7d909a56352c26d1d14eca2,2022-06,Cambridgeshire Constabulary,Cambridgeshire Constabulary,0.165064,52.663386,On or near King Street,E01018063,Fenland 002A,Public order,Investigation complete; no suspect identified,
0373caa967b85b97a1a512f29db95c474dbeb22bc66b3fe731ba5f8c934f99fb,2022-06,Cambridgeshire Constabulary,Cambridgeshire Constabulary,0.167259,52.670377,On or near Clarkson Court,E01018063,Fenland 002A,Public order,Unable to prosecute suspect,
67e4521a986cc707ad1e3903af3086ad27d7ca0bdfc4c99c4dd6a9ca83cdb139,2022-06,Cambridgeshire Constabulary,Cambridgeshire Constabulary,0.172590,52.665748,On or near Norwich Road,E01018063,Fenland 002A,Public order,Investigation complete; no suspect identified,
a66638d15a879aafb4051aff850a1863c869baa47d64941c66a3cd4be2aae521,2022-06,Cambridgeshire Constabulary,Cambridgeshire Constabulary,0.172590,52.665748,On or near Norwich Road,E01018063,Fenland 002A,Public order,Investigation complete; no suspect identified,
651b765a1290859fc8358387095eb4056e25e7c3a3447d0a9453b5675c6f19e0,2022-06,Cambridgeshire Constabulary,Cambridgeshire Constabulary,0.172590,52.665748,On or near Norwich Road,E01018063,Fenland 002A,Public order,Unable to prosecute suspect,
58d145c36a03cfe558110c35f33d0ca772985861cad7740419560fa83f1f2abe,2022-06,Cambridgeshire Constabulary,Cambridgeshire Constabulary,0.167047,52.664915,On or near Park Road,E01018063,Fenland 002A,Public order,Unable to prosecute suspect,
d4e2ccf53de739139f56638a1c94a42b4cd25987e8c1bfa92395bc1fd6008f87,2022-06,Cambridgeshire Constabulary,Cambridgeshire Constabulary,0.165064,52.663386,On or near King Street,E01018063,Fenland 002A,Vehicle crime,Investigation complete; no suspect identified,
36cad743da9ec31a0ba56d0b4217643486ad9c516c238f3b8fa2f02e4d5c74e6,2022-06,Cambridgeshire Constabulary,Cambridgeshire Constabulary,0.165064,52.663386,On or near King Street,E01018063,Fenland 002A,Vehicle crime,Investigation complete; no suspect identified,
8ef024cd0913542c68f6556de9772bcc3f13cbe40dae07810f06398b63b96a57,2022-06,Cambridgeshire Constabulary,Cambridgeshire Constabulary,0.166644,52.664230,On or near Balding Close,E01018063,Fenland 002A,Vehicle crime,Investigation complete; no suspect identified,
f78c7706e3e2dacf79c96dc9a15229220b9f0b9bf827972143f11c0d5740f75a,2022-06,Cambridgeshire Constabulary,Cambridgeshire Constabulary,0.163131,52.667369,On or near St Augustines Road,E01018063,Fenland 002A,Vehicle crime,Investigation complete; no suspect identified,
2cdccf6dbbe49a795758da0ad0f1d7121ca70c0065b8739ebdd33a8d573a1996,2022-06,Cambridgeshire Constabulary,Cambridgeshire Constabulary,0.165064,52.663386,On or near King Street,E01018063,Fenland 002A,Vehicle crime,Investigation complete; no suspect identified,
bfb03151772757fb18a35983c668bf43fbfa6aa1d2ed89da0133e62317d4dfca,2022-06,Cambridgeshire Constabulary,Cambridgeshire Constabulary,0.163131,52.667369,On or near St Augustines Road,E01018063,Fenland 002A,Violence and sexual offences,Unable to prosecute suspect,
3a7f3f34e726729974d162bc06934baeba2160ba2208c5f97c7bf8cc44aac16d,2022-06,Cambridgeshire Constabulary,Cambridgeshire Constabulary,0.163025,52.670005,On or near Opportune Road,E01018063,Fenland 002A,Violence and sexual offences,Unable to prosecute suspect,
baaccffa6c6eb18d0b53bab098e491c1a5bd4be144c3420179556b25ad84448d,2022-06,Cambridgeshire Constabulary,Cambridgeshire Constabulary,0.172590,52.665748,On or near Norwich Road,E01018063,Fenland 002A,Violence and sexual offences,Unable to prosecute suspect,
b6f89c7c6a8f686ad1540288078409606015b190ea89f751fb93e7c839b02cd2,2022-06,Cambridgeshire Constabulary,Cambridgeshire Constabulary,0.162551,52.672693,On or near Mount Pleasant Road,E01018063,Fenland 002A,Violence and sexual offences,Local resolution,
4a9471f9aac2e2aca03c40eeb51ed174fc0e55a6f3727686756fd8852378bdfc,2022-06,Cambridgeshire Constabulary,Cambridgeshire Constabulary,0.167266,52.671133,On or near Kenlan Road,E01018063,Fenland 002A,Violence and sexual offences,Status update unavailable,
53ed01d0f7abaf58dcf8f599c646d25d46d8e3d1227e8bd5d12658d8018c2baa,2022-06,Cambridgeshire Constabulary,Cambridgeshire Constabulary,0.162551,52.672693,On or near Mount Pleasant Road,E01018063,Fenland 002A,Violence and sexual offences,Unable to prosecute suspect,
9165efe8b38921fa8ae73150a103a013cc5ea7da4878375037336fd771a07e50,2022-06,Cambridgeshire Constabulary,Cambridgeshire Constabulary,0.165442,52.668343,On or near Sports/Recreation Area,E01018063,Fenland 002A,Violence and sexual offences,Investigation complete; no suspect identified,
c876b838784cf9bf40a18d6e10a7d28ca95f9b6abc10cedcd94ca7b00d04a962,2022-06,Cambridgeshire Constabulary,Cambridgeshire Constabulary,0.162551,52.672693,On or near Mount Pleasant Road,E01018063,Fenland 002A,Violence and sexual offences,Unable to prosecute suspect,
ead0684bbe869888508d6e945324877f8d0bfb10bb77eba962a8e26b245a19aa,2022-06,Cambridgeshire Constabulary,Cambridgeshire Constabulary,0.166015,52.665869,On or near Sports/Recreation Area,E01018063,Fenland 002A,Violence and sexual offences,Local resolution,
c23a3dc07ff755021deb98e1114e679db8ab5db73b540b7fa68ea4b036f1a5b6,2022-06,Cambridgeshire Constabulary,Cambridgeshire Constabulary,0.172590,52.665748,On or near Norwich Road,E01018063,Fenland 002A,Violence and sexual offences,Investigation complete; no suspect identified,
275bbcedbe386092f7ff7c1e4e3d4f3d45fe2b4244f4fe86c3b4fa4fa496d7d3,2022-06,Cambridgeshire Constabulary,Cambridgeshire Constabulary,0.159195,52.670336,On or near Queen Street,E01018063,Fenland 002A,Violence and sexual offences,Unable to prosecute suspect,
919e3b9e161497c499f13d06f702a2ab3f07c59ab4db6142bbac45f253269abd,2022-06,Cambridgeshire Constabulary,Cambridgeshire Constabulary,0.167266,52.671133,On or near Kenlan Road,E01018063,Fenland 002A,Violence and sexual offences,Unable to prosecute suspect,
54ab718428094262cd76c7bb77d7c972b2864080a011f4c085ab3ad0eec898fb,2022-06,Cambridgeshire Constabulary,Cambridgeshire Constabulary,0.162551,52.672693,On or near Mount Pleasant Road,E01018063,Fenland 002A,Violence and sexual offences,Unable to prosecute suspect,
82e7855bfaf43f39f543f04ee05e07cc7ceb639be520be2f9af10d49af1495e9,2022-06,Cambridgeshire Constabulary,Cambridgeshire Constabulary,0.162551,52.672693,On or near Mount Pleasant Road,E01018063,Fenland 002A,Violence and sexual offences,Unable to prosecute suspect,
f88262326124c15022e95ea075f29bd1744ca3b91b2780f3df62378f097daf89,2022-06,Cambridgeshire Constabulary,Cambridgeshire Constabulary,0.165064,52.663386,On or near King Street,E01018063,Fenland 002A,Violence and sexual offences,Investigation complete; no suspect identified,
1c83c65f1b4fe9df3a1632bef09dde54559e2a787f43e030fae912d066de8509,2022-06,Cambridgeshire Constabulary,Cambridgeshire Constabulary,0.165442,52.668343,On or near Sports/Recreation Area,E01018063,Fenland 002A,Violence and sexual offences,Unable to prosecute suspect,
,2022-06,Cambridgeshire Constabulary,Cambridgeshire Constabulary,0.172524,52.672169,On or near Fen Close,E01018073,Fenland 002B,Anti-social behaviour,,
,2022-06,Cambridgeshire Constabulary,Cambridgeshire Constabulary,0.177492,52.673616,On or near Jeffery Avenue,E01018073,Fenland 002B,Anti-social behaviour,,
,2022-06,Cambridgeshire Constabulary,Cambridgeshire Constabulary,0.178300,52.670238,On or near Sefton Avenue,E01018073,Fenland 002B,Anti-social behaviour,,
,2022-06,Cambridgeshire Constabulary,Cambridgeshire Constabulary,0.177492,52.673616,On or near Jeffery Avenue,E01018073,Fenland 002B,Anti-social behaviour,,
,2022-06,Cambridgeshire Constabulary,Cambridgeshire Constabulary,0.175170,52.667967,On or near Baxter Close,E01018073,Fenland 002B,Anti-social behaviour,,
,2022-06,Cambridgeshire Constabulary,Cambridgeshire Constabulary,0.180064,52.672390,On or near Steeple View,E01018073,Fenland 002B,Anti-social behaviour,,
,2022-06,Cambridgeshire Constabulary,Cambridgeshire Constabulary,0.177492,52.673616,On or near Jeffery Avenue,E01018073,Fenland 002B,Anti-social behaviour,,
,2022-06,Cambridgeshire Constabulary,Cambridgeshire Constabulary,0.170273,52.670017,On or near York Gardens,E01018073,Fenland 002B,Anti-social behaviour,,
,2022-06,Cambridgeshire Constabulary,Cambridgeshire Constabulary,0.170273,52.670017,On or near York Gardens,E01018073,Fenland 002B,Anti-social behaviour,,
0411cc58f4daf7ffe14028c91f860b080fccf04491ebebbf5354c569acccaf4a,2022-06,Cambridgeshire Constabulary,Cambridgeshire Constabulary,0.169028,52.669671,On or near York Road,E01018073,Fenland 002B,Bicycle theft,Investigation complete; no suspect identified,
801073c989aa74d0e308a4da5dc18779d22978154becd524001f2f6245a20008,2022-06,Cambridgeshire Constabulary,Cambridgeshire Constabulary,0.177609,52.672094,On or near Lerowe Road,E01018073,Fenland 002B,Criminal damage and arson,Investigation complete; no suspect identified,
333a231e5e721d942bdb9424567b322923eb306564f0ef8355a970c59101099b,2022-06,Cambridgeshire Constabulary,Cambridgeshire Constabulary,0.175852,52.673951,On or near Petts Close,E01018073,Fenland 002B,Criminal damage and arson,Unable to prosecute suspect,
74715f4b2d6b06ba7ec0f3e5ebdb9cb117d8c9f79e202acd5f97c0557d2a7d86,2022-06,Cambridgeshire Constabulary,Cambridgeshire Constabulary,0.177492,52.673616,On or near Jeffery Avenue,E01018073,Fenland 002B,Criminal damage and arson,Local resolution,
109917308d4923848dd980c8fe8ec189f7737d25b0eede522816b8de4a53aca3,2022-06,Cambridgeshire Constabulary,Cambridgeshire Constabulary,0.172524,52.672169,On or near Fen Close,E01018073,Fenland 002B,Other theft,Investigation complete; no suspect identified,
3773c162da0990b1790fd3f61659f1b405e0a3b4de0cfdd97f8171a8dc76abac,2022-06,Cambridgeshire Constabulary,Cambridgeshire Constabulary,0.178420,52.675316,On or near Old Lynn Road,E01018073,Fenland 002B,Other theft,Investigation complete; no suspect identified,
cc3fd8b19971e96f6c0a7dc4773cf5118e7f73e971d6b3f36538c9ac8c6e74f4,2022-06,Cambridgeshire Constabulary,Cambridgeshire Constabulary,0.170160,52.670432,On or near Clarence Road,E01018073,Fenland 002B,Public order,Investigation complete; no suspect identified,
04c94998a3b172b72252338a63ca6407d1d9a3e7e3da3ce9bd3fec316548f6bf,2022-06,Cambridgeshire Constabulary,Cambridgeshire Constabulary,0.180064,52.672390,On or near Steeple View,E01018073,Fenland 002B,Public order,Unable to prosecute suspect,
bcf3f199329fcb2cf6df4c4aa8d2624897d80d8341fd81eb352076b767a97be3,2022-06,Cambridgeshire Constabulary,Cambridgeshire Constabulary,0.175170,52.667967,On or near Baxter Close,E01018073,Fenland 002B,Public order,Unable to prosecute suspect,
51b8961b6667af38d7c3ed473080fd30aee237e7ef6d31d539777bddf3c785a4,2022-06,Cambridgeshire Constabulary,Cambridgeshire Constabulary,0.180064,52.672390,On or near Steeple View,E01018073,Fenland 002B,Public order,Unable to prosecute suspect,
a7a87a2ee80545e6076d4271766f6d15285c0bb655eeeca606647e0bcfad50b3,2022-06,Cambridgeshire Constabulary,Cambridgeshire Constabulary,0.177609,52.672094,On or near Lerowe Road,E01018073,Fenland 002B,Vehicle crime,Investigation complete; no suspect identified,
600c29fe8cd91db833a8f4a585d9c94bbe7e412a7fbf2efc129a45f633ff819f,2022-06,Cambridgeshire Constabulary,Cambridgeshire Constabulary,0.180064,52.672390,On or near Steeple View,E01018073,Fenland 002B,Vehicle crime,Investigation complete; no suspect identified,
c5a2db9d893202fe293579fa754d781cc11a80742d72655d595f707ffff878eb,2022-06,Cambridgeshire Constabulary,Cambridgeshire Constabulary,0.177492,52.673616,On or near Jeffery Avenue,E01018073,Fenland 002B,Violence and sexual offences,Unable to prosecute suspect,
cd1045549907b3ca264780097d605d3d7548b4e621a85487f0dbbc23876d1433,2022-06,Cambridgeshire Constabulary,Cambridgeshire Constabulary,0.170160,52.670432,On or near Clarence Road,E01018073,Fenland 002B,Violence and sexual offences,Investigation complete; no suspect identified,
d50e3c51e1f7e099ef7e105e0267cf5581a4e74922a160e1360d1f7b12f4dfa3,2022-06,Cambridgeshire Constabulary,Cambridgeshire Constabulary,0.175170,52.667967,On or near Baxter Close,E01018073,Fenland 002B,Violence and sexual offences,Offender given a caution,
de9eccb5078256d0fafb375385aa33e2efdaf14eb8498ffb88ba7382c3dfabe1,2022-06,Cambridgeshire Constabulary,Cambridgeshire Constabulary,0.169028,52.669671,On or near York Road,E01018073,Fenland 002B,Violence and sexual offences,Investigation complete; no suspect identified,
6c06ea565396c444a129f3f5f717a533987a9e566b800e7f9c3c853c72b88d1c,2022-06,Cambridgeshire Constabulary,Cambridgeshire Constabulary,0.177609,52.672094,On or near Lerowe Road,E01018073,Fenland 002B,Violence and sexual offences,Investigation complete; no suspect identified,
38dd52565c429021da6adca7ce1abb57c6a808cc5fffaeefa878cc6a41c02ad5,2022-06,Cambridgeshire Constabulary,Cambridgeshire Constabulary,0.178420,52.675316,On or near Old Lynn Road,E01018073,Fenland 002B,Violence and sexual offences,Unable to prosecute suspect,
,2022-06,Cambridgeshire Constabulary,Cambridgeshire Constabulary,0.161732,52.676772,On or near Acacia Avenue,E01018107,Fenland 002C,Anti-social behaviour,,
,2022-06,Cambridgeshire Constabulary,Cambridgeshire Constabulary,0.161732,52.676772,On or near Acacia Avenue,E01018107,Fenland 002C,Anti-social behaviour,,
,2022-06,Cambridgeshire Constabulary,Cambridgeshire Constabulary,0.161732,52.676772,On or near Acacia Avenue,E01018107,Fenland 002C,Anti-social behaviour,,
,2022-06,Cambridgeshire Constabulary,Cambridgeshire Constabulary,0.167222,52.673219,On or near Coblands,E01018107,Fenland 002C,Anti-social behaviour,,
,2022-06,Cambridgeshire Constabulary,Cambridgeshire Constabulary,0.161732,52.676772,On or near Acacia Avenue,E01018107,Fenland 002C,Anti-social behaviour,,
,2022-06,Cambridgeshire Constabulary,Cambridgeshire Constabulary,0.161732,52.676772,On or near Acacia Avenue,E01018107,Fenland 002C,Anti-social behaviour,,
,2022-06,Cambridgeshire Constabulary,Cambridgeshire Constabulary,0.167974,52.674366,On or near Tinker'S Drove,E01018107,Fenland 002C,Anti-social behaviour,,
,2022-06,Cambridgeshire Constabulary,Cambridgeshire Constabulary,0.161732,52.676772,On or near Acacia Avenue,E01018107,Fenland 002C,Anti-social behaviour,,
a07cd26498d12835062f5f269b43d57932673f1c1a8a1e9ea4601b50b1338738,2022-06,Cambridgeshire Constabulary,Cambridgeshire Constabulary,0.161732,52.676772,On or near Acacia Avenue,E01018107,Fenland 002C,Criminal damage and arson,Unable to prosecute suspect,
1e2c026eecd8e5d3fdd3f562d9c54c1e5caea827888b29371110bd5c6aaa5160,2022-06,Cambridgeshire Constabulary,Cambridgeshire Constabulary,0.161732,52.676772,On or near Acacia Avenue,E01018107,Fenland 002C,Public order,Unable to prosecute suspect,
6608835a79f62be523fd20a45b86c7dbf302c042f90f4459ad30047b79ed4589,2022-06,Cambridgeshire Constabulary,Cambridgeshire Constabulary,0.163142,52.675074,On or near Bath Road,E01018107,Fenland 002C,Violence and sexual offences,Unable to prosecute suspect,
dc4c777dd3a76afbc327cdfa20422cddc79923ae93db7f84b260cfcd278a5934,2022-06,Cambridgeshire Constabulary,Cambridgeshire Constabulary,0.167222,52.673219,On or near Coblands,E01018107,Fenland 002C,Violence and sexual offences,Unable to prosecute suspect,
33f5805236133801055f31311fb2c4e81bcd245370703e61b4b9ecf18f5b95d6,2022-06,Cambridgeshire Constabulary,Cambridgeshire Constabulary,0.167222,52.673219,On or near Coblands,E01018107,Fenland 002C,Violence and sexual offences,Unable to prosecute suspect,
e98c0afc6ce0d23e107af250f776c680ea64ee01fb7ccd473a5e17b175a6150a,2022-06,Cambridgeshire Constabulary,Cambridgeshire Constabulary,0.166264,52.674199,On or near Grosvenor Road,E01018107,Fenland 002C,Violence and sexual offences,Unable to prosecute suspect,
,2022-06,Cambridgeshire Constabulary,Cambridgeshire Constabulary,0.164976,52.679258,On or near Kinderley Road,E01018108,Fenland 002D,Anti-social behaviour,,
,2022-06,Cambridgeshire Constabulary,Cambridgeshire Constabulary,0.169090,52.678085,On or near Admirals Drive,E01018108,Fenland 002D,Anti-social behaviour,,
,2022-06,Cambridgeshire Constabulary,Cambridgeshire Constabulary,0.164232,52.677968,On or near Haley Close,E01018108,Fenland 002D,Anti-social behaviour,,
,2022-06,Cambridgeshire Constabulary,Cambridgeshire Constabulary,0.164976,52.679258,On or near Kinderley Road,E01018108,Fenland 002D,Anti-social behaviour,,
62a14c0795511e21a9f117e749dcd1c3efbf2c117159253455996ec47f685ab5,2022-06,Cambridgeshire Constabulary,Cambridgeshire Constabulary,0.158481,52.674746,On or near Weston Miller Drive,E01018108,Fenland 002D,Burglary,Investigation complete; no suspect identified,
9a061798317be7e782e1826144cf4609ec56eae785a43353776c45fc67975560,2022-06,Cambridgeshire Constabulary,Cambridgeshire Constabulary,0.161086,52.675076,On or near Lime Avenue,E01018108,Fenland 002D,Criminal damage and arson,Unable to prosecute suspect,
09834c79479d5bb4a60431e741e62660a25d4cb537b8028043067b8040453c5c,2022-06,Cambridgeshire Constabulary,Cambridgeshire Constabulary,0.164976,52.679258,On or near Kinderley Road,E01018108,Fenland 002D,Public order,Unable to prosecute suspect,
de9cfd29c0897fb20a98596668163b69fe7eb87eff924121c8b1b219cacbbb65,2022-06,Cambridgeshire Constabulary,Cambridgeshire Constabulary,0.158481,52.674746,On or near Weston Miller Drive,E01018108,Fenland 002D,Public order,Unable to prosecute suspect,
929dfe600cca59f24d68255fd05c2c29152132d3f2a4675217458cf167f605b7,2022-06,Cambridgeshire Constabulary,Cambridgeshire Constabulary,0.158314,52.677365,On or near Hawthorne Avenue,E01018108,Fenland 002D,Vehicle crime,Court result unavailable,
2b99ae8fc9ddfd7cf6de08730ceefaec2062c7d7481b655f9328334c23415df3,2022-06,Cambridgeshire Constabulary,Cambridgeshire Constabulary,0.158481,52.674746,On or near Weston Miller Drive,E01018108,Fenland 002D,Violence and sexual offences,Unable to prosecute suspect,
a7ac6006c51840ba3d7ce78422cc8bb01a9a2a22b0ea83538c1ad1f148eeaf96,2022-06,Cambridgeshire Constabulary,Cambridgeshire Constabulary,0.158481,52.674746,On or near Weston Miller Drive,E01018108,Fenland 002D,Violence and sexual offences,Unable to prosecute suspect,
cb59b8001a2da8eacdf1d24a1d79b3f88df2487a62fbb7818baaf7c58219320a,2022-06,Cambridgeshire Constabulary,Cambridgeshire Constabulary,0.158481,52.674746,On or near Weston Miller Drive,E01018108,Fenland 002D,Violence and sexual offences,Unable to prosecute suspect,
c0a82a5b1a3aecf2f14b550079ed369df2cc6849d154308d7ad237f2a4e45241,2022-06,Cambridgeshire Constabulary,Cambridgeshire Constabulary,0.158481,52.674746,On or near Weston Miller Drive,E01018108,Fenland 002D,Violence and sexual offences,Unable to prosecute suspect,
a999a199ba0e79d32ae22c2006525897c329023f60d1bc6557f3aec8a12061fa,2022-06,Cambridgeshire Constabulary,Cambridgeshire Constabulary,0.158481,52.674746,On or near Weston Miller Drive,E01018108,Fenland 002D,Violence and sexual offences,Unable to prosecute suspect,
d0d34e872c6e228b920cbaf164892d52e29721a3f168c691b72b5f4c9e297063,2022-06,Cambridgeshire Constabulary,Cambridgeshire Constabulary,0.158481,52.674746,On or near Weston Miller Drive,E01018108,Fenland 002D,Violence and sexual offences,Unable to prosecute suspect,
b8065f69c2b93d1e815c564fa3fc2da778d74d1d6b119c6888a4246ebd78e045,2022-06,Cambridgeshire Constabulary,Cambridgeshire Constabulary,0.158481,52.674746,On or near Weston Miller Drive,E01018108,Fenland 002D,Violence and sexual offences,Unable to prosecute suspect,
f6c96c394f60d526f8e619db5d11962bd550031959a4258411503c52d488d458,2022-06,Cambridgeshire Constabulary,Cambridgeshire Constabulary,0.158481,52.674746,On or near Weston Miller Drive,E01018108,Fenland 002D,Violence and sexual offences,Unable to prosecute suspect,
edd77cc7d0582ba805c6e0aaf9e889a48013ec3489d10ac0f5949b599a960baf,2022-06,Cambridgeshire Constabulary,Cambridgeshire Constabulary,0.158481,52.674746,On or near Weston Miller Drive,E01018108,Fenland 002D,Violence and sexual offences,Unable to prosecute suspect,
6cb2aff7f6d29525e67e239b2b5d40956e715dafc43b66a51379e9147b296d85,2022-06,Cambridgeshire Constabulary,Cambridgeshire Constabulary,0.164232,52.677968,On or near Haley Close,E01018108,Fenland 002D,Violence and sexual offences,Local resolution,
,2022-06,Cambridgeshire Constabulary,Cambridgeshire Constabulary,0.170298,52.674404,On or near Payne Avenue,E01018109,Fenland 002E,Anti-social behaviour,,
,2022-06,Cambridgeshire Constabulary,Cambridgeshire Constabulary,0.170298,52.674404,On or near Payne Avenue,E01018109,Fenland 002E,Anti-social behaviour,,
7a63b1705ead19ed00f8de72339b936c030d1d4834379090c70793e0fdadbcde,2022-06,Cambridgeshire Constabulary,Cambridgeshire Constabulary,0.170838,52.673072,On or near Kooreman Avenue,E01018109,Fenland 002E,Criminal damage and arson,Unable to prosecute suspect,
37f15c25c50f38ddb3237c7767404da2330e837973b37fa1acd88262a574ac60,2022-06,Cambridgeshire Constabulary,Cambridgeshire Constabulary,0.172250,52.674989,On or near Coldhorn Crescent,E01018109,Fenland 002E,Criminal damage and arson,Unable to prosecute suspect,
74c4bacbd8a4478ca144535d6ae124168171745c41c4dd7053cd0c12b033323d,2022-06,Cambridgeshire Constabulary,Cambridgeshire Constabulary,0.168041,52.678419,On or near Armada Close,E01018109,Fenland 002E,Criminal damage and arson,Investigation complete; no suspect identified,
0995b905624cbbbff2db01b0ca7de463160cee0ab1f6d9c0a64050f531a442ae,2022-06,Cambridgeshire Constabulary,Cambridgeshire Constabulary,0.172621,52.678003,On or near Prince Of Wales Close,E01018109,Fenland 002E,Criminal damage and arson,Unable to prosecute suspect,
d48cdade49de8a32ee3b08dc41fc4bc80fd431d5f32157183b3b8593c3b6a334,2022-06,Cambridgeshire Constabulary,Cambridgeshire Constabulary,0.174846,52.675148,On or near Eastfield Road,E01018109,Fenland 002E,Drugs,Offender given a caution,
dacfc6a2e80b75eb8f44b36c8ff992964fb55b90ceedf813507459e7d164a42d,2022-06,Cambridgeshire Constabulary,Cambridgeshire Constabulary,0.174846,52.675148,On or near Eastfield Road,E01018109,Fenland 002E,Public order,Unable to prosecute suspect,
3d8327fd12f8850c7280a0a5c68a29fab1169f0f915108a39fb365c03d15df73,2022-06,Cambridgeshire Constabulary,Cambridgeshire Constabulary,0.170838,52.673072,On or near Kooreman Avenue,E01018109,Fenland 002E,Public order,Status update unavailable,
634c830f3fb8bd40ffdf9fb974d2cef780cf170a6a43c0b00eeee1eedfaaa286,2022-06,Cambridgeshire Constabulary,Cambridgeshire Constabulary,0.168889,52.674636,On or near Godwin Road,E01018109,Fenland 002E,Violence and sexual offences,Unable to prosecute suspect,
a6da24f33369b9d2ff2d5047e2def38721a3cfedb2df2a22b6835198f9191581,2022-06,Cambridgeshire Constabulary,Cambridgeshire Constabulary,0.168889,52.674636,On or near Godwin Road,E01018109,Fenland 002E,Violence and sexual offences,Unable to prosecute suspect,
8a4ffd970b4930bc4f968ac2f5a3b44e79c6c87e2e139ee43dff9182cf6e2c93,2022-06,Cambridgeshire Constabulary,Cambridgeshire Constabulary,0.172250,52.674989,On or near Coldhorn Crescent,E01018109,Fenland 002E,Violence and sexual offences,Unable to prosecute suspect,
d57b9c07f7a0bb19fcc1e0a77d4ef14be6e7de3603e0236b9cefcde4fdf63b07,2022-06,Cambridgeshire Constabulary,Cambridgeshire Constabulary,0.172250,52.674989,On or near Coldhorn Crescent,E01018109,Fenland 002E,Violence and sexual offences,Unable to prosecute suspect,
a16f97add7b495dee9427406fbbf4cef5dfb121537fbcbd56f74842e2c18d54f,2022-06,Cambridgeshire Constabulary,Cambridgeshire Constabulary,0.172250,52.674989,On or near Coldhorn Crescent,E01018109,Fenland 002E,Violence and sexual offences,Unable to prosecute suspect,
c1860b74f73cfb75c7e140171a7a322ae2ecd6f0dfed6137c803e85f3d777533,2022-06,Cambridgeshire Constabulary,Cambridgeshire Constabulary,0.172513,52.678499,On or near Windsor Drive,E01018109,Fenland 002E,Violence and sexual offences,Investigation complete; no suspect identified,
a262cafe6564a17d258e46d18a8b06f660bb420bff6507f280f37c936f1fd618,2022-06,Cambridgeshire Constabulary,Cambridgeshire Constabulary,0.172621,52.678003,On or near Prince Of Wales Close,E01018109,Fenland 002E,Violence and sexual offences,Unable to prosecute suspect,
dce7fb88a77758216adcf7c52c2b01d0084188c3d7b9c1b3e2e09c29c35c9360,2022-06,Cambridgeshire Constabulary,Cambridgeshire Constabulary,0.174846,52.675148,On or near Eastfield Road,E01018109,Fenland 002E,Violence and sexual offences,Investigation complete; no suspect identified,
ce23e8a2862a7fcd2538fa33566f35cd89ae04fbfa8276e7a91f693ff55514df,2022-06,Cambridgeshire Constabulary,Cambridgeshire Constabulary,0.172250,52.674989,On or near Coldhorn Crescent,E01018109,Fenland 002E,Violence and sexual offences,Unable to prosecute suspect,
d8de8eee0afe7b06ae395a53ea2f4fae67b552d182906138ba747b6328f1e503,2022-06,Cambridgeshire Constabulary,Cambridgeshire Constabulary,0.172250,52.674989,On or near Coldhorn Crescent,E01018109,Fenland 002E,Violence and sexual offences,Unable to prosecute suspect,
ec2c30c39ae4b501164c2e4f553857afdcab47f247175e1e6882eab4b563f5af,2022-06,Cambridgeshire Constabulary,Cambridgeshire Constabulary,0.171051,52.659159,On or near Wickfield Court,E01018069,Fenland 003A,Other theft,Investigation complete; no suspect identified,
3312f13b1e47e560beb72a0515d9e9d35605df1ef632187fb94b2795c34b795c,2022-06,Cambridgeshire Constabulary,Cambridgeshire Constabulary,0.171051,52.659159,On or near Wickfield Court,E01018069,Fenland 003A,Violence and sexual offences,Unable to prosecute suspect,
ec8abaaf5f3aeaf1ef5985dc5947ab224292e6eacfa3455d20083a9081c56757,2022-06,Cambridgeshire Constabulary,Cambridgeshire Constabulary,0.171051,52.659159,On or near Wickfield Court,E01018069,Fenland 003A,Violence and sexual offences,Unable to prosecute suspect,
50c60b53a0da790c754011ae12483a5607c7d9ed4f800eab572c83b7093d5a94,2022-06,Cambridgeshire Constabulary,Cambridgeshire Constabulary,0.169086,52.655023,On or near Churchill Road,E01018069,Fenland 003A,Violence and sexual offences,Unable to prosecute suspect,
,2022-06,Cambridgeshire Constabulary,Cambridgeshire Constabulary,0.162670,52.657433,On or near Awdry Drive,E01018070,Fenland 003B,Anti-social behaviour,,
,2022-06,Cambridgeshire Constabulary,Cambridgeshire Constabulary,0.159445,52.655900,On or near Sandall Road,E01018070,Fenland 003B,Anti-social behaviour,,
5e575e79a949617fbeaa81618ea2edd2f63606cb51678371989f1df914e49494,2022-06,Cambridgeshire Constabulary,Cambridgeshire Constabulary,0.167767,52.651675,On or near Kingfisher Drive,E01018070,Fenland 003B,Burglary,Investigation complete; no suspect identified,
fc282e19249a26020701238dd32030cbb6c411f921ff9d030809800adcbbad08,2022-06,Cambridgeshire Constabulary,Cambridgeshire Constabulary,0.159445,52.655900,On or near Sandall Road,E01018070,Fenland 003B,Public order,Unable to prosecute suspect,
1c29ffb21905a6f591c24d677f4c7f25a14edebdeb389ab9fdddfa99f6393d01,2022-06,Cambridgeshire Constabulary,Cambridgeshire Constabulary,0.159445,52.655900,On or near Sandall Road,E01018070,Fenland 003B,Public order,Unable to prosecute suspect,
bdc1b2f46ff5a597474e738cb6fddd3262bf1ea4d83c8d5b419a6590eab8f4db,2022-06,Cambridgeshire Constabulary,Cambridgeshire Constabulary,0.166403,52.655171,On or near Corporation Road,E01018070,Fenland 003B,Violence and sexual offences,Investigation complete; no suspect identified,
b85cbb424aafefe8043388450992780e1f49ede4260e1f3f271ea636685ea096,2022-06,Cambridgeshire Constabulary,Cambridgeshire Constabulary,0.159445,52.655900,On or near Sandall Road,E01018070,Fenland 003B,Violence and sexual offences,Unable to prosecute suspect,
7aec6cf37d0599666a83b7cba176ed295eef462bdf363711e05836169a3fba3e,2022-06,Cambridgeshire Constabulary,Cambridgeshire Constabulary,0.165397,52.658759,On or near Rose Fair Close,E01018070,Fenland 003B,Violence and sexual offences,Unable to prosecute suspect,
1561337a68db6047aa9bcb7af9dd9e1ff96aeb02558c0ba71cc6a4484f4c086b,2022-06,Cambridgeshire Constabulary,Cambridgeshire Constabulary,0.166403,52.655171,On or near Corporation Road,E01018070,Fenland 003B,Violence and sexual offences,Unable to prosecute suspect,
f499754343834e1c7682bae93c3cdf8cb3ae1c7feaea9138b9c010f01a69de0b,2022-06,Cambridgeshire Constabulary,Cambridgeshire Constabulary,0.165397,52.658759,On or near Rose Fair Close,E01018070,Fenland 003B,Violence and sexual offences,Unable to prosecute suspect,
94b18fac4698e105f35f28bfc0f512058d30be7938e0aca3cb4625787a853789,2022-06,Cambridgeshire Constabulary,Cambridgeshire Constabulary,0.165397,52.658759,On or near Rose Fair Close,E01018070,Fenland 003B,Violence and sexual offences,Investigation complete; no suspect identified,
a556d23e9df27862246cb8659fb05d628126870b218ff4eab72c40aaf03541b6,2022-06,Cambridgeshire Constabulary,Cambridgeshire Constabulary,0.166403,52.655171,On or near Corporation Road,E01018070,Fenland 003B,Violence and sexual offences,Further action is not in the public interest,
ab4d0816d66b31386ff8350e7439321679a4607a8c6bbae15659e4d27ab8dcf0,2022-06,Cambridgeshire Constabulary,Cambridgeshire Constabulary,0.165397,52.658759,On or near Rose Fair Close,E01018070,Fenland 003B,Violence and sexual offences,Unable to prosecute suspect,
b5d24e84de6170b9944f42785a8a64107a2f77c761a438565091383f58ed0d02,2022-06,Cambridgeshire Constabulary,Cambridgeshire Constabulary,0.165397,52.658759,On or near Rose Fair Close,E01018070,Fenland 003B,Violence and sexual offences,Unable to prosecute suspect,
b47ef78c666054b3cd88866573263a3deec8896416a046c290dafe8fc93a15c7,2022-06,Cambridgeshire Constabulary,Cambridgeshire Constabulary,0.165397,52.658759,On or near Rose Fair Close,E01018070,Fenland 003B,Violence and sexual offences,Unable to prosecute suspect,
0474caeda8c8540cb7bf1c967522de23396690e63396deb93dd0d6894d0648ee,2022-06,Cambridgeshire Constabulary,Cambridgeshire Constabulary,0.165397,52.658759,On or near Rose Fair Close,E01018070,Fenland 003B,Violence and sexual offences,Unable to prosecute suspect,
5dfa52bf04f09591ff7234b7ba4efdf0c0a6dafbc0cc60c6a353a7a10ad72669,2022-06,Cambridgeshire Constabulary,Cambridgeshire Constabulary,0.166403,52.655171,On or near Corporation Road,E01018070,Fenland 003B,Violence and sexual offences,Local resolution,
7cb041ec7efda7ab7f0ffabefd64fcdd95f5b79b4dd5633986e354cb9f247d95,2022-06,Cambridgeshire Constabulary,Cambridgeshire Constabulary,0.165397,52.658759,On or near Rose Fair Close,E01018070,Fenland 003B,Violence and sexual offences,Unable to prosecute suspect,
3adbad714bd230867569ce46187b9058939b51143395f03e821af72ab7952bce,2022-06,Cambridgeshire Constabulary,Cambridgeshire Constabulary,0.159445,52.655900,On or near Sandall Road,E01018070,Fenland 003B,Violence and sexual offences,Unable to prosecute suspect,
9060e93a951abf225be4dc0c1dea681790a233057ab45b0201901e29395cc1c5,2022-06,Cambridgeshire Constabulary,Cambridgeshire Constabulary,0.165397,52.658759,On or near Rose Fair Close,E01018070,Fenland 003B,Violence and sexual offences,Unable to prosecute suspect,
fb211e75f42f26e00f5fa018e7c156b2dbbc17f8f1c51bae673c529df7a0fc35,2022-06,Cambridgeshire Constabulary,Cambridgeshire Constabulary,0.165397,52.658759,On or near Rose Fair Close,E01018070,Fenland 003B,Violence and sexual offences,Unable to prosecute suspect,
d1a460c7cc7a7d6d980c8bfef87d72a2a367995c836ccf5ebbca654dfb59d31e,2022-06,Cambridgeshire Constabulary,Cambridgeshire Constabulary,0.165397,52.658759,On or near Rose Fair Close,E01018070,Fenland 003B,Violence and sexual offences,Unable to prosecute suspect,
,2022-06,Cambridgeshire Constabulary,Cambridgeshire Constabulary,0.165873,52.661196,On or near John F Kennedy Court,E01018071,Fenland 003C,Anti-social behaviour,,
,2022-06,Cambridgeshire Constabulary,Cambridgeshire Constabulary,0.167675,52.663249,On or near Prince Street,E01018071,Fenland 003C,Anti-social behaviour,,
0a751658f436446b4e8fb3f6470464027b1a8564b61dd3db02d4a40c1151fa26,2022-06,Cambridgeshire Constabulary,Cambridgeshire Constabulary,0.167675,52.663249,On or near Prince Street,E01018071,Fenland 003C,Bicycle theft,Investigation complete; no suspect identified,
67e8fdf6a40b932c9ff29e107a7ce707dfcbcb3eb91e40135f946adb805b2685,2022-06,Cambridgeshire Constabulary,Cambridgeshire Constabulary,0.165873,52.661196,On or near John F Kennedy Court,E01018071,Fenland 003C,Burglary,Investigation complete; no suspect identified,
8d45f2a82b466c72c621ff23c628e1ec74e8d386592f2bb358c3a824d579ec02,2022-06,Cambridgeshire Constabulary,Cambridgeshire Constabulary,0.165873,52.661196,On or near John F Kennedy Court,E01018071,Fenland 003C,Burglary,Investigation complete; no suspect identified,
23cc1ea60e10f4d5d409ab303a21a91b82d2367a9fe64496af13a15f851ede31,2022-06,Cambridgeshire Constabulary,Cambridgeshire Constabulary,0.165873,52.661196,On or near John F Kennedy Court,E01018071,Fenland 003C,Burglary,Investigation complete; no suspect identified,
f3ea74cda0f804a8b369cd718bb5062d8c925734fa1a2401e227c055f1cac467,2022-06,Cambridgeshire Constabulary,Cambridgeshire Constabulary,0.167675,52.663249,On or near Prince Street,E01018071,Fenland 003C,Criminal damage and arson,Investigation complete; no suspect identified,
12188fc9aec63b5a9e3886a970f561e2320ff906c8bff4bdf41f8bc78f80c72e,2022-06,Cambridgeshire Constabulary,Cambridgeshire Constabulary,0.167675,52.663249,On or near Prince Street,E01018071,Fenland 003C,Criminal damage and arson,Status update unavailable,
7728c4724ccab3b6129834348ecae7076cd5bc4eb249e4f8d481df99938d57ee,2022-06,Cambridgeshire Constabulary,Cambridgeshire Constabulary,0.167675,52.663249,On or near Prince Street,E01018071,Fenland 003C,Criminal damage and arson,Unable to prosecute suspect,
64efe38a23db8f52b4e6d3d74ef52aebb8903311c1fb58bc0ee05393c97bbb95,2022-06,Cambridgeshire Constabulary,Cambridgeshire Constabulary,0.169758,52.663804,On or near Wedgwood Drive,E01018071,Fenland 003C,Drugs,Local resolution,
55f5136106f6832d2b55ad8f1a8f82a543a98093c258ce5dbec20a102abe4807,2022-06,Cambridgeshire Constabulary,Cambridgeshire Constabulary,0.169758,52.663804,On or near Wedgwood Drive,E01018071,Fenland 003C,Other theft,Investigation complete; no suspect identified,
4cdb3d979cbe8698004060914115b7557b25f8700b0e35a1504af02f87968a32,2022-06,Cambridgeshire Constabulary,Cambridgeshire Constabulary,0.166942,52.663091,On or near Duke Street,E01018071,Fenland 003C,Public order,Unable to prosecute suspect,
71afed99abf044708c79613183c0dc11db668998ea52b26d896eb69552c684cb,2022-06,Cambridgeshire Constabulary,Cambridgeshire Constabulary,0.167675,52.663249,On or near Prince Street,E01018071,Fenland 003C,Public order,Investigation complete; no suspect identified,
4aa2a0ebfa743970d261014275dab1950ca1c2f222ae768a608bd0e660d8b168,2022-06,Cambridgeshire Constabulary,Cambridgeshire Constabulary,0.166102,52.662855,On or near Lake Court,E01018071,Fenland 003C,Public order,Unable to prosecute suspect,
551438f91fa74fe980fbdc9cb7fe111a03aa283049c503f7677ca2a3cd51c795,2022-06,Cambridgeshire Constabulary,Cambridgeshire Constabulary,0.169758,52.663804,On or near Wedgwood Drive,E01018071,Fenland 003C,Theft from the person,Status update unavailable,
6d00908df4d9dff0e52b1d58595388f3cf2588069303d480577dd57899818c85,2022-06,Cambridgeshire Constabulary,Cambridgeshire Constabulary,0.168119,52.661766,On or near Hazel Gardens,E01018071,Fenland 003C,Vehicle crime,Investigation complete; no suspect identified,
4c9053441e39ee600c7e88d272813f32119adefde29c63a6e2ae50d13d15a0e2,2022-06,Cambridgeshire Constabulary,Cambridgeshire Constabulary,0.165085,52.662010,On or near Elizebeth Terrace,E01018071,Fenland 003C,Violence and sexual offences,Unable to prosecute suspect,
9664f0f3e678a15c929687fbc21b66119d41ee8d937993a0d43bffda2ce009dd,2022-06,Cambridgeshire Constabulary,Cambridgeshire Constabulary,0.165085,52.662010,On or near Elizebeth Terrace,E01018071,Fenland 003C,Violence and sexual offences,Court result unavailable,
8c801f6bd97ee027055e54cc93ce3d3743ac9e7491c7c00832024a74b1dfa753,2022-06,Cambridgeshire Constabulary,Cambridgeshire Constabulary,0.165085,52.662010,On or near Elizebeth Terrace,E01018071,Fenland 003C,Violence and sexual offences,Unable to prosecute suspect,
31f0847f8e6f41d0507da75b9935f93eafa35a623449e6261add1fab9d791c85,2022-06,Cambridgeshire Constabulary,Cambridgeshire Constabulary,0.165085,52.662010,On or near Elizebeth Terrace,E01018071,Fenland 003C,Violence and sexual offences,Court result unavailable,
87da4a81bbce35cb7eb8e8ee0188116a98f770f93e5f5f6381bf442aa8e34f1c,2022-06,Cambridgeshire Constabulary,Cambridgeshire Constabulary,0.166102,52.662855,On or near Lake Court,E01018071,Fenland 003C,Violence and sexual offences,Unable to prosecute suspect,
3fa246932e9201390ac509ee2c826a5bc615904d363c844f1fd4c0c046609891,2022-06,Cambridgeshire Constabulary,Cambridgeshire Constabulary,0.167675,52.663249,On or near Prince Street,E01018071,Fenland 003C,Violence and sexual offences,Investigation complete; no suspect identified,
,2022-06,Cambridgeshire Constabulary,Cambridgeshire Constabulary,0.157922,52.665495,On or near Old Market,E01018093,Fenland 003E,Anti-social behaviour,,
,2022-06,Cambridgeshire Constabulary,Cambridgeshire Constabulary,0.154351,52.671971,On or near Burcroft Road,E01018093,Fenland 003E,Anti-social behaviour,,
3abe306a24de3adbab915948f53cf2e8374cd8951efa08f04123ab672f66d5ba,2022-06,Cambridgeshire Constabulary,Cambridgeshire Constabulary,0.142303,52.660941,On or near Grove Park,E01018093,Fenland 003E,Criminal damage and arson,Further action is not in the public interest,
854070bfa174b2590d6baebf1ec531dcaa0b3335b821edd29b3f4e985dedd9f0,2022-06,Cambridgeshire Constabulary,Cambridgeshire Constabulary,0.158514,52.666716,On or near North Street,E01018093,Fenland 003E,Criminal damage and arson,Investigation complete; no suspect identified,
3344ee6c8e7f4beecc815f4e45e0acf53e4e86877bf68792f3ec13d9bb1683d1,2022-06,Cambridgeshire Constabulary,Cambridgeshire Constabulary,0.157922,52.665495,On or near Old Market,E01018093,Fenland 003E,Criminal damage and arson,Investigation complete; no suspect identified,
71d5581af196c572e6a77f8eed3be830761a9cf814b226a852f9db9847d96903,2022-06,Cambridgeshire Constabulary,Cambridgeshire Constabulary,0.124070,52.654535,On or near Park/Open Space,E01018093,Fenland 003E,Drugs,Investigation complete; no suspect identified,
f4b4f0031e77b8a40540aee1ca209d6ffe04253c33eac5e074f394e512c6f133,2022-06,Cambridgeshire Constabulary,Cambridgeshire Constabulary,0.155250,52.665597,On or near Chapel Road,E01018093,Fenland 003E,Drugs,Local resolution,
bfc9be596a1cac93dfbe915d1a78ce524ca2b82f26f8fc89f12f1faa27977449,2022-06,Cambridgeshire Constabulary,Cambridgeshire Constabulary,0.157259,52.665561,On or near Exchange Square,E01018093,Fenland 003E,Other theft,Investigation complete; no suspect identified,
5c54d8d63a59d8dc182d3358c7aca8f424463aa9fcbafb607b2f1847ff1a24ad,2022-06,Cambridgeshire Constabulary,Cambridgeshire Constabulary,0.157374,52.669398,On or near North End,E01018093,Fenland 003E,Shoplifting,Investigation complete; no suspect identified,
fbf2ceebbd998ef5fabca89145f1878e6f32f46f852e60aa50f523968f847982,2022-06,Cambridgeshire Constabulary,Cambridgeshire Constabulary,0.157374,52.669398,On or near North End,E01018093,Fenland 003E,Shoplifting,Investigation complete; no suspect identified,
02f31b4927a0ad9dc86d1c95b2d28cb0f93b0c1f960507fe7ae1b61da241f0a0,2022-06,Cambridgeshire Constabulary,Cambridgeshire Constabulary,0.157374,52.669398,On or near North End,E01018093,Fenland 003E,Shoplifting,Investigation complete; no suspect identified,
ab5d34f580eb0c2aa9e1b29009c00a080aa33c52f0da3e82281dc569ed19bfc9,2022-06,Cambridgeshire Constabulary,Cambridgeshire Constabulary,0.154462,52.670934,On or near The Lawns,E01018093,Fenland 003E,Shoplifting,Investigation complete; no suspect identified,
5450a0d8418cdd50bbd9870d775c103cf3f5b924b119449c91b77c68f54e2071,2022-06,Cambridgeshire Constabulary,Cambridgeshire Constabulary,0.157374,52.669398,On or near North End,E01018093,Fenland 003E,Shoplifting,Investigation complete; no suspect identified,
a4faab04bdd0936b4cf5b1ce0f6461eae624745f5476e985c3d37c8e42a76081,2022-06,Cambridgeshire Constabulary,Cambridgeshire Constabulary,0.157374,52.669398,On or near North End,E01018093,Fenland 003E,Shoplifting,Court result unavailable,
28802854488ac13a96e9877790ca0ed07948745fb41f45a17631bdc30e0f50e8,2022-06,Cambridgeshire Constabulary,Cambridgeshire Constabulary,0.157374,52.669398,On or near North End,E01018093,Fenland 003E,Shoplifting,Court result unavailable,
84a49b5833e3d926ea6d0338997567791523229f0fc32d666f5900d99c0bbf71,2022-06,Cambridgeshire Constabulary,Cambridgeshire Constabulary,0.157374,52.669398,On or near North End,E01018093,Fenland 003E,Shoplifting,Investigation complete; no suspect identified,
26da8a5bcc7bb3d30a411d9c0a0bf22e9b807e426780d87b7085ef4d7fffe044,2022-06,Cambridgeshire Constabulary,Cambridgeshire Constabulary,0.119393,52.650150,On or near Lords Lane,E01018093,Fenland 003E,Vehicle crime,Investigation complete; no suspect identified,
25b36278488d10b3769c7ec93c3aa20c309e35d4fd12a3e0db0d273d7cb29f7e,2022-06,Cambridgeshire Constabulary,Cambridgeshire Constabulary,0.140869,52.651858,On or near North Brink,E01018093,Fenland 003E,Vehicle crime,Investigation complete; no suspect identified,
1f34a5fe492b549c08a990d14c5bc117c43f237c2cd9947250c18e46d8020a34,2022-06,Cambridgeshire Constabulary,Cambridgeshire Constabulary,0.157374,52.669398,On or near North End,E01018093,Fenland 003E,Vehicle crime,Investigation complete; no suspect identified,
818467df5aed48220d66b17e392aa67b7158cc6b4895e569a921f5fb1dcb184a,2022-06,Cambridgeshire Constabulary,Cambridgeshire Constabulary,0.148557,52.670547,On or near Summerfield Close,E01018093,Fenland 003E,Violence and sexual offences,Unable to prosecute suspect,
e10b6815de831323333ea78411222397a9d689487cb6ef7d7ca384f8f72c6e03,2022-06,Cambridgeshire Constabulary,Cambridgeshire Constabulary,0.157259,52.665561,On or near Exchange Square,E01018093,Fenland 003E,Violence and sexual offences,Unable to prosecute suspect,
396d6b6f2a825cfeac55370daf71f554f5394c95f889b47b101c9c520ba7268b,2022-06,Cambridgeshire Constabulary,Cambridgeshire Constabulary,0.148557,52.670547,On or near Summerfield Close,E01018093,Fenland 003E,Violence and sexual offences,Unable to prosecute suspect,
c4e60523706e992cc708ad7e40becbda5152e567feed6dc92999e89f4b2f33af,2022-06,Cambridgeshire Constabulary,Cambridgeshire Constabulary,0.158514,52.666716,On or near North Street,E01018093,Fenland 003E,Violence and sexual offences,Unable to prosecute suspect,
23303bf3b2c9ac25ee116c768a0bda7a82fc9e7fbfc1133639ad32da910c8225,2022-06,Cambridgeshire Constabulary,Cambridgeshire Constabulary,0.157922,52.665495,On or near Old Market,E01018093,Fenland 003E,Violence and sexual offences,Investigation complete; no suspect identified,
7cf23bc8a7bf48cc123ed2d7f4caf7423fd0b960228b22266f76743610b973eb,2022-06,Cambridgeshire Constabulary,Cambridgeshire Constabulary,0.157259,52.665561,On or near Exchange Square,E01018093,Fenland 003E,Violence and sexual offences,Unable to prosecute suspect,
05297de044978b5552e11c5c2e13fa1edd3fcc6fdeae9949dc6a374033aa3d70,2022-06,Cambridgeshire Constabulary,Cambridgeshire Constabulary,0.142303,52.660941,On or near Grove Park,E01018093,Fenland 003E,Violence and sexual offences,Further action is not in the public interest,
75c8e734fa0d4ebde0b2276adaef3df884d481c1fcd75dd698642a8688ac483e,2022-06,Cambridgeshire Constabulary,Cambridgeshire Constabulary,0.147140,52.660961,On or near Richmond Court,E01018093,Fenland 003E,Violence and sexual offences,Status update unavailable,
3fd09cd03813c4c7744f2e39aacbd2a2a8126a83990d5b9c915459b4017cfcac,2022-06,Cambridgeshire Constabulary,Cambridgeshire Constabulary,0.158514,52.666716,On or near North Street,E01018093,Fenland 003E,Violence and sexual offences,Unable to prosecute suspect,
042f7235e7d51c0d6742195c8669a5e24bff633edeb0d2595df0cb20f24baf05,2022-06,Cambridgeshire Constabulary,Cambridgeshire Constabulary,0.157922,52.665495,On or near Old Market,E01018093,Fenland 003E,Violence and sexual offences,Investigation complete; no suspect identified,
6db9b3a8012f4f230a7ff4d44f379503afbdb3526febfaec03254b1ffa3b1287,2022-06,Cambridgeshire Constabulary,Cambridgeshire Constabulary,0.158514,52.666716,On or near North Street,E01018093,Fenland 003E,Violence and sexual offences,Unable to prosecute suspect,
c2b4d70a95ae25973b64a4756ce5cfe32a0bb8c76973166f4600e2d37373289c,2022-06,Cambridgeshire Constabulary,Cambridgeshire Constabulary,0.158514,52.666716,On or near North Street,E01018093,Fenland 003E,Violence and sexual offences,Unable to prosecute suspect,
f101c608b9d71d88929b688af32172592161aecb20e2d83d9ab4772f3014b30d,2022-06,Cambridgeshire Constabulary,Cambridgeshire Constabulary,0.158514,52.666716,On or near North Street,E01018093,Fenland 003E,Violence and sexual offences,Investigation complete; no suspect identified,
02b58aace09537fe3516a3b555be21eb170a24ac4276c4a4d095d93237af3f45,2022-06,Cambridgeshire Constabulary,Cambridgeshire Constabulary,0.148557,52.670547,On or near Summerfield Close,E01018093,Fenland 003E,Violence and sexual offences,Unable to prosecute suspect,
ad15d6a50ad15d0165c5889a164d17df29675a7d81bd0ed8abde8ff82598a4b1,2022-06,Cambridgeshire Constabulary,Cambridgeshire Constabulary,0.148557,52.670547,On or near Summerfield Close,E01018093,Fenland 003E,Violence and sexual offences,Status update unavailable,
1d260c038d8db78d9f99ac552c4c2c981114ea731ab8f0ba311c9ba79faa4498,2022-06,Cambridgeshire Constabulary,Cambridgeshire Constabulary,0.157374,52.669398,On or near North End,E01018093,Fenland 003E,Other crime,Unable to prosecute suspect,
33030bcfe104d0b3dd6401963279072b973cbfbe063887abb36a703e9469c3cc,2022-06,Cambridgeshire Constabulary,Cambridgeshire Constabulary,0.158514,52.666716,On or near North Street,E01018093,Fenland 003E,Other crime,Court result unavailable,
d33a12d2d6a16bc64c0077a696d4d59b11a6c6802dc53d6064fe1199d8c7aaf9,2022-06,Cambridgeshire Constabulary,Cambridgeshire Constabulary,0.157374,52.669398,On or near North End,E01018093,Fenland 003E,Other crime,Status update unavailable,
,2022-06,Cambridgeshire Constabulary,Cambridgeshire Constabulary,0.183872,52.671340,On or near Sylvden Drive,E01018103,Fenland 003F,Anti-social behaviour,,
,2022-06,Cambridgeshire Constabulary,Cambridgeshire Constabulary,0.179699,52.668630,On or near Seabank Road,E01018103,Fenland 003F,Anti-social behaviour,,
897e0f6a87e078bbb5dc4cfe1b244640f18cd55183f1247ea1294ccf94d4d3f2,2022-06,Cambridgeshire Constabulary,Cambridgeshire Constabulary,0.183615,52.670338,On or near Musticott Place,E01018103,Fenland 003F,Criminal damage and arson,Investigation complete; no suspect identified,
5ad2efbc19ab7befc702c14dfb0b194b031197f6e50fc417548391f31e86bc97,2022-06,Cambridgeshire Constabulary,Cambridgeshire Constabulary,0.182195,52.672108,On or near Church Road,E01018103,Fenland 003F,Other theft,Unable to prosecute suspect,
70f1bd96fbbd46d1d95f19d90f2c7295293c67dfe9ba34291d47d5bf48857fbf,2022-06,Cambridgeshire Constabulary,Cambridgeshire Constabulary,0.182195,52.672108,On or near Church Road,E01018103,Fenland 003F,Public order,Court result unavailable,
2a484a451ee2557fd0f70bcb9bbb9fc44a210fb62ff8dcc3c5c531fcd77ac181,2022-06,Cambridgeshire Constabulary,Cambridgeshire Constabulary,0.182195,52.672108,On or near Church Road,E01018103,Fenland 003F,Public order,Unable to prosecute suspect,
521a727a7aada592691057813233a5729e8cfdced3cd1ac02ede2b87ed3799c8,2022-06,Cambridgeshire Constabulary,Cambridgeshire Constabulary,0.182195,52.672108,On or near Church Road,E01018103,Fenland 003F,Public order,Court result unavailable,
63cd696184bfca954155137814e58ac70aaef8a63b2d09479d87c3b55a4b0cd9,2022-06,Cambridgeshire Constabulary,Cambridgeshire Constabulary,0.182204,52.669923,On or near Fundrey Road,E01018103,Fenland 003F,Public order,Unable to prosecute suspect,
651f780cc944c8ee62d21fa8effb0dd8f5bfec04aee6550b8f8dc973eef25ea3,2022-06,Cambridgeshire Constabulary,Cambridgeshire Constabulary,0.179699,52.668630,On or near Seabank Road,E01018103,Fenland 003F,Public order,Investigation complete; no suspect identified,
9b8a7bb449e96270af59ed816de237eec86abe97b1f13fce09708ce1e4c02569,2022-06,Cambridgeshire Constabulary,Cambridgeshire Constabulary,0.182142,52.670158,On or near Clayton Close,E01018103,Fenland 003F,Shoplifting,Investigation complete; no suspect identified,
9fe991cfebd450ea9b7ced427dd102678d51386cd0b0fa7542ab7706a37a10be,2022-06,Cambridgeshire Constabulary,Cambridgeshire Constabulary,0.182195,52.672108,On or near Church Road,E01018103,Fenland 003F,Violence and sexual offences,Court result unavailable,
4a53fdd2ef2f9a6509e845c7c68489ba4f2b7e51cc4abb3c4bd3fa75752738f1,2022-06,Cambridgeshire Constabulary,Cambridgeshire Constabulary,0.182142,52.670158,On or near Clayton Close,E01018103,Fenland 003F,Violence and sexual offences,Investigation complete; no suspect identified,
950add5d8215ebd788021874ed4dd132ec0dd6498614f5abc6877c7616421722,2022-06,Cambridgeshire Constabulary,Cambridgeshire Constabulary,0.177568,52.667698,On or near Council Road,E01018103,Fenland 003F,Violence and sexual offences,Unable to prosecute suspect,
a358ef36a784c4e2c3c001de46e47acaa84a2f9880847517b3d5a85b61d8758f,2022-06,Cambridgeshire Constabulary,Cambridgeshire Constabulary,0.183615,52.670338,On or near Musticott Place,E01018103,Fenland 003F,Violence and sexual offences,Unable to prosecute suspect,
59e701cb17d6c6a57e05dda9a671388cf69179263cd4e99069610f32d36c6d1a,2022-06,Cambridgeshire Constabulary,Cambridgeshire Constabulary,0.182142,52.670158,On or near Clayton Close,E01018103,Fenland 003F,Violence and sexual offences,Unable to prosecute suspect,
fa6240ed1c83bff22a02baa00c37f98f23bf475a341091efa91c4fb0ec15bde2,2022-06,Cambridgeshire Constabulary,Cambridgeshire Constabulary,0.177568,52.667698,On or near Council Road,E01018103,Fenland 003F,Violence and sexual offences,Unable to prosecute suspect,
d4ca34e0855aa6c609c08bcdd8fdaf5d33cbab217e1b8868d23c210d8b3893eb,2022-06,Cambridgeshire Constabulary,Cambridgeshire Constabulary,0.183615,52.670338,On or near Musticott Place,E01018103,Fenland 003F,Violence and sexual offences,Unable to prosecute suspect,
9d98ed11021ed6412060b4d5425514d0afc564cfe49e24561387060b51277aca,2022-06,Cambridgeshire Constabulary,Cambridgeshire Constabulary,0.177568,52.667698,On or near Council Road,E01018103,Fenland 003F,Violence and sexual offences,Unable to prosecute suspect,
bf43a44072e5db4cf02014b95510ca64c5ece726a34b6e9929f498e861687bbe,2022-06,Cambridgeshire Constabulary,Cambridgeshire Constabulary,0.183615,52.670338,On or near Musticott Place,E01018103,Fenland 003F,Violence and sexual offences,Unable to prosecute suspect,
,2022-06,Cambridgeshire Constabulary,Cambridgeshire Constabulary,0.180419,52.663473,On or near Sandy Lane,E01018104,Fenland 003G,Anti-social behaviour,,
853d3f20fb00255fa349f127d8be631a15ff5418a46df2681864a0f0bc5b82b8,2022-06,Cambridgeshire Constabulary,Cambridgeshire Constabulary,0.177122,52.666762,On or near Holmes Drive,E01018104,Fenland 003G,Criminal damage and arson,Investigation complete; no suspect identified,
4d6904aa0c5e7e335c6dd8bfcea143e68cd98643c43dab17b2c2bddf711e0ce0,2022-06,Cambridgeshire Constabulary,Cambridgeshire Constabulary,0.180419,52.663473,On or near Sandy Lane,E01018104,Fenland 003G,Criminal damage and arson,Investigation complete; no suspect identified,
0f618a73a56bb333fde4cdc2596d4e3c88b31215be40a03efd1c9b1ed1a4fe6b,2022-06,Cambridgeshire Constabulary,Cambridgeshire Constabulary,0.177122,52.666762,On or near Holmes Drive,E01018104,Fenland 003G,Other theft,Investigation complete; no suspect identified,
e0d6964e27c513d3cfa57c2eed9c797a489a24ee5fd622807f287626297cb47f,2022-06,Cambridgeshire Constabulary,Cambridgeshire Constabulary,0.174429,52.664653,On or near Boyces Road,E01018104,Fenland 003G,Violence and sexual offences,Unable to prosecute suspect,
e709dae676a6c585177b4e644b8ee4ed6e69fa43c96e1a59d48c4a3d94c5f8d6,2022-06,Cambridgeshire Constabulary,Cambridgeshire Constabulary,0.175554,52.664965,On or near Cocketts Drive,E01018104,Fenland 003G,Violence and sexual offences,Unable to prosecute suspect,
13d937bc78f6d3ab6f356e136cf4a35db596ad0b1087dcc5f9244e1fb9b64e09,2022-06,Cambridgeshire Constabulary,Cambridgeshire Constabulary,0.174429,52.664653,On or near Boyces Road,E01018104,Fenland 003G,Violence and sexual offences,Unable to prosecute suspect,
,2022-06,Cambridgeshire Constabulary,Cambridgeshire Constabulary,0.160489,52.660575,On or near Chestnut Road,E01033111,Fenland 003H,Anti-social behaviour,,
2ba5d7625672c4f793e20a25b4782463bfa46e8bd3e699eec0c54a570115718e,2022-06,Cambridgeshire Constabulary,Cambridgeshire Constabulary,0.146530,52.655146,On or near Cox Close,E01033111,Fenland 003H,Bicycle theft,Investigation complete; no suspect identified,
8ed24c586c584cd9bc5961725587f72e5495d31268e173c36522f388431430a3,2022-06,Cambridgeshire Constabulary,Cambridgeshire Constabulary,0.156654,52.650259,On or near Boleness Road,E01033111,Fenland 003H,Burglary,Offender given a caution,
2621ec422e5e507d7b876c8c035cfd4ebf0e17e193d9f995bdb5ba661d743951,2022-06,Cambridgeshire Constabulary,Cambridgeshire Constabulary,0.156654,52.650259,On or near Boleness Road,E01033111,Fenland 003H,Burglary,Investigation complete; no suspect identified,
f078d22a2a0ce6724bf2f645fb9df2979d12011b73585f5866c2d5c2bde5d331,2022-06,Cambridgeshire Constabulary,Cambridgeshire Constabulary,0.161776,52.660290,On or near Artillery Street,E01033111,Fenland 003H,Burglary,Unable to prosecute suspect,
2d191dd15ff1108fa1af2efb4477bf19cb4a37820db4662f16d7a3ede8cd4832,2022-06,Cambridgeshire Constabulary,Cambridgeshire Constabulary,0.146530,52.655146,On or near Cox Close,E01033111,Fenland 003H,Burglary,Investigation complete; no suspect identified,
ac5024d48192b904b73f8eb187a769bcaeb1114c4fa4dceac969c5a0e5bd2f24,2022-06,Cambridgeshire Constabulary,Cambridgeshire Constabulary,0.156654,52.650259,On or near Boleness Road,E01033111,Fenland 003H,Burglary,Unable to prosecute suspect,
31a0f9527fb41c1ac52f144ea38724f4bbeddbd99b9351ffc4eb47453cd3aa8e,2022-06,Cambridgeshire Constabulary,Cambridgeshire Constabulary,0.156654,52.650259,On or near Boleness Road,E01033111,Fenland 003H,Burglary,Investigation complete; no suspect identified,
09890a082ae12b6dc68406b17ddac5c3e9357e05de27adf2283b5e5e54ba43e4,2022-06,Cambridgeshire Constabulary,Cambridgeshire Constabulary,0.156654,52.650259,On or near Boleness Road,E01033111,Fenland 003H,Burglary,Investigation complete; no suspect identified,
b70258b90302d99ca16275da3a52bbe76075fd140fd4a3d0cfbc6c811acad932,2022-06,Cambridgeshire Constabulary,Cambridgeshire Constabulary,0.156654,52.650259,On or near Boleness Road,E01033111,Fenland 003H,Burglary,Investigation complete; no suspect identified,
c2763d8b512eddfa9fd68b48bd76cd979440f55ee28e0b7c2af77b4b2cc69066,2022-06,Cambridgeshire Constabulary,Cambridgeshire Constabulary,0.156654,52.650259,On or near Boleness Road,E01033111,Fenland 003H,Burglary,Unable to prosecute suspect,
85bf2b1cecebef47913663a3ce5aefb3905532eb3a9b8773cbe5d9ac32649f59,2022-06,Cambridgeshire Constabulary,Cambridgeshire Constabulary,0.160489,52.660575,On or near Chestnut Road,E01033111,Fenland 003H,Burglary,Investigation complete; no suspect identified,
5fd1d2f2bec2fe6157039dca4e9d6753db97a4d20380bbe92cbd25f3376547a9,2022-06,Cambridgeshire Constabulary,Cambridgeshire Constabulary,0.156654,52.650259,On or near Boleness Road,E01033111,Fenland 003H,Burglary,Investigation complete; no suspect identified,
60fe7d73672eb22bc8032a3d27cf79f0ea139c8a2a5cd5baee6fa4db535ab9a8,2022-06,Cambridgeshire Constabulary,Cambridgeshire Constabulary,0.147945,52.656280,On or near Ellerby Drive,E01033111,Fenland 003H,Criminal damage and arson,Investigation complete; no suspect identified,
6d4f81e3f2deba43fd8d1a3b9646a6838f926786889a18ebde282ab826dd201f,2022-06,Cambridgeshire Constabulary,Cambridgeshire Constabulary,0.161776,52.660290,On or near Artillery Street,E01033111,Fenland 003H,Criminal damage and arson,Action to be taken by another organisation,
b68c21b8a0705da5c1730c846eaf002646f4285a4895581b5736fa9fc9c1c48f,2022-06,Cambridgeshire Constabulary,Cambridgeshire Constabulary,0.157312,52.660920,On or near Hillburn Road,E01033111,Fenland 003H,Criminal damage and arson,Unable to prosecute suspect,
8faaca3371bbcda35f3587028e17b0b0b93594b4f74189f02718b86c419c773f,2022-06,Cambridgeshire Constabulary,Cambridgeshire Constabulary,0.161863,52.660846,On or near Cannon Street,E01033111,Fenland 003H,Drugs,Offender given a caution,
046ee7e495ecae0a6e3db9dc8f5548d3cb983d9314c404388d519c62c842ef2b,2022-06,Cambridgeshire Constabulary,Cambridgeshire Constabulary,0.161863,52.660846,On or near Cannon Street,E01033111,Fenland 003H,Drugs,Offender given a caution,
d59c6202ddfc7ef80d8b02620454407d75b6bfabeead85590cbaac5e13722e98,2022-06,Cambridgeshire Constabulary,Cambridgeshire Constabulary,0.161863,52.660846,On or near Cannon Street,E01033111,Fenland 003H,Drugs,Unable to prosecute suspect,
76c8ee7737a88c4666a44b2d0cebbecf6db8688635c6f675fe37748a543654d2,2022-06,Cambridgeshire Constabulary,Cambridgeshire Constabulary,0.156654,52.650259,On or near Boleness Road,E01033111,Fenland 003H,Other theft,Investigation complete; no suspect identified,
8da1d169f076cf764819222ecdd93e47c0439d8011b89a0ef6edf56e136408c8,2022-06,Cambridgeshire Constabulary,Cambridgeshire Constabulary,0.156654,52.650259,On or near Boleness Road,E01033111,Fenland 003H,Other theft,Investigation complete; no suspect identified,
38997e6f091d36465a9727ef302c7d02a338012521277e6491b9fa8e4e2fca06,2022-06,Cambridgeshire Constabulary,Cambridgeshire Constabulary,0.156654,52.650259,On or near Boleness Road,E01033111,Fenland 003H,Other theft,Investigation complete; no suspect identified,
6d7209141d475022a290696c64621c571fbf02005b4c024359eeb013658b2ad1,2022-06,Cambridgeshire Constabulary,Cambridgeshire Constabulary,0.156654,52.650259,On or near Boleness Road,E01033111,Fenland 003H,Other theft,Investigation complete; no suspect identified,
c90a606187ee6d505335fbfe2186eaff699b326693d0a02dae9d539cbc014823,2022-06,Cambridgeshire Constabulary,Cambridgeshire Constabulary,0.156654,52.650259,On or near Boleness Road,E01033111,Fenland 003H,Other theft,Unable to prosecute suspect,
f5c326afd56b55dd6d4b769323789bb14ff511c6f431e0f2900e7b7a5de83f23,2022-06,Cambridgeshire Constabulary,Cambridgeshire Constabulary,0.156654,52.650259,On or near Boleness Road,E01033111,Fenland 003H,Other theft,Investigation complete; no suspect identified,
d845e89da0739dfb68847a0d03bd0038c0a6354ddca73459f5bb2a1249a91329,2022-06,Cambridgeshire Constabulary,Cambridgeshire Constabulary,0.156685,52.653891,On or near Regal Road,E01033111,Fenland 003H,Other theft,Investigation complete; no suspect identified,
552c64635e1025b7b0d311219770e62d3d27b6a983af4aea363e8db0e04cf049,2022-06,Cambridgeshire Constabulary,Cambridgeshire Constabulary,0.156654,52.650259,On or near Boleness Road,E01033111,Fenland 003H,Other theft,Investigation complete; no suspect identified,
974e46f74affd1ea1c0bc73d2847fd83ffc456c4df25207476b2aea94a252bcc,2022-06,Cambridgeshire Constabulary,Cambridgeshire Constabulary,0.156654,52.650259,On or near Boleness Road,E01033111,Fenland 003H,Other theft,Investigation complete; no suspect identified,
26585afa17f5a1c5fc2467e416b9b8a56da7bc213956c3deb2e154f6283cfdf4,2022-06,Cambridgeshire Constabulary,Cambridgeshire Constabulary,0.156654,52.650259,On or near Boleness Road,E01033111,Fenland 003H,Other theft,Investigation complete; no suspect identified,
57feb39f8611da680037bc5570996843c627cc681cda16819c9e5bdb0f8d2382,2022-06,Cambridgeshire Constabulary,Cambridgeshire Constabulary,0.156654,52.650259,On or near Boleness Road,E01033111,Fenland 003H,Other theft,Investigation complete; no suspect identified,
93f067eca9fb6547381f8e31efb0168181650509da8a9f2083e193fcf41f0a44,2022-06,Cambridgeshire Constabulary,Cambridgeshire Constabulary,0.156654,52.650259,On or near Boleness Road,E01033111,Fenland 003H,Other theft,Unable to prosecute suspect,
a621a249cfa73287710b39e543c51797f89e7754ac268a078f8c468cc8e56d44,2022-06,Cambridgeshire Constabulary,Cambridgeshire Constabulary,0.156654,52.650259,On or near Boleness Road,E01033111,Fenland 003H,Other theft,Unable to prosecute suspect,
641fa7e63620ee1b5fc9356f7f55d4155b646cb82a862bbec2cdea07eec602e7,2022-06,Cambridgeshire Constabulary,Cambridgeshire Constabulary,0.156654,52.650259,On or near Boleness Road,E01033111,Fenland 003H,Other theft,Investigation complete; no suspect identified,
a1f8d251e335c6f0e02d22f8088cf3415641eebddabb7cb0d6e51e9d8d649cd8,2022-06,Cambridgeshire Constabulary,Cambridgeshire Constabulary,0.156654,52.650259,On or near Boleness Road,E01033111,Fenland 003H,Other theft,Investigation complete; no suspect identified,
b062f6e7264e0fd481ed6a9d6fa414e5a84e2ec07a808337d976b2271ed5c92d,2022-06,Cambridgeshire Constabulary,Cambridgeshire Constabulary,0.156654,52.650259,On or near Boleness Road,E01033111,Fenland 003H,Other theft,Investigation complete; no suspect identified,
1bf8317b7cc72844b78c691f9f70e12c051562cd74f9bcdb0d5726689f56eefb,2022-06,Cambridgeshire Constabulary,Cambridgeshire Constabulary,0.156654,52.650259,On or near Boleness Road,E01033111,Fenland 003H,Other theft,Investigation complete; no suspect identified,
20ba7dc3f9dfc12f6557df6a3e88cb39c48e128a191fcd2f749cf866aadb8cca,2022-06,Cambridgeshire Constabulary,Cambridgeshire Constabulary,0.156654,52.650259,On or near Boleness Road,E01033111,Fenland 003H,Other theft,Investigation complete; no suspect identified,
a614181da3e6137bbff7c3f1d4ff57df45247ffc130e37b930b3519aac896f52,2022-06,Cambridgeshire Constabulary,Cambridgeshire Constabulary,0.156654,52.650259,On or near Boleness Road,E01033111,Fenland 003H,Other theft,Unable to prosecute suspect,
d37ecd234f5c8c502efd17afb21ffd28776b254c97e5c3c9ff341b3db012d674,2022-06,Cambridgeshire Constabulary,Cambridgeshire Constabulary,0.156654,52.650259,On or near Boleness Road,E01033111,Fenland 003H,Other theft,Investigation complete; no suspect identified,
d9c21e3fca51eb39b41c0a727f3a5f48dc77d5877f0eb2f7ec51f66fed9cc24e,2022-06,Cambridgeshire Constabulary,Cambridgeshire Constabulary,0.156654,52.650259,On or near Boleness Road,E01033111,Fenland 003H,Other theft,Investigation complete; no suspect identified,
933ec89502044c3d794f0909fc8d4992b50203a1720296f3ad80e20886af08aa,2022-06,Cambridgeshire Constabulary,Cambridgeshire Constabulary,0.156654,52.650259,On or near Boleness Road,E01033111,Fenland 003H,Other theft,Investigation complete; no suspect identified,
0c542f75c3bc9834bd17492649579213f7b60f34089e28476c4a58032e37598e,2022-06,Cambridgeshire Constabulary,Cambridgeshire Constabulary,0.147945,52.656280,On or near Ellerby Drive,E01033111,Fenland 003H,Public order,Unable to prosecute suspect,
9303e3ed642a7eb89e5961b95b3267c7a8e68c0b348ae31aafae0a1c01db8638,2022-06,Cambridgeshire Constabulary,Cambridgeshire Constabulary,0.146530,52.655146,On or near Cox Close,E01033111,Fenland 003H,Shoplifting,Local resolution,
7c59adb9b2aea711d40d7f870868a99b58b8e806cd72077b6c22ee2177640ada,2022-06,Cambridgeshire Constabulary,Cambridgeshire Constabulary,0.146530,52.655146,On or near Cox Close,E01033111,Fenland 003H,Shoplifting,Investigation complete; no suspect identified,
cafee2dfb7c789e08791d78ba9b58282fedc3cb31f186279126b3e90975415aa,2022-06,Cambridgeshire Constabulary,Cambridgeshire Constabulary,0.141405,52.651633,On or near South Brink,E01033111,Fenland 003H,Shoplifting,Court result unavailable,
892ae000313fdf36828acdf4bff7872e8e1b2bd5fee8ceaf9ef30b40cb9d2830,2022-06,Cambridgeshire Constabulary,Cambridgeshire Constabulary,0.146530,52.655146,On or near Cox Close,E01033111,Fenland 003H,Shoplifting,Investigation complete; no suspect identified,
15b0c8376612b35386b710be1e67beaad6000e8724676761e2bf800123231484,2022-06,Cambridgeshire Constabulary,Cambridgeshire Constabulary,0.141405,52.651633,On or near South Brink,E01033111,Fenland 003H,Shoplifting,Investigation complete; no suspect identified,
3981fb410c529882c2600bf50b2f85cc635ce062c1405b6ddbc5ed51f6b9f1f3,2022-06,Cambridgeshire Constabulary,Cambridgeshire Constabulary,0.146530,52.655146,On or near Cox Close,E01033111,Fenland 003H,Shoplifting,Investigation complete; no suspect identified,
b720a8a07bf04cf8d22ae5eef6e1b73d5d5a1da21b52fb02bde6060738e71c61,2022-06,Cambridgeshire Constabulary,Cambridgeshire Constabulary,0.141405,52.651633,On or near South Brink,E01033111,Fenland 003H,Shoplifting,Investigation complete; no suspect identified,
f4ad1f51e615c7cfa72887fedc7281cd174482a6629a1cf7ad5928bc74f0665c,2022-06,Cambridgeshire Constabulary,Cambridgeshire Constabulary,0.146530,52.655146,On or near Cox Close,E01033111,Fenland 003H,Shoplifting,Investigation complete; no suspect identified,
4b31e34b450566b7e3092d3b38dd1b285a1c4bb9121b2cbb5f51f143254c7d1e,2022-06,Cambridgeshire Constabulary,Cambridgeshire Constabulary,0.141405,52.651633,On or near South Brink,E01033111,Fenland 003H,Shoplifting,Offender given a caution,
6e0c9dad2fd0168c3892448c6fd25c88d5e5de963b9b190c8a6491a49edbc4ef,2022-06,Cambridgeshire Constabulary,Cambridgeshire Constabulary,0.141405,52.651633,On or near South Brink,E01033111,Fenland 003H,Shoplifting,Court result unavailable,
62156a6e57b2be1b6dfa7166a9ec6106936676bce55efb94468d037e04c51faa,2022-06,Cambridgeshire Constabulary,Cambridgeshire Constabulary,0.141405,52.651633,On or near South Brink,E01033111,Fenland 003H,Shoplifting,Offender given a caution,
cc23d101a1dbb95d4debe2b8987b9d070fde0acdce5dc757ac8bf2549fd9014f,2022-06,Cambridgeshire Constabulary,Cambridgeshire Constabulary,0.141405,52.651633,On or near South Brink,E01033111,Fenland 003H,Shoplifting,Court result unavailable,
3120f15f3a42e717768e21b22bbf304117420f2fed8aa5bf514599178bde1b5b,2022-06,Cambridgeshire Constabulary,Cambridgeshire Constabulary,0.147468,52.650157,On or near Salters Way,E01033111,Fenland 003H,Vehicle crime,Investigation complete; no suspect identified,
dd802b2c7f99b1f9cc150d59074e89fbd9516275bef3af195104e737f9dc6ffb,2022-06,Cambridgeshire Constabulary,Cambridgeshire Constabulary,0.156333,52.662377,On or near Kingsley Avenue,E01033111,Fenland 003H,Vehicle crime,Unable to prosecute suspect,
cf9799a11c33ec704763df7bafe4b6c9c1d230e01cde1e73290d9bf8d6c6b819,2022-06,Cambridgeshire Constabulary,Cambridgeshire Constabulary,0.161776,52.660290,On or near Artillery Street,E01033111,Fenland 003H,Violence and sexual offences,Investigation complete; no suspect identified,
37679e3ef7a23c3f95f16b7c17384abf959bb151247fd9886308e586bbf713aa,2022-06,Cambridgeshire Constabulary,Cambridgeshire Constabulary,0.156333,52.662377,On or near Kingsley Avenue,E01033111,Fenland 003H,Violence and sexual offences,Unable to prosecute suspect,
24f99d05016075b405d3aa93f63963b14eff9f254d9d823b036c72df4fad4bb0,2022-06,Cambridgeshire Constabulary,Cambridgeshire Constabulary,0.161776,52.660290,On or near Artillery Street,E01033111,Fenland 003H,Violence and sexual offences,Unable to prosecute suspect,
7e76a9ee67a4298d5b4c18df897900dc027d728be1c7ba0b5f1af09473c08335,2022-06,Cambridgeshire Constabulary,Cambridgeshire Constabulary,0.161863,52.660846,On or near Cannon Street,E01033111,Fenland 003H,Violence and sexual offences,Unable to prosecute suspect,
c9dce6ea8f91ba551070f2967b7638d3a0e6cc0d0186c6e22c4d19ea88834f05,2022-06,Cambridgeshire Constabulary,Cambridgeshire Constabulary,0.160489,52.660575,On or near Chestnut Road,E01033111,Fenland 003H,Violence and sexual offences,Unable to prosecute suspect,
edc60e1b77ffc0f738c158f56d72bdb11f80f3258be1813828ed43bc15b453ab,2022-06,Cambridgeshire Constabulary,Cambridgeshire Constabulary,0.156685,52.653891,On or near Regal Road,E01033111,Fenland 003H,Violence and sexual offences,Unable to prosecute suspect,
,2022-06,Cambridgeshire Constabulary,Cambridgeshire Constabulary,0.163280,52.663203,On or near Royal Place,E01033112,Fenland 003I,Anti-social behaviour,,
,2022-06,Cambridgeshire Constabulary,Cambridgeshire Constabulary,0.162608,52.665463,On or near Blackfriars Road,E01033112,Fenland 003I,Anti-social behaviour,,
,2022-06,Cambridgeshire Constabulary,Cambridgeshire Constabulary,0.164356,52.661331,On or near Onyx Court,E01033112,Fenland 003I,Anti-social behaviour,,
,2022-06,Cambridgeshire Constabulary,Cambridgeshire Constabulary,0.159922,52.664667,On or near Castle Mews,E01033112,Fenland 003I,Anti-social behaviour,,
,2022-06,Cambridgeshire Constabulary,Cambridgeshire Constabulary,0.162362,52.665872,On or near Canal Street,E01033112,Fenland 003I,Anti-social behaviour,,
,2022-06,Cambridgeshire Constabulary,Cambridgeshire Constabulary,0.160777,52.664328,On or near Ely Place,E01033112,Fenland 003I,Anti-social behaviour,,
6400b2d9bbc2fe99d408ecc12ed133c1c0231793471ceb508a9043755a5eed19,2022-06,Cambridgeshire Constabulary,Cambridgeshire Constabulary,0.158530,52.664333,On or near Post Office Lane,E01033112,Fenland 003I,Criminal damage and arson,Unable to prosecute suspect,
028259eba453e13eb5b9780f6971d3186b15f78797732fcdc561d32c47135179,2022-06,Cambridgeshire Constabulary,Cambridgeshire Constabulary,0.156500,52.663956,On or near Somers Road,E01033112,Fenland 003I,Criminal damage and arson,Investigation complete; no suspect identified,
e5c97dbfef9e348f2151d8e29848ed1a441821d61f9e4a0a10c96d062c8c1c85,2022-06,Cambridgeshire Constabulary,Cambridgeshire Constabulary,0.159793,52.661756,On or near Prince'S Road,E01033112,Fenland 003I,Criminal damage and arson,Unable to prosecute suspect,
34e682443c59c16d24e05178fa87362901291e4ff889eab909f23508526c5905,2022-06,Cambridgeshire Constabulary,Cambridgeshire Constabulary,0.156500,52.663956,On or near Somers Road,E01033112,Fenland 003I,Criminal damage and arson,Investigation complete; no suspect identified,
4e153018a2151145dcf17e82ed1cae22ddad010076acdff227d18077e174a184,2022-06,Cambridgeshire Constabulary,Cambridgeshire Constabulary,0.158530,52.664333,On or near Post Office Lane,E01033112,Fenland 003I,Criminal damage and arson,Investigation complete; no suspect identified,
e7a884d4094e7a8de7e6f6c731b79b7e7996372a91cb9c58e760758d0430f763,2022-06,Cambridgeshire Constabulary,Cambridgeshire Constabulary,0.159793,52.661756,On or near Prince'S Road,E01033112,Fenland 003I,Criminal damage and arson,Unable to prosecute suspect,
fc2382d53498c0085c72b5ab7046cc0845b40fb35796a9a2860e79d5e24934f1,2022-06,Cambridgeshire Constabulary,Cambridgeshire Constabulary,0.156500,52.663956,On or near Somers Road,E01033112,Fenland 003I,Criminal damage and arson,Investigation complete; no suspect identified,
99eb8e8ca462b5b4021f0226ce8a40286c0f37f515dbecdd516e118a706ff51a,2022-06,Cambridgeshire Constabulary,Cambridgeshire Constabulary,0.159793,52.661756,On or near Prince'S Road,E01033112,Fenland 003I,Criminal damage and arson,Investigation complete; no suspect identified,
ffb86892e3eb9b98dc0f2f2695ca203c05834a6af7c8c3f2006c87d78e99e7ca,2022-06,Cambridgeshire Constabulary,Cambridgeshire Constabulary,0.156500,52.663956,On or near Somers Road,E01033112,Fenland 003I,Criminal damage and arson,Investigation complete; no suspect identified,
61d08a027103d8c855be88f1c9ce3ea43194e772d2d77e78f5910bad5660825a,2022-06,Cambridgeshire Constabulary,Cambridgeshire Constabulary,0.163280,52.663203,On or near Royal Place,E01033112,Fenland 003I,Drugs,Offender given a caution,
04a5cfa44d8a33b79d4503db019d86ac34b4afd92e7514ce051daf830bc368df,2022-06,Cambridgeshire Constabulary,Cambridgeshire Constabulary,0.154132,52.663927,On or near South Brink,E01033112,Fenland 003I,Other theft,Investigation complete; no suspect identified,
9e92b0f99c71cb7c026639cfd2eed3e98874b98372f00d2189adddb3a91112d5,2022-06,Cambridgeshire Constabulary,Cambridgeshire Constabulary,0.159793,52.661756,On or near Prince'S Road,E01033112,Fenland 003I,Other theft,Investigation complete; no suspect identified,
8b6161e7b36f865fc2fb84632a0e5b970a9f07a9c1fa79a1c0d2cadfb124ac6f,2022-06,Cambridgeshire Constabulary,Cambridgeshire Constabulary,0.154132,52.663927,On or near South Brink,E01033112,Fenland 003I,Other theft,Investigation complete; no suspect identified,
9df753381827a9b3eb3a996cf7c3586e967beab60835d08d8d707931ba13cb0f,2022-06,Cambridgeshire Constabulary,Cambridgeshire Constabulary,0.162608,52.665463,On or near Blackfriars Road,E01033112,Fenland 003I,Other theft,Investigation complete; no suspect identified,
7c78e793d4bb17340cc3fd1cd47243a0bf05570d93920939782e9ea352f11052,2022-06,Cambridgeshire Constabulary,Cambridgeshire Constabulary,0.162362,52.665872,On or near Canal Street,E01033112,Fenland 003I,Public order,Unable to prosecute suspect,
daa62a4383671f3514efe8b9acd2454536a09c42511f5461a5831d5456e98af3,2022-06,Cambridgeshire Constabulary,Cambridgeshire Constabulary,0.159922,52.664667,On or near Castle Mews,E01033112,Fenland 003I,Public order,Court result unavailable,
81f4fe7db6ec89756b4451b482e484057fae44ec40666ac553274a38b7e9a0d8,2022-06,Cambridgeshire Constabulary,Cambridgeshire Constabulary,0.163280,52.663203,On or near Royal Place,E01033112,Fenland 003I,Public order,Unable to prosecute suspect,
b3501cbbe5d5b2fa910d287bab20fdc7616572bbf949dd0474cc20cdbb1c1389,2022-06,Cambridgeshire Constabulary,Cambridgeshire Constabulary,0.162362,52.665872,On or near Canal Street,E01033112,Fenland 003I,Public order,Unable to prosecute suspect,
4d9084efca4123c50f27e807adf7da82390108bbefe9053efbe37797db038215,2022-06,Cambridgeshire Constabulary,Cambridgeshire Constabulary,0.164356,52.661331,On or near Onyx Court,E01033112,Fenland 003I,Public order,Unable to prosecute suspect,
8ad82366483ad8799b9d25fde0ba91baf02f55a4c92c5e7f20b1aa18e2a53923,2022-06,Cambridgeshire Constabulary,Cambridgeshire Constabulary,0.159922,52.664667,On or near Castle Mews,E01033112,Fenland 003I,Public order,Investigation complete; no suspect identified,
b59f9dba4ffe4c5879fb86c43c5986b8aa92b9e2fddc01180a9257331f7a078e,2022-06,Cambridgeshire Constabulary,Cambridgeshire Constabulary,0.159247,52.664778,On or near High Street,E01033112,Fenland 003I,Robbery,Unable to prosecute suspect,
fc38d729cd5f5d61aa23f3f16129d6451c1a1b511f5a64681c908d52f2dc6f1d,2022-06,Cambridgeshire Constabulary,Cambridgeshire Constabulary,0.161125,52.666273,On or near Bus/Coach Station,E01033112,Fenland 003I,Shoplifting,Court result unavailable,
35872aca11b1e1f8271b8ee9fa087a193e2fcad58ecae6820a1cde6920ed7f96,2022-06,Cambridgeshire Constabulary,Cambridgeshire Constabulary,0.161125,52.666273,On or near Bus/Coach Station,E01033112,Fenland 003I,Shoplifting,Court result unavailable,
f2b10d1cc547b569b416dcbcb8b462736d03990f658bbe1c09153ef7321f6c8e,2022-06,Cambridgeshire Constabulary,Cambridgeshire Constabulary,0.159922,52.664667,On or near Castle Mews,E01033112,Fenland 003I,Shoplifting,Investigation complete; no suspect identified,
9e672ba5ac7ba4b77bde4c194c3b94c17526cbd0ab65254e36bdb668b891a0b5,2022-06,Cambridgeshire Constabulary,Cambridgeshire Constabulary,0.161125,52.666273,On or near Bus/Coach Station,E01033112,Fenland 003I,Shoplifting,Court result unavailable,
f24d478e56e19e607cb257d2549cc590d6e49b8c4db0a851988ba6235d133abb,2022-06,Cambridgeshire Constabulary,Cambridgeshire Constabulary,0.159922,52.664667,On or near Castle Mews,E01033112,Fenland 003I,Shoplifting,Court result unavailable,
28227c6479e253a94570759984eda7410400404cba2096e4689dd6a32f71e935,2022-06,Cambridgeshire Constabulary,Cambridgeshire Constabulary,0.159922,52.664667,On or near Castle Mews,E01033112,Fenland 003I,Shoplifting,Court result unavailable,
94efb195109bfc1fa82519d6dd7a40363f63db57dfc0c85bf529cf58d8cec4ef,2022-06,Cambridgeshire Constabulary,Cambridgeshire Constabulary,0.161125,52.666273,On or near Bus/Coach Station,E01033112,Fenland 003I,Shoplifting,Investigation complete; no suspect identified,
3d52a2785582b8b9487b52f77af8205710df0d4df94766f0d9154c042d73cf44,2022-06,Cambridgeshire Constabulary,Cambridgeshire Constabulary,0.159922,52.664667,On or near Castle Mews,E01033112,Fenland 003I,Shoplifting,Court result unavailable,
019cf31752fa023fd0d44f9615bb6ddc1420eebb290bdc4657023a90746fa60c,2022-06,Cambridgeshire Constabulary,Cambridgeshire Constabulary,0.159134,52.665787,On or near Nene Quay,E01033112,Fenland 003I,Shoplifting,Investigation complete; no suspect identified,
0bf2cddf5f8e611212eb0cb2889a7da0a520dbc960eb7aef46d41b4d04998718,2022-06,Cambridgeshire Constabulary,Cambridgeshire Constabulary,0.159922,52.664667,On or near Castle Mews,E01033112,Fenland 003I,Shoplifting,Court result unavailable,
d8f800b71e5f48126f97351cf0f96c7e3de5da2feb2354d38b16f70cc0b70ef4,2022-06,Cambridgeshire Constabulary,Cambridgeshire Constabulary,0.159922,52.664667,On or near Castle Mews,E01033112,Fenland 003I,Shoplifting,Court result unavailable,
60285fda8b55aac10ecc2f290741a302001ba5260fc640edda52c2f7d9891656,2022-06,Cambridgeshire Constabulary,Cambridgeshire Constabulary,0.159922,52.664667,On or near Castle Mews,E01033112,Fenland 003I,Shoplifting,Court result unavailable,
c63222c66e73647705b74bdc3296ca6d38c5a8f3e0cac48d52a1b449dae76c4c,2022-06,Cambridgeshire Constabulary,Cambridgeshire Constabulary,0.161125,52.666273,On or near Bus/Coach Station,E01033112,Fenland 003I,Shoplifting,Court result unavailable,
5162c53de6cb5eff0c05b75cb3856289a5b7c6ee241c61de7fb37351cee0ee28,2022-06,Cambridgeshire Constabulary,Cambridgeshire Constabulary,0.161125,52.666273,On or near Bus/Coach Station,E01033112,Fenland 003I,Shoplifting,Unable to prosecute suspect,
8837ecdfbba54366238f176966821438eefd324fd9b5fe5d4d6464625d66f00e,2022-06,Cambridgeshire Constabulary,Cambridgeshire Constabulary,0.160552,52.664548,On or near Market Street,E01033112,Fenland 003I,Shoplifting,Investigation complete; no suspect identified,
b34ef00024d83400402f34f2ca514ca1a3cdd2717035bd89965408e420589846,2022-06,Cambridgeshire Constabulary,Cambridgeshire Constabulary,0.159922,52.664667,On or near Castle Mews,E01033112,Fenland 003I,Shoplifting,Court result unavailable,
df3be16e69775e4bc76a553e6f712e337097621692c72abfa1e73f488678b2d9,2022-06,Cambridgeshire Constabulary,Cambridgeshire Constabulary,0.159922,52.664667,On or near Castle Mews,E01033112,Fenland 003I,Shoplifting,Court result unavailable,
0043b196d6d9aea19014518f8ceefa1227d8569be1d14fb5b68c3daddd571db5,2022-06,Cambridgeshire Constabulary,Cambridgeshire Constabulary,0.161125,52.666273,On or near Bus/Coach Station,E01033112,Fenland 003I,Shoplifting,Court result unavailable,
cc1b6f2e0f76acccf2062095869c14acd33856c487cdc3685e581d0ceb0a496b,2022-06,Cambridgeshire Constabulary,Cambridgeshire Constabulary,0.161125,52.666273,On or near Bus/Coach Station,E01033112,Fenland 003I,Shoplifting,Court result unavailable,
55d80b85eb0e2b44e82d923667172ef081fb3e4a8077405390da559c04343438,2022-06,Cambridgeshire Constabulary,Cambridgeshire Constabulary,0.161125,52.666273,On or near Bus/Coach Station,E01033112,Fenland 003I,Shoplifting,Unable to prosecute suspect,
b7460abe1b2b6bca97aca3e302b9ff15a0fcfb2a7f89a94e23ab5a168c2aceb2,2022-06,Cambridgeshire Constabulary,Cambridgeshire Constabulary,0.160552,52.664548,On or near Market Street,E01033112,Fenland 003I,Shoplifting,Investigation complete; no suspect identified,
474e91820ce767be53c642c352ed26d896153c45e404a903c8ce60d07b05106c,2022-06,Cambridgeshire Constabulary,Cambridgeshire Constabulary,0.159922,52.664667,On or near Castle Mews,E01033112,Fenland 003I,Shoplifting,Investigation complete; no suspect identified,
f36a0370ed274bda2add50b70e3f4271fab0eb296a39ac1a5c74b2475905a03f,2022-06,Cambridgeshire Constabulary,Cambridgeshire Constabulary,0.162111,52.664672,On or near Shopping Area,E01033112,Fenland 003I,Theft from the person,Investigation complete; no suspect identified,
b49ba4b9c8f1c216325eaca1cfcc478af4491666de9b139653ff226e23b16bdf,2022-06,Cambridgeshire Constabulary,Cambridgeshire Constabulary,0.159134,52.665787,On or near Nene Quay,E01033112,Fenland 003I,Vehicle crime,Investigation complete; no suspect identified,
7a3e9afa560674a38384d3783ce01f6b5e79215d8be292a76c6e7bee762f8220,2022-06,Cambridgeshire Constabulary,Cambridgeshire Constabulary,0.158762,52.664544,On or near Bridge Street,E01033112,Fenland 003I,Vehicle crime,Investigation complete; no suspect identified,
59fde9455729ff898176eb45b28cf53d583ae3659ced53bd4f13a1adce413965,2022-06,Cambridgeshire Constabulary,Cambridgeshire Constabulary,0.163036,52.665150,On or near Falcon Road,E01033112,Fenland 003I,Vehicle crime,Investigation complete; no suspect identified,
30597adb0d18daa5d3cc65dcea877f99860579a66e5fe3862e05999a2f14f43d,2022-06,Cambridgeshire Constabulary,Cambridgeshire Constabulary,0.162655,52.665220,On or near Hogherd'S Lane,E01033112,Fenland 003I,Violence and sexual offences,Unable to prosecute suspect,
7a015c8fa8f435b1883dd4c34fc150d129e3cba2dca7c092ccab99dbebab84c9,2022-06,Cambridgeshire Constabulary,Cambridgeshire Constabulary,0.161125,52.666273,On or near Bus/Coach Station,E01033112,Fenland 003I,Violence and sexual offences,Unable to prosecute suspect,
d00bbbc9eea1fd747c8dc42e7cfdeecc6e87e771fc181ecf81062fc0e8cb0d46,2022-06,Cambridgeshire Constabulary,Cambridgeshire Constabulary,0.164792,52.660271,On or near John Thompson Road,E01033112,Fenland 003I,Violence and sexual offences,Unable to prosecute suspect,
c152029181c14482d334278a080ad263f4c2185e7e1562026da15877da5f2bb8,2022-06,Cambridgeshire Constabulary,Cambridgeshire Constabulary,0.158530,52.664333,On or near Post Office Lane,E01033112,Fenland 003I,Violence and sexual offences,Unable to prosecute suspect,
a7d7cefd7d83ef73c9711de7bdd0e188883db2cfa185f5982056314e084171ec,2022-06,Cambridgeshire Constabulary,Cambridgeshire Constabulary,0.164792,52.660271,On or near John Thompson Road,E01033112,Fenland 003I,Violence and sexual offences,Unable to prosecute suspect,
b1d08d71f91e710b7cd05681eb62be0c2d9833268ad9103a05410da1dbcff4a9,2022-06,Cambridgeshire Constabulary,Cambridgeshire Constabulary,0.164020,52.661715,On or near Howletts Hill,E01033112,Fenland 003I,Violence and sexual offences,Unable to prosecute suspect,
6c7cadc76f7a3ddbcf0b80315ad8c5143c0165612c6cd277752e5bef87ec961a,2022-06,Cambridgeshire Constabulary,Cambridgeshire Constabulary,0.158530,52.664333,On or near Post Office Lane,E01033112,Fenland 003I,Violence and sexual offences,Offender given a caution,
b54af5e525fd17f7438c2a321697724f6d5f50477ad7ad9976fbeb41de5cbc97,2022-06,Cambridgeshire Constabulary,Cambridgeshire Constabulary,0.162655,52.665220,On or near Hogherd'S Lane,E01033112,Fenland 003I,Violence and sexual offences,Unable to prosecute suspect,
399eb2816398203f977abbaf608d1e56a7e2159bdb47d1b7a3e83c465d0c89f1,2022-06,Cambridgeshire Constabulary,Cambridgeshire Constabulary,0.159922,52.664667,On or near Castle Mews,E01033112,Fenland 003I,Violence and sexual offences,Local resolution,
cc19bdfdec7b28b46f39c69e28c60fd97d6f8239b08383d340debc50425e71c5,2022-06,Cambridgeshire Constabulary,Cambridgeshire Constabulary,0.159793,52.661756,On or near Prince'S Road,E01033112,Fenland 003I,Violence and sexual offences,Unable to prosecute suspect,
62e7f0ba9a634a5ffae364cb5115f9f5819a1700ae939590f202988b012ee567,2022-06,Cambridgeshire Constabulary,Cambridgeshire Constabulary,0.159922,52.664667,On or near Castle Mews,E01033112,Fenland 003I,Violence and sexual offences,Investigation complete; no suspect identified,
7c69672e933f3e00aaa390fa79e42300ae1f9d892830cc761e316084d43d0562,2022-06,Cambridgeshire Constabulary,Cambridgeshire Constabulary,0.158530,52.664333,On or near Post Office Lane,E01033112,Fenland 003I,Violence and sexual offences,Unable to prosecute suspect,
0422d12cef763d8738155dd00b4e900b753a7cdfd289681548d628e73d5e976e,2022-06,Cambridgeshire Constabulary,Cambridgeshire Constabulary,0.154034,52.663120,On or near Parking Area,E01033112,Fenland 003I,Violence and sexual offences,Unable to prosecute suspect,
8fe1d57f88097eb82be197ea1ab1227bef2c611d2dd56242e8f15f07ed791397,2022-06,Cambridgeshire Constabulary,Cambridgeshire Constabulary,0.159793,52.661756,On or near Prince'S Road,E01033112,Fenland 003I,Violence and sexual offences,Unable to prosecute suspect,
407ed659921df54362d147066e7f170bcc90dff09ea6c56d80e8ca942e9f87aa,2022-06,Cambridgeshire Constabulary,Cambridgeshire Constabulary,0.164792,52.660271,On or near John Thompson Road,E01033112,Fenland 003I,Violence and sexual offences,Investigation complete; no suspect identified,
d86637531195bc369500e4285acfb6b3f031f82583af6ef5b4a4a7ca9fd1bd34,2022-06,Cambridgeshire Constabulary,Cambridgeshire Constabulary,0.158530,52.664333,On or near Post Office Lane,E01033112,Fenland 003I,Violence and sexual offences,Unable to prosecute suspect,
163022e0f73884b34e1578d3616fb381d094d3cea77ec4ec309988260a9c8a8b,2022-06,Cambridgeshire Constabulary,Cambridgeshire Constabulary,0.154132,52.663927,On or near South Brink,E01033112,Fenland 003I,Violence and sexual offences,Unable to prosecute suspect,
,2022-06,Cambridgeshire Constabulary,Cambridgeshire Constabulary,0.159341,52.638180,On or near Begdale Road,E01018066,Fenland 004A,Anti-social behaviour,,
,2022-06,Cambridgeshire Constabulary,Cambridgeshire Constabulary,0.159341,52.638180,On or near Begdale Road,E01018066,Fenland 004A,Anti-social behaviour,,
e7f27b5f55f31f3fe86bde5637243bae35050161f88d35765a1da7378fd70f9a,2022-06,Cambridgeshire Constabulary,Cambridgeshire Constabulary,0.167545,52.628643,On or near Back Road,E01018066,Fenland 004A,Drugs,Offender given a caution,
db51850501d0161cc74cee40b3689467df5b4a6d247ab1643da842dab38b8733,2022-06,Cambridgeshire Constabulary,Cambridgeshire Constabulary,0.166523,52.640270,On or near All Saints Close,E01018066,Fenland 004A,Violence and sexual offences,Unable to prosecute suspect,
0374bc7575b75600075c1a54ccd4f4c07a5627e570b5d2ca83c4bf0412103b42,2022-06,Cambridgeshire Constabulary,Cambridgeshire Constabulary,0.166523,52.640270,On or near All Saints Close,E01018066,Fenland 004A,Violence and sexual offences,Unable to prosecute suspect,
,2022-06,Cambridgeshire Constabulary,Cambridgeshire Constabulary,0.170300,52.635336,On or near Birch Grove,E01018067,Fenland 004B,Anti-social behaviour,,
,2022-06,Cambridgeshire Constabulary,Cambridgeshire Constabulary,0.168240,52.638512,On or near Cedar Way,E01018067,Fenland 004B,Anti-social behaviour,,
,2022-06,Cambridgeshire Constabulary,Cambridgeshire Constabulary,0.168240,52.638512,On or near Cedar Way,E01018067,Fenland 004B,Anti-social behaviour,,
5fa4a94f466384856e81cb9270205f99fe4065accb3189fa85b209153965b713,2022-06,Cambridgeshire Constabulary,Cambridgeshire Constabulary,0.170300,52.635336,On or near Birch Grove,E01018067,Fenland 004B,Public order,Unable to prosecute suspect,
23dd8fd049ead9c7a1ee2e33d4d2cbf5fe6c45c993367a03923d33342c12c2b8,2022-06,Cambridgeshire Constabulary,Cambridgeshire Constabulary,0.170300,52.635336,On or near Birch Grove,E01018067,Fenland 004B,Public order,Further action is not in the public interest,
06c974a41e708fc8a0cac69193af93b95f54559486f5737c28910824ebac5d2e,2022-06,Cambridgeshire Constabulary,Cambridgeshire Constabulary,0.170300,52.635336,On or near Birch Grove,E01018067,Fenland 004B,Public order,Further action is not in the public interest,
cce853c16fc3b4ea471873198d61af64a29a25ca7fe89208f90d0e3b842349a6,2022-06,Cambridgeshire Constabulary,Cambridgeshire Constabulary,0.172288,52.624465,On or near The Stitch,E01018067,Fenland 004B,Vehicle crime,Investigation complete; no suspect identified,
36c10fc846fde2029c6c2711e8ecc9283de3ef48339f3ae18d9f25db30d3dd32,2022-06,Cambridgeshire Constabulary,Cambridgeshire Constabulary,0.169587,52.638263,On or near Grove Gardens,E01018067,Fenland 004B,Violence and sexual offences,Unable to prosecute suspect,
3f24f78e52447dd9f43b88c3eb5db93df95607322465669bbe780ed9e95b0a92,2022-06,Cambridgeshire Constabulary,Cambridgeshire Constabulary,0.169587,52.638263,On or near Grove Gardens,E01018067,Fenland 004B,Violence and sexual offences,Further action is not in the public interest,
959881c709c27efc49fa836c28c268ca54ea3255200b4ce87e12918843296ef6,2022-06,Cambridgeshire Constabulary,Cambridgeshire Constabulary,0.167655,52.634755,On or near Peartree Way,E01018067,Fenland 004B,Violence and sexual offences,Investigation complete; no suspect identified,
74b5c949c9a91702326dd75079fdd7f00d1a343aaee87cb5869465034106eda3,2022-06,Cambridgeshire Constabulary,Cambridgeshire Constabulary,0.172266,52.635048,On or near Roseberry Road,E01018067,Fenland 004B,Violence and sexual offences,Unable to prosecute suspect,
a87e4d5815aa0aaaa94251859a5bac7639cef8db7f45b15d3a036ff4c6040f88,2022-06,Cambridgeshire Constabulary,Cambridgeshire Constabulary,0.168240,52.638512,On or near Cedar Way,E01018067,Fenland 004B,Violence and sexual offences,Status update unavailable,
e41c7f94bc8e704949f11f4088251b064649f13a827dffaa422946530c8ef23c,2022-06,Cambridgeshire Constabulary,Cambridgeshire Constabulary,0.170300,52.635336,On or near Birch Grove,E01018067,Fenland 004B,Violence and sexual offences,Unable to prosecute suspect,
55d43e325623db1283c91092c140710c6ad918ae5109d9bf77562e43311faace,2022-06,Cambridgeshire Constabulary,Cambridgeshire Constabulary,0.168240,52.638512,On or near Cedar Way,E01018067,Fenland 004B,Other crime,Unable to prosecute suspect,
f2d8da11b850c6fdf014f6c3a387bcfae83fff1112399753c643d5bbcc0fbe47,2022-06,Cambridgeshire Constabulary,Cambridgeshire Constabulary,0.140828,52.629848,On or near Belt Drove,E01018068,Fenland 004C,Burglary,Investigation complete; no suspect identified,
9df3fd8862f5b7c0bbde2be1f4a78d8c223ec9e7eb024e754c66d1af97ae8877,2022-06,Cambridgeshire Constabulary,Cambridgeshire Constabulary,0.145270,52.614321,On or near March Road,E01018068,Fenland 004C,Violence and sexual offences,Unable to prosecute suspect,
838fe3dca54c3d04a49d6818d68fd5437bc55f3875bb3608c290a736cd182b24,2022-06,Cambridgeshire Constabulary,Cambridgeshire Constabulary,0.115534,52.604812,On or near Overstone Drive,E01018068,Fenland 004C,Violence and sexual offences,Unable to prosecute suspect,
b3b454a9899e333aa06fcd88180010662a02dc380036e34242da3fc2eb73bc56,2022-06,Cambridgeshire Constabulary,Cambridgeshire Constabulary,0.061598,52.598166,On or near March Road,E01018068,Fenland 004C,Violence and sexual offences,Unable to prosecute suspect,
,2022-06,Cambridgeshire Constabulary,Cambridgeshire Constabulary,0.023361,52.658221,On or near The Bank,E01018090,Fenland 004D,Anti-social behaviour,,
,2022-06,Cambridgeshire Constabulary,Cambridgeshire Constabulary,0.064761,52.662884,On or near Conference/Exhibition Centre,E01018090,Fenland 004D,Anti-social behaviour,,
,2022-06,Cambridgeshire Constabulary,Cambridgeshire Constabulary,0.047246,52.660230,On or near Main Road,E01018090,Fenland 004D,Anti-social behaviour,,
104cde731119c1cf723b746b45e6d680e4d1af709d852e4408049f2573ddb3dc,2022-06,Cambridgeshire Constabulary,Cambridgeshire Constabulary,0.038740,52.664602,On or near Sealey'S Lane,E01018090,Fenland 004D,Burglary,Investigation complete; no suspect identified,
efc7a0218de17ba5e35ce7d23a4270bafd1829133114eb395962e297d7e07503,2022-06,Cambridgeshire Constabulary,Cambridgeshire Constabulary,0.072512,52.654809,On or near Sand Bank,E01018090,Fenland 004D,Criminal damage and arson,Unable to prosecute suspect,
b3c61c778d5e7ea697837bf850370c15bbecd6269e41c0c4ff97b5bcf289767e,2022-06,Cambridgeshire Constabulary,Cambridgeshire Constabulary,0.072512,52.654809,On or near Sand Bank,E01018090,Fenland 004D,Public order,Investigation complete; no suspect identified,
e4a5224fffa6dfafe250bea41e4fcbdf7c4c54e7f32385f480ae4e03712761ce,2022-06,Cambridgeshire Constabulary,Cambridgeshire Constabulary,0.047246,52.660230,On or near Main Road,E01018090,Fenland 004D,Public order,Unable to prosecute suspect,
54052f663f16425cbc8ee04382ccf33bf9c5e83327af1779f5bfe7cd1b19ff21,2022-06,Cambridgeshire Constabulary,Cambridgeshire Constabulary,0.043192,52.647182,On or near Back Road,E01018090,Fenland 004D,Violence and sexual offences,Unable to prosecute suspect,
4b2850c52e941e772cf3af0e55c91f0f09a27f19ca65c073a4d75fdfd804f964,2022-06,Cambridgeshire Constabulary,Cambridgeshire Constabulary,0.023361,52.658221,On or near The Bank,E01018090,Fenland 004D,Violence and sexual offences,Unable to prosecute suspect,
,2022-06,Cambridgeshire Constabulary,Cambridgeshire Constabulary,0.059142,52.607515,On or near Riverbank Close,E01018091,Fenland 004E,Anti-social behaviour,,
8d8788c577f4c8686c005772238f1f8ad056f75f22e013face8ce2b2f2f46d3d,2022-06,Cambridgeshire Constabulary,Cambridgeshire Constabulary,0.030710,52.639412,On or near Sports/Recreation Area,E01018091,Fenland 004E,Other theft,Investigation complete; no suspect identified,
f186eacfcec92102228b02b572ced2b622ac68faf61689ebc684546500425bfd,2022-06,Cambridgeshire Constabulary,Cambridgeshire Constabulary,0.027728,52.639472,On or near Pentelow Close,E01018091,Fenland 004E,Other theft,Investigation complete; no suspect identified,
9131722812309dfe7ec1a9e5101634b2407b507f1eb810f7c87856bf8c3990fb,2022-06,Cambridgeshire Constabulary,Cambridgeshire Constabulary,-0.018926,52.616732,On or near Main Road,E01018091,Fenland 004E,Other theft,Status update unavailable,
d635f6a4fcc57bcee6c8a799faa824739d2f6a58ed6451e57ea2d0943bae64be,2022-06,Cambridgeshire Constabulary,Cambridgeshire Constabulary,0.027422,52.640206,On or near Mill Close,E01018091,Fenland 004E,Other theft,Investigation complete; no suspect identified,
eaeef64ace562c3567454309fc000c2a4e7f846c1b30e6edb01b687c0604e949,2022-06,Cambridgeshire Constabulary,Cambridgeshire Constabulary,0.027422,52.640206,On or near Mill Close,E01018091,Fenland 004E,Public order,Unable to prosecute suspect,
7ac74a57b40bfc7af2a3d6429543a8cd0e41dc1495f8790970d513cf71522f54,2022-06,Cambridgeshire Constabulary,Cambridgeshire Constabulary,0.027422,52.640206,On or near Mill Close,E01018091,Fenland 004E,Vehicle crime,Investigation complete; no suspect identified,
13be67684d0441f9cfa15d8c5f14d64624f43804f4a88f249bb20e1b811641fd,2022-06,Cambridgeshire Constabulary,Cambridgeshire Constabulary,0.015346,52.612539,On or near Thorney Road,E01018091,Fenland 004E,Violence and sexual offences,Court result unavailable,
382eab746dd46a82fa3161517731e7c73a4548c7230767374eb75d0adb42b3dd,2022-06,Cambridgeshire Constabulary,Cambridgeshire Constabulary,0.066439,52.613178,On or near Sports/Recreation Area,E01018091,Fenland 004E,Violence and sexual offences,Court result unavailable,
8e88b89d6d3f45a7efa231c2c91e41f3a7c9ac1f829b7742c1c73ddddd751d97,2022-06,Cambridgeshire Constabulary,Cambridgeshire Constabulary,0.027422,52.640206,On or near Mill Close,E01018091,Fenland 004E,Violence and sexual offences,Status update unavailable,
,2022-06,Cambridgeshire Constabulary,Cambridgeshire Constabulary,0.092468,52.651006,On or near Walnut Close,E01018092,Fenland 004F,Anti-social behaviour,,
,2022-06,Cambridgeshire Constabulary,Cambridgeshire Constabulary,0.116286,52.662029,On or near Panswell Lane,E01018092,Fenland 004F,Anti-social behaviour,,
aa3d57c21aae91d437e4d15cf125c917e6720af63e5e6f9c1cea009b81095142,2022-06,Cambridgeshire Constabulary,Cambridgeshire Constabulary,0.100721,52.653854,On or near Sayers Crescent,E01018092,Fenland 004F,Criminal damage and arson,Unable to prosecute suspect,
0fed7377117ea2d7f745370a0988aeb601c03b7e5aa0b25fc00e181b3cad4fa3,2022-06,Cambridgeshire Constabulary,Cambridgeshire Constabulary,0.101773,52.652046,On or near St Mary'S Close,E01018092,Fenland 004F,Criminal damage and arson,Unable to prosecute suspect,
1f8ce1c8204c84c6629c29ec65c2aa1e6cc3f2fa17d50151fb82dc20bb2a5f2b,2022-06,Cambridgeshire Constabulary,Cambridgeshire Constabulary,0.103034,52.652132,On or near Jackson Close,E01018092,Fenland 004F,Criminal damage and arson,Investigation complete; no suspect identified,
acc5de4cd4398f1284ab7325a4c555c7465aa850c73aa1d8141e70e01d54d0d8,2022-06,Cambridgeshire Constabulary,Cambridgeshire Constabulary,0.055202,52.630295,On or near Plash Drove,E01018092,Fenland 004F,Public order,Unable to prosecute suspect,
66a483ac151491d7ca6b5bd23795e8c54ac856a4c2800c66b32d06eb99254017,2022-06,Cambridgeshire Constabulary,Cambridgeshire Constabulary,0.098251,52.651983,On or near The Jetty,E01018092,Fenland 004F,Public order,Unable to prosecute suspect,
878bd2d25be78fd84f65b7f127b5658dc5d90ca50e92834a80a09792504a6fc1,2022-06,Cambridgeshire Constabulary,Cambridgeshire Constabulary,0.100721,52.653854,On or near Sayers Crescent,E01018092,Fenland 004F,Violence and sexual offences,Unable to prosecute suspect,
4eaf42cb827297f163461240ed83857ff74be13cf0a2fe1117d2b3a4501bbeb2,2022-06,Cambridgeshire Constabulary,Cambridgeshire Constabulary,0.092468,52.651006,On or near Walnut Close,E01018092,Fenland 004F,Violence and sexual offences,Unable to prosecute suspect,
56d5bb0db2c674398dc05997ee1bcbbf9b8f28c3bb1e080a0d1b6886ea99d365,2022-06,Cambridgeshire Constabulary,Cambridgeshire Constabulary,0.076523,52.559054,On or near Russell Avenue,E01018081,Fenland 005A,Criminal damage and arson,Investigation complete; no suspect identified,
c5f34a967db70e8a6cfd599473994b50ae514b24273c3f134fe4eaa89e5b7813,2022-06,Cambridgeshire Constabulary,Cambridgeshire Constabulary,0.068788,52.558335,On or near Meadowlands,E01018081,Fenland 005A,Shoplifting,Investigation complete; no suspect identified,
6dc3459a5b6ad9e5f317d192db38ea1f4b1e52d126d9b800f2a985a0a518534d,2022-06,Cambridgeshire Constabulary,Cambridgeshire Constabulary,0.076523,52.559054,On or near Russell Avenue,E01018081,Fenland 005A,Violence and sexual offences,Unable to prosecute suspect,
8398d2c576b12bfa6c703269cdbc59aa358b6ea40628d4ba5a7c0a40f5696605,2022-06,Cambridgeshire Constabulary,Cambridgeshire Constabulary,0.081757,52.574571,On or near Prison,E01018081,Fenland 005A,Violence and sexual offences,Action to be taken by another organisation,
ec4cc33f7babeec7c576fda671907d51cc5e80b2f1c438c270958cfc5ed73dc0,2022-06,Cambridgeshire Constabulary,Cambridgeshire Constabulary,0.071462,52.557785,On or near Hillside Road,E01018081,Fenland 005A,Violence and sexual offences,Unable to prosecute suspect,
439bebd13cbce70ce857931f609c5649aa3798b30c143b4d2d824dc5acb5f7d4,2022-06,Cambridgeshire Constabulary,Cambridgeshire Constabulary,0.073559,52.558764,On or near West Close,E01018081,Fenland 005A,Violence and sexual offences,Unable to prosecute suspect,
8509cf5aaa3286ae907e2793c1ce09b463e821e1bb7adda7d58c315b8e0c6e38,2022-06,Cambridgeshire Constabulary,Cambridgeshire Constabulary,0.081757,52.574571,On or near Prison,E01018081,Fenland 005A,Violence and sexual offences,Action to be taken by another organisation,
04291c0dcae1c8be5c6b28fdaa9ae3df1f3ce6572fc7c67960ae8a974e124a86,2022-06,Cambridgeshire Constabulary,Cambridgeshire Constabulary,0.081757,52.574571,On or near Prison,E01018081,Fenland 005A,Violence and sexual offences,Action to be taken by another organisation,
71bc0e72e929f39e356b061948f225fedbf73aa9424dac904cf031450cb5827f,2022-06,Cambridgeshire Constabulary,Cambridgeshire Constabulary,0.081757,52.574571,On or near Prison,E01018081,Fenland 005A,Violence and sexual offences,Status update unavailable,
b96cfc08e72db1a167fb5cbdbd74181e971dd3a7369dd5c8a275688dedc57476,2022-06,Cambridgeshire Constabulary,Cambridgeshire Constabulary,0.081757,52.574571,On or near Prison,E01018081,Fenland 005A,Violence and sexual offences,Action to be taken by another organisation,
071155b9123b29c392eef603cd71993fb2e1bdac6c679186916f869c59e84f7a,2022-06,Cambridgeshire Constabulary,Cambridgeshire Constabulary,0.068788,52.558335,On or near Meadowlands,E01018081,Fenland 005A,Violence and sexual offences,Investigation complete; no suspect identified,
3047e474a1a046d7d098c133f895b93e89cad237f3c13a777df66e4289fb4eab,2022-06,Cambridgeshire Constabulary,Cambridgeshire Constabulary,0.081757,52.574571,On or near Prison,E01018081,Fenland 005A,Violence and sexual offences,Action to be taken by another organisation,
e17a5789b19932b9623cee36dd93a4457f9f12d2098257e191fb868a444ecbc9,2022-06,Cambridgeshire Constabulary,Cambridgeshire Constabulary,0.081757,52.574571,On or near Prison,E01018081,Fenland 005A,Violence and sexual offences,Action to be taken by another organisation,
c1cd4b6f64776aed6a97fa7bd9e13c28156b891e7efe24644fe098e4bd790dbc,2022-06,Cambridgeshire Constabulary,Cambridgeshire Constabulary,0.081757,52.574571,On or near Prison,E01018081,Fenland 005A,Other crime,Status update unavailable,
3ff661c895b23c0d9e4ad9c86883f776745fb93b7cd58ba7a860eaf3a2ddc748,2022-06,Cambridgeshire Constabulary,Cambridgeshire Constabulary,0.081757,52.574571,On or near Prison,E01018081,Fenland 005A,Other crime,Action to be taken by another organisation,
79ebd2e653ad390d24348a9e860afa97b0654feac45377be0703cd6e4d680269,2022-06,Cambridgeshire Constabulary,Cambridgeshire Constabulary,0.081757,52.574571,On or near Prison,E01018081,Fenland 005A,Other crime,Action to be taken by another organisation,
e960b0dd6a8a436388944d012ee6e7e45473ba296d7aed03d9a2c7027cb85d5d,2022-06,Cambridgeshire Constabulary,Cambridgeshire Constabulary,0.081757,52.574571,On or near Prison,E01018081,Fenland 005A,Other crime,Unable to prosecute suspect,
c6be0dfed1c918562c9598517fe0735cd2db75d73a29387de93614c4741cc623,2022-06,Cambridgeshire Constabulary,Cambridgeshire Constabulary,0.065977,52.562880,On or near Gipsy Lane,E01018081,Fenland 005A,Other crime,Court result unavailable,
52da977a7c59243639f249f1f9ac1c2630d6cbdaf881109bcac9e869bab3b9cb,2022-06,Cambridgeshire Constabulary,Cambridgeshire Constabulary,0.081757,52.574571,On or near Prison,E01018081,Fenland 005A,Other crime,Action to be taken by another organisation,
c049da06dc1748d2b79295e5412e7fb7bbbd62f312d89c86de9d40eae083ffba,2022-06,Cambridgeshire Constabulary,Cambridgeshire Constabulary,0.081757,52.574571,On or near Prison,E01018081,Fenland 005A,Other crime,Awaiting court outcome,
aa614b3a4e677370f02629d6d414b82104173b66c3f7f518b0ef74ff05c7f408,2022-06,Cambridgeshire Constabulary,Cambridgeshire Constabulary,0.081757,52.574571,On or near Prison,E01018081,Fenland 005A,Other crime,Action to be taken by another organisation,
,2022-06,Cambridgeshire Constabulary,Cambridgeshire Constabulary,0.086716,52.558407,On or near All Saints Close,E01018082,Fenland 005B,Anti-social behaviour,,
,2022-06,Cambridgeshire Constabulary,Cambridgeshire Constabulary,0.081418,52.559004,On or near Southwell Close,E01018082,Fenland 005B,Anti-social behaviour,,
,2022-06,Cambridgeshire Constabulary,Cambridgeshire Constabulary,0.083347,52.553323,On or near St Mary'S Drive,E01018082,Fenland 005B,Anti-social behaviour,,
f85017050f0a075ea4ba7fe1988431b8ece269e099d6f28462f62a8dc49041c2,2022-06,Cambridgeshire Constabulary,Cambridgeshire Constabulary,0.079253,52.554708,On or near Poplar Close,E01018082,Fenland 005B,Criminal damage and arson,Investigation complete; no suspect identified,
dc5105bd3282b4a1f766e5ff2740e58cb11bc97c650855cee9767e0fa4242dca,2022-06,Cambridgeshire Constabulary,Cambridgeshire Constabulary,0.083347,52.553323,On or near St Mary'S Drive,E01018082,Fenland 005B,Criminal damage and arson,Offender given a caution,
c97855c16023b4eed135a76b1b76814ee9fec7fc7d568dcba3c984bdb404eb45,2022-06,Cambridgeshire Constabulary,Cambridgeshire Constabulary,0.081418,52.559004,On or near Southwell Close,E01018082,Fenland 005B,Other theft,Investigation complete; no suspect identified,
51901e61de86ed97b7d4f2b42148c6e3fd01221708c39178fb3b200b757f1b44,2022-06,Cambridgeshire Constabulary,Cambridgeshire Constabulary,0.080553,52.559414,On or near Norwood Road,E01018082,Fenland 005B,Public order,Unable to prosecute suspect,
86448541b8c9078eaa99ac7cd972ac2d91f4e538a5451f0223708526bbed6ed7,2022-06,Cambridgeshire Constabulary,Cambridgeshire Constabulary,0.081852,52.555687,On or near Maple Grove,E01018082,Fenland 005B,Public order,Unable to prosecute suspect,
5c44b61cf5cc71e03ff70cafd531f28ede8658f35b620a0b9e48b18bccd1697e,2022-06,Cambridgeshire Constabulary,Cambridgeshire Constabulary,0.081418,52.559004,On or near Southwell Close,E01018082,Fenland 005B,Public order,Unable to prosecute suspect,
9766825decd92df87078c9847c0b5491e7b12265b228e919b7dadf4c7e6a4ffb,2022-06,Cambridgeshire Constabulary,Cambridgeshire Constabulary,0.081418,52.559004,On or near Southwell Close,E01018082,Fenland 005B,Public order,Unable to prosecute suspect,
4d972baf6f3acbfb89038979e3e3e8f91f883553601b36ffd22aea2224bbedfd,2022-06,Cambridgeshire Constabulary,Cambridgeshire Constabulary,0.084556,52.556422,On or near Acacia Grove,E01018082,Fenland 005B,Vehicle crime,Investigation complete; no suspect identified,
77434accd02856128615bdea97b5c53a90fe136593f395f8c0b1f1ba982200d2,2022-06,Cambridgeshire Constabulary,Cambridgeshire Constabulary,0.081418,52.559004,On or near Southwell Close,E01018082,Fenland 005B,Vehicle crime,Investigation complete; no suspect identified,
a9863646f5e20ed90cf437db73cf7f606111368b1cad79b13444c62182376b53,2022-06,Cambridgeshire Constabulary,Cambridgeshire Constabulary,0.088056,52.551837,On or near Parking Area,E01018082,Fenland 005B,Violence and sexual offences,Local resolution,
da15502aff9c683ec680d91fa12017b271f32212b423ea4a6c5a31015ee414a5,2022-06,Cambridgeshire Constabulary,Cambridgeshire Constabulary,0.080553,52.559414,On or near Norwood Road,E01018082,Fenland 005B,Violence and sexual offences,Court result unavailable,
5972b7b78b1253b84ea16c3986b6fdb65809625d23d420b427a0bdb19bbf53bc,2022-06,Cambridgeshire Constabulary,Cambridgeshire Constabulary,0.078911,52.559335,On or near Pacific Close,E01018082,Fenland 005B,Violence and sexual offences,Unable to prosecute suspect,
ddb4ee816de12acb39864cb3977944bcd973f9aec7425169a1c814d78e7d5dbd,2022-06,Cambridgeshire Constabulary,Cambridgeshire Constabulary,0.080553,52.559414,On or near Norwood Road,E01018082,Fenland 005B,Violence and sexual offences,Unable to prosecute suspect,
da7387d36108beef762711d7d6591db27f06446f0be26c38a6a7ea8ece641b54,2022-06,Cambridgeshire Constabulary,Cambridgeshire Constabulary,0.080553,52.559414,On or near Norwood Road,E01018082,Fenland 005B,Violence and sexual offences,Court result unavailable,
35fff60745eb14666724f2272e8e19b827c720374d2ee81d2654a1acb10e7555,2022-06,Cambridgeshire Constabulary,Cambridgeshire Constabulary,0.078911,52.559335,On or near Pacific Close,E01018082,Fenland 005B,Violence and sexual offences,Unable to prosecute suspect,
3a8d5848b93aef9305e90401cf5df72b2b4c966908aa63191ea6951b5f650661,2022-06,Cambridgeshire Constabulary,Cambridgeshire Constabulary,0.080553,52.559414,On or near Norwood Road,E01018082,Fenland 005B,Violence and sexual offences,Unable to prosecute suspect,
ff275f7abcf4246786a468c59c2d6e19979e2919cd40368cb122f85265b97997,2022-06,Cambridgeshire Constabulary,Cambridgeshire Constabulary,0.084832,52.556003,On or near Hawthorne Grove,E01018082,Fenland 005B,Violence and sexual offences,Unable to prosecute suspect,
,2022-06,Cambridgeshire Constabulary,Cambridgeshire Constabulary,0.089681,52.551566,On or near Shopping Area,E01018083,Fenland 005C,Anti-social behaviour,,
,2022-06,Cambridgeshire Constabulary,Cambridgeshire Constabulary,0.089652,52.557168,On or near High School Close,E01018083,Fenland 005C,Anti-social behaviour,,
44f9095424a76dbe2f6bd0e323b18310858e0f76913c93da86e7a274b64b8dd4,2022-06,Cambridgeshire Constabulary,Cambridgeshire Constabulary,0.081311,52.562665,On or near Bronze Street,E01018083,Fenland 005C,Burglary,Unable to prosecute suspect,
0a4b5c4dc1eec5b94648a0d6ea94fb63874607e84500248cdbb9d72a9278900f,2022-06,Cambridgeshire Constabulary,Cambridgeshire Constabulary,0.082246,52.564024,On or near Commercial Road,E01018083,Fenland 005C,Burglary,Investigation complete; no suspect identified,
4d617e7892e49b5cfdc721f732da90deccc8905f8c6c4145d2835cc7547ed808,2022-06,Cambridgeshire Constabulary,Cambridgeshire Constabulary,0.086376,52.562738,On or near Stephenson Close,E01018083,Fenland 005C,Criminal damage and arson,Unable to prosecute suspect,
aec484eb3af9902dc2db7a37ae1acee519fac49670c386a1d9cf7d68d96c0a9e,2022-06,Cambridgeshire Constabulary,Cambridgeshire Constabulary,0.081311,52.562665,On or near Bronze Street,E01018083,Fenland 005C,Criminal damage and arson,Unable to prosecute suspect,
147a2ac757c365440b492b3f983a47cfd6d0cddb0d0b459c355a89b7faf3c1fb,2022-06,Cambridgeshire Constabulary,Cambridgeshire Constabulary,0.081311,52.562665,On or near Bronze Street,E01018083,Fenland 005C,Criminal damage and arson,Unable to prosecute suspect,
62089f82e6ca769d74c9ce52b059f1e1d294f54c0be24432f852edb1ddbb80e0,2022-06,Cambridgeshire Constabulary,Cambridgeshire Constabulary,0.084607,52.560278,On or near Lime Grove,E01018083,Fenland 005C,Drugs,Local resolution,
a2b331d44355d7d567d1a8cdf507a388284feaa4edcc7f61c745d005725b2947,2022-06,Cambridgeshire Constabulary,Cambridgeshire Constabulary,0.084035,52.558499,On or near Norwalde Street,E01018083,Fenland 005C,Public order,Unable to prosecute suspect,
c1c10666ea2d8e8b21c951c2357e57a2c49760e9fee1aefcb84c1e3fb37e8b98,2022-06,Cambridgeshire Constabulary,Cambridgeshire Constabulary,0.084060,52.557465,On or near Alftruda Close,E01018083,Fenland 005C,Public order,Unable to prosecute suspect,
8ebca90d321dfc24b5189fb57a0296b5ce8f14cb609ac305cd37fddd58ab9549,2022-06,Cambridgeshire Constabulary,Cambridgeshire Constabulary,0.089652,52.557168,On or near High School Close,E01018083,Fenland 005C,Robbery,Unable to prosecute suspect,
b1ee402f3d51008e19960ff1f427ac9f09d12307220ae4eb34f883149bc28333,2022-06,Cambridgeshire Constabulary,Cambridgeshire Constabulary,0.089681,52.551566,On or near Shopping Area,E01018083,Fenland 005C,Shoplifting,Investigation complete; no suspect identified,
0b97f61c89f70a41ad1722f5a3652df29a62fbe0908b47d60e6b1ac531580d81,2022-06,Cambridgeshire Constabulary,Cambridgeshire Constabulary,0.089681,52.551566,On or near Shopping Area,E01018083,Fenland 005C,Shoplifting,Investigation complete; no suspect identified,
ad0cda0c0aac109d69c30a1b86d12182fd132d2c9f35c5bd65b964ecc28569a5,2022-06,Cambridgeshire Constabulary,Cambridgeshire Constabulary,0.086277,52.562533,On or near Great Eastern Road,E01018083,Fenland 005C,Vehicle crime,Investigation complete; no suspect identified,
19cab00a1904702972fcc38419f92962bbc001c6102e2727267d82acad5a0ee9,2022-06,Cambridgeshire Constabulary,Cambridgeshire Constabulary,0.084607,52.560278,On or near Lime Grove,E01018083,Fenland 005C,Violence and sexual offences,Unable to prosecute suspect,
51f2cfc2266ff2ee3ab60d09296632d4f1f035923035e4e7ffbc5e1d1a56e5e6,2022-06,Cambridgeshire Constabulary,Cambridgeshire Constabulary,0.089681,52.551566,On or near Shopping Area,E01018083,Fenland 005C,Violence and sexual offences,Offender given a caution,
419382a66eae1c2a09ce8637f99ebfad7dcb32ff42a3bdf4a69a7e4e476aed6b,2022-06,Cambridgeshire Constabulary,Cambridgeshire Constabulary,0.089803,52.553524,On or near Norwood Avenue,E01018083,Fenland 005C,Violence and sexual offences,Unable to prosecute suspect,
0302e07bffcff8b2c4da9eb203be586d5c1f46a0ebc17e673bf665cef5fa5e30,2022-06,Cambridgeshire Constabulary,Cambridgeshire Constabulary,0.089681,52.551566,On or near Shopping Area,E01018083,Fenland 005C,Violence and sexual offences,Unable to prosecute suspect,
29738babfc34c945fb78af21ae7600032c88e3fe52d68fa21b5d147eeba687e0,2022-06,Cambridgeshire Constabulary,Cambridgeshire Constabulary,0.084035,52.558499,On or near Norwalde Street,E01018083,Fenland 005C,Violence and sexual offences,Unable to prosecute suspect,
664b970b0df0e08c75d88a25c31bc15bb82f166bdfe2d40468ef4bf248beedef,2022-06,Cambridgeshire Constabulary,Cambridgeshire Constabulary,0.081311,52.562665,On or near Bronze Street,E01018083,Fenland 005C,Violence and sexual offences,Local resolution,
308eb4b5d5ac83db3be2893d9bb19f1ec894cfc15c9eaf840b0ac63f19f224ae,2022-06,Cambridgeshire Constabulary,Cambridgeshire Constabulary,0.084607,52.560278,On or near Lime Grove,E01018083,Fenland 005C,Violence and sexual offences,Local resolution,
,2022-06,Cambridgeshire Constabulary,Cambridgeshire Constabulary,0.106653,52.562540,On or near Creek Road,E01018084,Fenland 005D,Anti-social behaviour,,
,2022-06,Cambridgeshire Constabulary,Cambridgeshire Constabulary,0.092058,52.564337,On or near Campbell Way,E01018084,Fenland 005D,Anti-social behaviour,,
,2022-06,Cambridgeshire Constabulary,Cambridgeshire Constabulary,0.092058,52.564337,On or near Campbell Way,E01018084,Fenland 005D,Anti-social behaviour,,
87cff30fa5e2069a1be7ef0ece2fa46da05d3737b4e875d68969457f9f3db124,2022-06,Cambridgeshire Constabulary,Cambridgeshire Constabulary,0.092058,52.564337,On or near Campbell Way,E01018084,Fenland 005D,Criminal damage and arson,Offender given a caution,
eb9f9a3e09e33c891e214b84b1f87c60075f7766e44df739d7385e187f6ee1a7,2022-06,Cambridgeshire Constabulary,Cambridgeshire Constabulary,0.087233,52.561536,On or near Park/Open Space,E01018084,Fenland 005D,Criminal damage and arson,Investigation complete; no suspect identified,
0fc8b38ca2926a366fea1a4c9f591013841ac321b349dc70c1feb6a22396055d,2022-06,Cambridgeshire Constabulary,Cambridgeshire Constabulary,0.092058,52.564337,On or near Campbell Way,E01018084,Fenland 005D,Criminal damage and arson,Offender given a caution,
bdfc278a4e223a86ed91368938ee30cd3d8c96c847c0668c06245a7577eb53c4,2022-06,Cambridgeshire Constabulary,Cambridgeshire Constabulary,0.092058,52.564337,On or near Campbell Way,E01018084,Fenland 005D,Criminal damage and arson,Offender given a caution,
7a4d57eb220a11da84d45a2602fe6e7a496f2bd5f0dfe2ccc2dc4f7b5ce3d393,2022-06,Cambridgeshire Constabulary,Cambridgeshire Constabulary,0.093023,52.561352,On or near Swan Court,E01018084,Fenland 005D,Possession of weapons,Unable to prosecute suspect,
bd38410e97d7d3b3c1fc09212572ab6da532dd0b035f2ac45b425ebcb9fa7c36,2022-06,Cambridgeshire Constabulary,Cambridgeshire Constabulary,0.092058,52.564337,On or near Campbell Way,E01018084,Fenland 005D,Public order,Unable to prosecute suspect,
5819931e5ad6978fd9c72733bae986204aadc241f3b6535193f47579d64017cc,2022-06,Cambridgeshire Constabulary,Cambridgeshire Constabulary,0.093228,52.562563,On or near Elm Close,E01018084,Fenland 005D,Vehicle crime,Investigation complete; no suspect identified,
788f039e1e84f642544d73171763814da6682ece16a84b0eb4a73563e4f9bb83,2022-06,Cambridgeshire Constabulary,Cambridgeshire Constabulary,0.091055,52.560623,On or near Parking Area,E01018084,Fenland 005D,Violence and sexual offences,Unable to prosecute suspect,
bf111a09ffe0121fd058a86dddcc936d1a9c6d6416b9ec2d207b73a01cc3601e,2022-06,Cambridgeshire Constabulary,Cambridgeshire Constabulary,0.092058,52.564337,On or near Campbell Way,E01018084,Fenland 005D,Violence and sexual offences,Further action is not in the public interest,
62bb9947db5e0309cebd3c0684c98e1f06c00286e3e0a0ec2fa5a805b63b2893,2022-06,Cambridgeshire Constabulary,Cambridgeshire Constabulary,0.093023,52.561352,On or near Swan Court,E01018084,Fenland 005D,Violence and sexual offences,Unable to prosecute suspect,
fe53530e5a18d251f6b73587e1f28ad4549893786bd3a47c0c2c9fbfc1a6b5b4,2022-06,Cambridgeshire Constabulary,Cambridgeshire Constabulary,-0.134143,52.561950,On or near Reidy Gardens,E01018064,Fenland 006A,Criminal damage and arson,Unable to prosecute suspect,
8d01efda924a68d26a515f56db9e0b94ef30d1b211138e8fada5ffabae90608c,2022-06,Cambridgeshire Constabulary,Cambridgeshire Constabulary,-0.135849,52.562759,On or near Commons Road,E01018064,Fenland 006A,Violence and sexual offences,Investigation complete; no suspect identified,
2405f2526921a08812196e84434f9d8e875a36c0cba76c6a59f4e230241cb1d3,2022-06,Cambridgeshire Constabulary,Cambridgeshire Constabulary,-0.140606,52.563311,On or near Glenfields,E01018064,Fenland 006A,Violence and sexual offences,Unable to prosecute suspect,
6b824bcfd4dd4da78d51945b02ef7cb6b0d7d6aae952b9b6a50e86a4b54d1cdd,2022-06,Cambridgeshire Constabulary,Cambridgeshire Constabulary,-0.140606,52.563311,On or near Glenfields,E01018064,Fenland 006A,Violence and sexual offences,Investigation complete; no suspect identified,
033e1407031bbbbce29d2b678acbc4709ea9fdabb79fb3d96d58a286f07cd267,2022-06,Cambridgeshire Constabulary,Cambridgeshire Constabulary,-0.120019,52.557222,On or near Lattersey Close,E01018072,Fenland 006B,Burglary,Investigation complete; no suspect identified,
4a69973bbf0c6495e93630178dc06bd240e2d9d6a2b3e595eb0b9c41e2562e42,2022-06,Cambridgeshire Constabulary,Cambridgeshire Constabulary,-0.122251,52.557464,On or near Richardson Way,E01018072,Fenland 006B,Criminal damage and arson,Investigation complete; no suspect identified,
8054d63068bae647e5b63ca7dc7685622c9843c1f14213c85c7ad443ee445c73,2022-06,Cambridgeshire Constabulary,Cambridgeshire Constabulary,-0.113230,52.561412,On or near Moreton Close,E01018072,Fenland 006B,Criminal damage and arson,Status update unavailable,
5951f32acf9073d659a70f68bbc8a1e5b3f58d5defc607458f22ddc106b02538,2022-06,Cambridgeshire Constabulary,Cambridgeshire Constabulary,-0.114935,52.558814,On or near Victory Avenue,E01018072,Fenland 006B,Possession of weapons,Local resolution,
6383886f316cb597d4475b27621f3bde0ca399da4f50e0b9982b382491994669,2022-06,Cambridgeshire Constabulary,Cambridgeshire Constabulary,-0.108773,52.556998,On or near Eastrea Road,E01018072,Fenland 006B,Vehicle crime,Investigation complete; no suspect identified,
b9c3165b9f945c9370edfe0d3612a1487c3b05b592b8ff6210f6eca63a24b0c9,2022-06,Cambridgeshire Constabulary,Cambridgeshire Constabulary,-0.120019,52.557222,On or near Lattersey Close,E01018072,Fenland 006B,Violence and sexual offences,Unable to prosecute suspect,
a2bfe4af91242386fed82ee65df41687e85d0192d3da2bc319abd64331e72ef4,2022-06,Cambridgeshire Constabulary,Cambridgeshire Constabulary,-0.108773,52.556998,On or near Eastrea Road,E01018072,Fenland 006B,Violence and sexual offences,Unable to prosecute suspect,
bb62adeadf5445ce107b42743afa8b07913ee4f302eab70f4da143f510f1449d,2022-06,Cambridgeshire Constabulary,Cambridgeshire Constabulary,-0.124259,52.558458,On or near James Gardens,E01018072,Fenland 006B,Violence and sexual offences,Unable to prosecute suspect,
3194c23398a6652594992f187111c34a5217877d8555c941f21a6be26a1dfb8e,2022-06,Cambridgeshire Constabulary,Cambridgeshire Constabulary,-0.113230,52.561412,On or near Moreton Close,E01018072,Fenland 006B,Violence and sexual offences,Status update unavailable,
c1bbc047b6356a707a2333ce641ef10269c0e470009e1fb5ace8bc22a35e88ce,2022-06,Cambridgeshire Constabulary,Cambridgeshire Constabulary,-0.116308,52.559474,On or near Coronation Avenue,E01018072,Fenland 006B,Violence and sexual offences,Further action is not in the public interest,
8ef6e8b78a1fdc8d0f96eccfe4b291f976d1b3d235496ae936e6e7182c1b5fcb,2022-06,Cambridgeshire Constabulary,Cambridgeshire Constabulary,-0.116308,52.559474,On or near Coronation Avenue,E01018072,Fenland 006B,Violence and sexual offences,Unable to prosecute suspect,
59653f98687b35a590c1f2ab27c7cd9f39dccdf07d2d45a07400364eb26df517,2022-06,Cambridgeshire Constabulary,Cambridgeshire Constabulary,-0.113230,52.561412,On or near Moreton Close,E01018072,Fenland 006B,Violence and sexual offences,Status update unavailable,
10bf15dd5573dfad5cba70c43625f968d147b539ab9fef02856f2647b4e9a523,2022-06,Cambridgeshire Constabulary,Cambridgeshire Constabulary,-0.116308,52.559474,On or near Coronation Avenue,E01018072,Fenland 006B,Violence and sexual offences,Further action is not in the public interest,
2825bbe35bcee9cf58586e8b2978f252b4d737ec7a620e4b485331b211c2b2d5,2022-06,Cambridgeshire Constabulary,Cambridgeshire Constabulary,-0.116308,52.559474,On or near Coronation Avenue,E01018072,Fenland 006B,Violence and sexual offences,Further action is not in the public interest,
8d7ba1ccac8fc14e19b961fa6aa35b9c75110c6297da1decb4e3f70a13365a59,2022-06,Cambridgeshire Constabulary,Cambridgeshire Constabulary,-0.108773,52.556998,On or near Eastrea Road,E01018072,Fenland 006B,Other crime,Local resolution,
b110d3e00d27da2c5c06e65389060790c3beb26b1b3b6638a1345fa3d3bb3d4f,2022-06,Cambridgeshire Constabulary,Cambridgeshire Constabulary,-0.116709,52.555623,On or near Burdett Grove,E01018074,Fenland 006C,Criminal damage and arson,Investigation complete; no suspect identified,
bb374bc86920396046c51c24cc3870f14963f6ee006cf0d081b215c4a8466c89,2022-06,Cambridgeshire Constabulary,Cambridgeshire Constabulary,-0.118745,52.555961,On or near Eastfield Drive,E01018074,Fenland 006C,Criminal damage and arson,Unable to prosecute suspect,
0226646673a89179ecc6dc22d5a4ce24d087b8614489f93e6d98113a40e08bf2,2022-06,Cambridgeshire Constabulary,Cambridgeshire Constabulary,-0.116709,52.555623,On or near Burdett Grove,E01018074,Fenland 006C,Criminal damage and arson,Investigation complete; no suspect identified,
6dbe8f5a145a263cefc954815f2edb22523b8588e8b980720258c28b34ce1baa,2022-06,Cambridgeshire Constabulary,Cambridgeshire Constabulary,-0.116709,52.555623,On or near Burdett Grove,E01018074,Fenland 006C,Violence and sexual offences,Investigation complete; no suspect identified,
e45d2ed803e8cd3f13a0f817b7e62f0e2daace1239072b895dc41078c6111ba4,2022-06,Cambridgeshire Constabulary,Cambridgeshire Constabulary,-0.116709,52.555623,On or near Burdett Grove,E01018074,Fenland 006C,Violence and sexual offences,Unable to prosecute suspect,
b5e2f567fec1b5b6362551d20e9af78ae3e5e475d24e5ed3ef2fa24a49b1bc53,2022-06,Cambridgeshire Constabulary,Cambridgeshire Constabulary,-0.116709,52.555623,On or near Burdett Grove,E01018074,Fenland 006C,Violence and sexual offences,Investigation complete; no suspect identified,
7b0f87d1ea54c35b0f1aad2e25e952820379fc8f82404fc02d1a027e7f8212c9,2022-06,Cambridgeshire Constabulary,Cambridgeshire Constabulary,-0.119306,52.554567,On or near Millfield Way,E01018074,Fenland 006C,Violence and sexual offences,Unable to prosecute suspect,
eec9d7015c14141d646996f6eb65b7a02531081add3459ac0b4fc1c5d7d19cec,2022-06,Cambridgeshire Constabulary,Cambridgeshire Constabulary,-0.116709,52.555623,On or near Burdett Grove,E01018074,Fenland 006C,Violence and sexual offences,Unable to prosecute suspect,
766543e9fac7eb0295a83197e4e1c4703ee83376215b0a5e0f1e6032789b2379,2022-06,Cambridgeshire Constabulary,Cambridgeshire Constabulary,-0.118745,52.555961,On or near Eastfield Drive,E01018074,Fenland 006C,Violence and sexual offences,Unable to prosecute suspect,
,2022-06,Cambridgeshire Constabulary,Cambridgeshire Constabulary,-0.114501,52.552774,On or near New Road,E01018075,Fenland 006D,Anti-social behaviour,,
1f43663cd0c246ab846525c2a42a051668c4cc429c8019be00e4fd0bce695a06,2022-06,Cambridgeshire Constabulary,Cambridgeshire Constabulary,-0.114501,52.552774,On or near New Road,E01018075,Fenland 006D,Burglary,Investigation complete; no suspect identified,
9673853a9a3827a7fd564e232ab95e81de90362e294eb597f729e27e78843798,2022-06,Cambridgeshire Constabulary,Cambridgeshire Constabulary,-0.114501,52.552774,On or near New Road,E01018075,Fenland 006D,Burglary,Investigation complete; no suspect identified,
6a4abd242a3247f6c885e43fba2a6353bc0b3bfe6734be3ae382175fc121b179,2022-06,Cambridgeshire Constabulary,Cambridgeshire Constabulary,-0.114501,52.552774,On or near New Road,E01018075,Fenland 006D,Burglary,Investigation complete; no suspect identified,
65c4177f287bb0c01314115aa0ef07d08a244b05acc6809464d451bb93865229,2022-06,Cambridgeshire Constabulary,Cambridgeshire Constabulary,-0.114501,52.552774,On or near New Road,E01018075,Fenland 006D,Other theft,Investigation complete; no suspect identified,
39b4e27c25b81d2006727abe470459ae613f2bfabc1c6c112ac8c4d30681b418,2022-06,Cambridgeshire Constabulary,Cambridgeshire Constabulary,-0.118157,52.551780,On or near Debdale Court,E01018075,Fenland 006D,Other theft,Investigation complete; no suspect identified,
8722df1a59865a6087ef92322b97d3204a8a4bd3a434513f9a6ef8e8bace45df,2022-06,Cambridgeshire Constabulary,Cambridgeshire Constabulary,-0.119613,52.552567,On or near Hawthorne Drive,E01018075,Fenland 006D,Public order,Investigation complete; no suspect identified,
362586094b66602daedf3af5a3fe9375186afbd25a557549fab4cbdabf15f125,2022-06,Cambridgeshire Constabulary,Cambridgeshire Constabulary,-0.114501,52.552774,On or near New Road,E01018075,Fenland 006D,Public order,Unable to prosecute suspect,
901eaa93c919567eab3be44bad994496eddcfa40327e05f67425cbda89b2f131,2022-06,Cambridgeshire Constabulary,Cambridgeshire Constabulary,-0.117948,52.553215,On or near Palmer Close,E01018075,Fenland 006D,Public order,Unable to prosecute suspect,
ef08af63b0dcd405fbcebf6d1b945c13a57dbb26ccbaaffe0230a0045e280933,2022-06,Cambridgeshire Constabulary,Cambridgeshire Constabulary,-0.117948,52.553215,On or near Palmer Close,E01018075,Fenland 006D,Vehicle crime,Status update unavailable,
3534d79f5715a604e97ca7f94e8c04d1e5a829cc3d2858ae61dc333a557758c0,2022-06,Cambridgeshire Constabulary,Cambridgeshire Constabulary,-0.117948,52.553215,On or near Palmer Close,E01018075,Fenland 006D,Vehicle crime,Investigation complete; no suspect identified,
68d878d2acf34ffe4fa12f44b82ecf00f6e6007732cf1472432dffcfc67efe82,2022-06,Cambridgeshire Constabulary,Cambridgeshire Constabulary,-0.114501,52.552774,On or near New Road,E01018075,Fenland 006D,Violence and sexual offences,Unable to prosecute suspect,
90348a90f94e6aae66b846abd6c6ac609cd80e0853bf432c4325294e05277246,2022-06,Cambridgeshire Constabulary,Cambridgeshire Constabulary,-0.120927,52.553577,On or near Bramble Close,E01018075,Fenland 006D,Violence and sexual offences,Investigation complete; no suspect identified,
e0fde4b0f355152ebdab9c70b3fba6ad0ab72475110499796ba302d1018fb07c,2022-06,Cambridgeshire Constabulary,Cambridgeshire Constabulary,-0.120927,52.553577,On or near Bramble Close,E01018075,Fenland 006D,Violence and sexual offences,Investigation complete; no suspect identified,
5e0720f4d6d1b672daf9ef26e4ca965658bd5f82dd7e06f7b3c7bdae248f0463,2022-06,Cambridgeshire Constabulary,Cambridgeshire Constabulary,-0.116781,52.551183,On or near Hunsbury Close,E01018075,Fenland 006D,Violence and sexual offences,Unable to prosecute suspect,
c4e79c3ab4e3720b8aff51b5b8c1489c7ad69fd12c90c04da32850acdfca686f,2022-06,Cambridgeshire Constabulary,Cambridgeshire Constabulary,-0.124891,52.554710,On or near Inham'S Road,E01018075,Fenland 006D,Violence and sexual offences,Unable to prosecute suspect,
ce0748800b5a87a0961d7dd664a4220ec8e9c665ce837f895a1ff409d3bbfb6b,2022-06,Cambridgeshire Constabulary,Cambridgeshire Constabulary,-0.120927,52.553577,On or near Bramble Close,E01018075,Fenland 006D,Violence and sexual offences,Unable to prosecute suspect,
a3a2166a38ab3e914b565658e1c7a4b93beb38698d33be5dbd339d5294759608,2022-06,Cambridgeshire Constabulary,Cambridgeshire Constabulary,-0.116781,52.551183,On or near Hunsbury Close,E01018075,Fenland 006D,Violence and sexual offences,Unable to prosecute suspect,
6f2209e0dc31388ba7750b2e8a6dd5032585669fc028b302449350ce37eece3a,2022-06,Cambridgeshire Constabulary,Cambridgeshire Constabulary,-0.120927,52.553577,On or near Bramble Close,E01018075,Fenland 006D,Violence and sexual offences,Investigation complete; no suspect identified,
fe865697fdd334ed6e679062722d3dc12fd42517a34929c69c844d09606b041d,2022-06,Cambridgeshire Constabulary,Cambridgeshire Constabulary,-0.114501,52.552774,On or near New Road,E01018075,Fenland 006D,Violence and sexual offences,Action to be taken by another organisation,
531f00dc9744a81f97b552b828fc9e9b8b283d4ff7e45e344725771be6f5149d,2022-06,Cambridgeshire Constabulary,Cambridgeshire Constabulary,-0.120927,52.553577,On or near Bramble Close,E01018075,Fenland 006D,Violence and sexual offences,Investigation complete; no suspect identified,
e57fcbd8314198c252e845dc075386a9159ad28c23793d5cf0d1ae5957772e89,2022-06,Cambridgeshire Constabulary,Cambridgeshire Constabulary,-0.135577,52.559428,On or near West End,E01018098,Fenland 006E,Bicycle theft,Investigation complete; no suspect identified,
f9a35b7de9382b749b73e725b074ad83959969788aff5df998e6c1647d3c410c,2022-06,Cambridgeshire Constabulary,Cambridgeshire Constabulary,-0.135577,52.559428,On or near West End,E01018098,Fenland 006E,Criminal damage and arson,Investigation complete; no suspect identified,
d6be1ccba4da0f0ea942a06e60789882d3b8fbe89c517cb3aa5240ebd457bc14,2022-06,Cambridgeshire Constabulary,Cambridgeshire Constabulary,-0.138061,52.559297,On or near Oxford Gardens,E01018098,Fenland 006E,Violence and sexual offences,Unable to prosecute suspect,
466d3d04055675bc112732b6d8545a76991bfb72ae7bfd7b72ab695fa73ba559,2022-06,Cambridgeshire Constabulary,Cambridgeshire Constabulary,-0.133963,52.557488,On or near Horsegate,E01018098,Fenland 006E,Violence and sexual offences,Unable to prosecute suspect,
329beac0f5d05b0407200ada12ebbbec6a21c3ad5c127fbfbce35b250c7ad10c,2022-06,Cambridgeshire Constabulary,Cambridgeshire Constabulary,-0.138061,52.559297,On or near Oxford Gardens,E01018098,Fenland 006E,Violence and sexual offences,Investigation complete; no suspect identified,
,2022-06,Cambridgeshire Constabulary,Cambridgeshire Constabulary,-0.141194,52.561971,On or near Childers Street,E01018099,Fenland 006F,Anti-social behaviour,,
cb6b0f4b0daf015ec43800a3aee7acfb27a74f0fce231fbb7687db24f20a7715,2022-06,Cambridgeshire Constabulary,Cambridgeshire Constabulary,-0.175756,52.559605,On or near Park/Open Space,E01018099,Fenland 006F,Criminal damage and arson,Investigation complete; no suspect identified,
61f47997409ffd1b0c13452cbdabdc5f2d6a1a4c1094ddcd54d8769938fd8951,2022-06,Cambridgeshire Constabulary,Cambridgeshire Constabulary,-0.175756,52.559605,On or near Park/Open Space,E01018099,Fenland 006F,Other theft,Investigation complete; no suspect identified,
9b336a5fe94c843f1bdedd4ec3ab9f595a3f4601ec26ee2a9540d3110725c5c4,2022-06,Cambridgeshire Constabulary,Cambridgeshire Constabulary,-0.144531,52.560864,On or near Petrol Station,E01018099,Fenland 006F,Other theft,Investigation complete; no suspect identified,
baa5dc9f4fc373733f9c3cc89c0b128ef744e01519d557a80b36d4e127bb9f95,2022-06,Cambridgeshire Constabulary,Cambridgeshire Constabulary,-0.141194,52.561971,On or near Childers Street,E01018099,Fenland 006F,Other theft,Unable to prosecute suspect,
7ea03f21d9d20b6be5ff0473a18ea3ea8a9a87ff7001aff6d0a1421940edf6b2,2022-06,Cambridgeshire Constabulary,Cambridgeshire Constabulary,-0.141194,52.561971,On or near Childers Street,E01018099,Fenland 006F,Violence and sexual offences,Unable to prosecute suspect,
594bf4e1c370c28486dd006c6308feabd9e2593d45adf3ec2682bb3063a38fc9,2022-06,Cambridgeshire Constabulary,Cambridgeshire Constabulary,-0.139984,52.558832,On or near Snoots Road,E01018099,Fenland 006F,Violence and sexual offences,Unable to prosecute suspect,
5fbbe58770329c5961f928ceb058467e26ad734cfd10cb835aa27e717f1b4fd9,2022-06,Cambridgeshire Constabulary,Cambridgeshire Constabulary,-0.142783,52.560683,On or near Peterborough Road,E01018099,Fenland 006F,Violence and sexual offences,Unable to prosecute suspect,
c6d8b3d2b32de5d3024e787278446bbdf2a48198bb6f50118ae96cffd5dca92e,2022-06,Cambridgeshire Constabulary,Cambridgeshire Constabulary,-0.142434,52.559851,On or near Pingle Close,E01018099,Fenland 006F,Violence and sexual offences,Unable to prosecute suspect,
90e5865c418dec4bfe0e532c6d40fcabb78de068cc5a50d5472fbff59222bb92,2022-06,Cambridgeshire Constabulary,Cambridgeshire Constabulary,-0.142434,52.559851,On or near Pingle Close,E01018099,Fenland 006F,Violence and sexual offences,Unable to prosecute suspect,
ca97e62241c42fde4dabf139bc0f8ff61fd1590e72250f733dfd92704ac81072,2022-06,Cambridgeshire Constabulary,Cambridgeshire Constabulary,-0.141194,52.561971,On or near Childers Street,E01018099,Fenland 006F,Violence and sexual offences,Unable to prosecute suspect,
,2022-06,Cambridgeshire Constabulary,Cambridgeshire Constabulary,-0.127397,52.555802,On or near Parking Area,E01018100,Fenland 006G,Anti-social behaviour,,
,2022-06,Cambridgeshire Constabulary,Cambridgeshire Constabulary,-0.126319,52.557196,On or near Supermarket,E01018100,Fenland 006G,Anti-social behaviour,,
,2022-06,Cambridgeshire Constabulary,Cambridgeshire Constabulary,-0.127397,52.555802,On or near Parking Area,E01018100,Fenland 006G,Anti-social behaviour,,
9a2fdda229a809e291049f276eabe38599a8ccf466bb2ec9d6b726cf799f2e90,2022-06,Cambridgeshire Constabulary,Cambridgeshire Constabulary,-0.127397,52.555802,On or near Parking Area,E01018100,Fenland 006G,Criminal damage and arson,Investigation complete; no suspect identified,
cd00dcb9b8921172dd81b1a8fe8ce187c363dac6db0ab0369ced2f3578b6f95f,2022-06,Cambridgeshire Constabulary,Cambridgeshire Constabulary,-0.128572,52.560756,On or near Delph,E01018100,Fenland 006G,Criminal damage and arson,Investigation complete; no suspect identified,
4198bfd0caf9e29c96ded0c5d120dabc271e22851166529965f71ea3b9795ff8,2022-06,Cambridgeshire Constabulary,Cambridgeshire Constabulary,-0.133655,52.560234,On or near Low Cross,E01018100,Fenland 006G,Criminal damage and arson,Investigation complete; no suspect identified,
34fefe587c63d2e657198ab84f2f5764d5f59338e0f55b6915027567d87a3d81,2022-06,Cambridgeshire Constabulary,Cambridgeshire Constabulary,-0.133655,52.560234,On or near Low Cross,E01018100,Fenland 006G,Public order,Investigation complete; no suspect identified,
61f3caa7ba1199d98bdbcf90c35f0485c81cf70bcece0c5965a427528001fa87,2022-06,Cambridgeshire Constabulary,Cambridgeshire Constabulary,-0.127935,52.557015,On or near Police Station,E01018100,Fenland 006G,Public order,Unable to prosecute suspect,
9cf21ff2503610f6bc324213ae1cae92cbcef5538e92f726356b2ba4e925f321,2022-06,Cambridgeshire Constabulary,Cambridgeshire Constabulary,-0.126996,52.557926,On or near Syers Lane,E01018100,Fenland 006G,Shoplifting,Investigation complete; no suspect identified,
40dbd74a72f7ed345f3b2924c46d9cf4163f6c86b0b58ef62e73fb431a47fbb4,2022-06,Cambridgeshire Constabulary,Cambridgeshire Constabulary,-0.132534,52.561277,On or near Monks Close,E01018100,Fenland 006G,Violence and sexual offences,Unable to prosecute suspect,
c65682b3b71aa9fa310e0a5313062a50cdd4190d3059a152a02337923dc8873e,2022-06,Cambridgeshire Constabulary,Cambridgeshire Constabulary,-0.127935,52.557015,On or near Police Station,E01018100,Fenland 006G,Violence and sexual offences,Unable to prosecute suspect,
9c5942995da4a0b06c8907c7047f0dd45a534367685065586ebde7e69d712d4a,2022-06,Cambridgeshire Constabulary,Cambridgeshire Constabulary,-0.128326,52.557174,On or near Queen Street,E01018100,Fenland 006G,Violence and sexual offences,Court result unavailable,
d632a57d28ef0190bab4cb36ef30c9788018a306d6d34ec234ddf29175301113,2022-06,Cambridgeshire Constabulary,Cambridgeshire Constabulary,-0.125720,52.556378,On or near Eastgate,E01018100,Fenland 006G,Violence and sexual offences,Unable to prosecute suspect,
,2022-06,Cambridgeshire Constabulary,Cambridgeshire Constabulary,-0.126050,52.552445,On or near Parking Area,E01018101,Fenland 006H,Anti-social behaviour,,
,2022-06,Cambridgeshire Constabulary,Cambridgeshire Constabulary,-0.126031,52.554270,On or near Hardy'S Lane,E01018101,Fenland 006H,Anti-social behaviour,,
2a9c918e509291bcddd74c385e73a75f9abb09f09bf0c5f55c0c7dd2d7589849,2022-06,Cambridgeshire Constabulary,Cambridgeshire Constabulary,-0.129280,52.559032,On or near Gracious Street,E01018101,Fenland 006H,Burglary,Investigation complete; no suspect identified,
70f783a83f3b916b205de306bf6dbe7cfbf79779c75d93edcc835a34041d3544,2022-06,Cambridgeshire Constabulary,Cambridgeshire Constabulary,-0.126050,52.552445,On or near Parking Area,E01018101,Fenland 006H,Criminal damage and arson,Investigation complete; no suspect identified,
6455caf3e04764b554ab85fad817b1bbed8acf9b9417eeef9c27a0a30e62b064,2022-06,Cambridgeshire Constabulary,Cambridgeshire Constabulary,-0.129230,52.559157,On or near Orchard Street,E01018101,Fenland 006H,Public order,Investigation complete; no suspect identified,
a1a84dac623a56ba47e85d76b35c338bbf512816c64330414c246198d761df98,2022-06,Cambridgeshire Constabulary,Cambridgeshire Constabulary,-0.129230,52.559157,On or near Orchard Street,E01018101,Fenland 006H,Violence and sexual offences,Unable to prosecute suspect,
09d5cc1d30ac8457dffadd6029a972633aee1f219914a89c1f9ec9e0b7c1512d,2022-06,Cambridgeshire Constabulary,Cambridgeshire Constabulary,-0.134221,52.552106,On or near Briggate Crescent,E01018101,Fenland 006H,Violence and sexual offences,Unable to prosecute suspect,
88591e21e7e5a01f7adb458099a77a7527bcb234b5c4beda925abfc84f8420a4,2022-06,Cambridgeshire Constabulary,Cambridgeshire Constabulary,-0.129230,52.559157,On or near Orchard Street,E01018101,Fenland 006H,Violence and sexual offences,Unable to prosecute suspect,
,2022-06,Cambridgeshire Constabulary,Cambridgeshire Constabulary,0.090237,52.550243,On or near Supermarket,E01018077,Fenland 007A,Anti-social behaviour,,
,2022-06,Cambridgeshire Constabulary,Cambridgeshire Constabulary,0.090237,52.550243,On or near Supermarket,E01018077,Fenland 007A,Anti-social behaviour,,
,2022-06,Cambridgeshire Constabulary,Cambridgeshire Constabulary,0.094657,52.552908,On or near Wigstone'S Road,E01018077,Fenland 007A,Anti-social behaviour,,
,2022-06,Cambridgeshire Constabulary,Cambridgeshire Constabulary,0.090237,52.550243,On or near Supermarket,E01018077,Fenland 007A,Anti-social behaviour,,
c53af678287ec4c89d20d261a79297c5ff6a45c26de6791105d3e657b462cdfb,2022-06,Cambridgeshire Constabulary,Cambridgeshire Constabulary,0.089269,52.550341,On or near Parking Area,E01018077,Fenland 007A,Criminal damage and arson,Investigation complete; no suspect identified,
d4bf6539c84150bfa9dd08c97b2bdbfd8335af5f2fbe883cca4c9a8f615b0ec1,2022-06,Cambridgeshire Constabulary,Cambridgeshire Constabulary,0.090237,52.550243,On or near Supermarket,E01018077,Fenland 007A,Criminal damage and arson,Unable to prosecute suspect,
4c4c9b2e81e76cfe8a55e86341cc979f191d00212d752a8c9b5e0bd3ddfe627f,2022-06,Cambridgeshire Constabulary,Cambridgeshire Constabulary,0.088066,52.548313,On or near Nightclub,E01018077,Fenland 007A,Criminal damage and arson,Unable to prosecute suspect,
2d51086c916f06cda131e74fd1e0923bda2751c365b98aa9b61f413b645d24c2,2022-06,Cambridgeshire Constabulary,Cambridgeshire Constabulary,0.088504,52.549141,On or near Parking Area,E01018077,Fenland 007A,Criminal damage and arson,Investigation complete; no suspect identified,
0eca2c2a42e9ef561f35235294b7e398196a487fb81e63f99dfe02fec7f92c9d,2022-06,Cambridgeshire Constabulary,Cambridgeshire Constabulary,0.093034,52.554465,On or near St John'S Chase,E01018077,Fenland 007A,Criminal damage and arson,Unable to prosecute suspect,
a31a4ee6b6fd1505dd9e371ebd74f70d0bc9b64af85261c3eb7b82060b230564,2022-06,Cambridgeshire Constabulary,Cambridgeshire Constabulary,0.090237,52.550243,On or near Supermarket,E01018077,Fenland 007A,Criminal damage and arson,Investigation complete; no suspect identified,
4dc01b669b42918c394f0756614969313351807972a3af4e0fb03162a9108143,2022-06,Cambridgeshire Constabulary,Cambridgeshire Constabulary,0.092769,52.552617,On or near Belmont Road,E01018077,Fenland 007A,Possession of weapons,Unable to prosecute suspect,
233a7d7793c90107debd58df149942f0e1d459ee8dd655818741c1acd0a22856,2022-06,Cambridgeshire Constabulary,Cambridgeshire Constabulary,0.093808,52.548724,On or near New Road,E01018077,Fenland 007A,Possession of weapons,Investigation complete; no suspect identified,
4977ea97fc4ec9eb9150db91795bb420f44516218b61988b83c5676af8737362,2022-06,Cambridgeshire Constabulary,Cambridgeshire Constabulary,0.088134,52.550685,On or near Broad Street,E01018077,Fenland 007A,Possession of weapons,Offender given a caution,
654eb87c514d04a3d860b18196e44c01272e2365911997f9d554c7badf2bafdd,2022-06,Cambridgeshire Constabulary,Cambridgeshire Constabulary,0.090237,52.550243,On or near Supermarket,E01018077,Fenland 007A,Public order,Investigation complete; no suspect identified,
0d55bbec114c0a45a304c1d285d0b7792f0bf29e84a25e6ce955aa13f9e317cd,2022-06,Cambridgeshire Constabulary,Cambridgeshire Constabulary,0.090237,52.550243,On or near Supermarket,E01018077,Fenland 007A,Shoplifting,Investigation complete; no suspect identified,
1151f6b2709859a65840a88c95eb7d427a556aba36de96ea361147be056a27b3,2022-06,Cambridgeshire Constabulary,Cambridgeshire Constabulary,0.088066,52.548313,On or near Nightclub,E01018077,Fenland 007A,Violence and sexual offences,Unable to prosecute suspect,
18c77dbb96e2386ddcafa7106307b4ae25527518acf61021c9ad34704ee6b196,2022-06,Cambridgeshire Constabulary,Cambridgeshire Constabulary,0.092769,52.552617,On or near Belmont Road,E01018077,Fenland 007A,Violence and sexual offences,Unable to prosecute suspect,
b580ad7085cc6f5a0da4dd6a561ab3626a6e18278a2c823381c07cdf29947e5c,2022-06,Cambridgeshire Constabulary,Cambridgeshire Constabulary,0.088504,52.549141,On or near Parking Area,E01018077,Fenland 007A,Violence and sexual offences,Unable to prosecute suspect,
7d855d12ee04d04c3557be5b681421a1870d04312c4cac119efa9aaeecd38a20,2022-06,Cambridgeshire Constabulary,Cambridgeshire Constabulary,0.090237,52.550243,On or near Supermarket,E01018077,Fenland 007A,Violence and sexual offences,Investigation complete; no suspect identified,
d774a9abef1de32907b49c39b4962afe3019b2b0d5a9b2ef701b0e2d9108d917,2022-06,Cambridgeshire Constabulary,Cambridgeshire Constabulary,0.091892,52.549369,On or near Wherry Close,E01018077,Fenland 007A,Violence and sexual offences,Unable to prosecute suspect,
50ac2070d199b4871510be8532a2325ce94e64223850816180f2eeac0a80cfcf,2022-06,Cambridgeshire Constabulary,Cambridgeshire Constabulary,0.088504,52.549141,On or near Parking Area,E01018077,Fenland 007A,Violence and sexual offences,Unable to prosecute suspect,
667f0c97fb65b04807649523bf36415ff6987a793710456bd3f27438444275ba,2022-06,Cambridgeshire Constabulary,Cambridgeshire Constabulary,0.088134,52.550685,On or near Broad Street,E01018077,Fenland 007A,Other crime,Investigation complete; no suspect identified,
,2022-06,Cambridgeshire Constabulary,Cambridgeshire Constabulary,0.101226,52.551155,On or near East Drive,E01018078,Fenland 007B,Anti-social behaviour,,
fe43b0feb07b661d6bc8cbef43b54f73efe376c5c44cbe2d9f1886bb464aba70,2022-06,Cambridgeshire Constabulary,Cambridgeshire Constabulary,0.100765,52.548924,On or near Papworth Road,E01018078,Fenland 007B,Criminal damage and arson,Investigation complete; no suspect identified,
4d9aff02c46d7f6b17ce8a34a7712414f43e616bda7a67ae41330839c68f0f41,2022-06,Cambridgeshire Constabulary,Cambridgeshire Constabulary,0.097392,52.549029,On or near Supermarket,E01018078,Fenland 007B,Public order,Local resolution,
281fad0f33c3daf8a93003af6275c429e76f2aec0d86245c3c628b4f02e2d944,2022-06,Cambridgeshire Constabulary,Cambridgeshire Constabulary,0.099202,52.550786,On or near Badgeney Road,E01018078,Fenland 007B,Public order,Investigation complete; no suspect identified,
e38a1ed7a00c06a63b28e710c8e71d9fc79f127e130e7adf5429565e2c2fa981,2022-06,Cambridgeshire Constabulary,Cambridgeshire Constabulary,0.098711,52.549770,On or near Hurst Avenue,E01018078,Fenland 007B,Violence and sexual offences,Action to be taken by another organisation,
555101921d4381e307acef13ba23be691f66085ab5bbd5022947146fbc1dbf7a,2022-06,Cambridgeshire Constabulary,Cambridgeshire Constabulary,0.099202,52.550786,On or near Badgeney Road,E01018078,Fenland 007B,Violence and sexual offences,Unable to prosecute suspect,
6b25a9b6a7780d1c7f58029fe39a510e9728c38377d0be63e539285e5b6044c6,2022-06,Cambridgeshire Constabulary,Cambridgeshire Constabulary,0.102640,52.549583,On or near West Drive,E01018078,Fenland 007B,Violence and sexual offences,Unable to prosecute suspect,
2fa13d29abda7b1e1e64e1a9dd718f8e65167d2d1d2c09ab8dab446d52f096e8,2022-06,Cambridgeshire Constabulary,Cambridgeshire Constabulary,0.099160,52.548368,On or near Asplin Avenue,E01018078,Fenland 007B,Violence and sexual offences,Unable to prosecute suspect,
bbd291c917113206d96fc0dfabb65d6eef239e7dc5aba64514e4a983c0317986,2022-06,Cambridgeshire Constabulary,Cambridgeshire Constabulary,0.101131,52.546400,On or near Smith'S Drive,E01018078,Fenland 007B,Violence and sexual offences,Unable to prosecute suspect,
,2022-06,Cambridgeshire Constabulary,Cambridgeshire Constabulary,0.097996,52.543129,On or near Percheron Drive,E01018079,Fenland 007C,Anti-social behaviour,,
34b6a7dbf833e4091231444cb4bae7f006365559aaabf9dfc138cc252c21efa2,2022-06,Cambridgeshire Constabulary,Cambridgeshire Constabulary,0.093864,52.542770,On or near Eastwood Avenue,E01018079,Fenland 007C,Criminal damage and arson,Investigation complete; no suspect identified,
e2dfbdd776096a60bececfbadaa8d5bfe7cf58a5226b91cc8785435be0a80f75,2022-06,Cambridgeshire Constabulary,Cambridgeshire Constabulary,0.096443,52.539641,On or near The Shires,E01018079,Fenland 007C,Criminal damage and arson,Status update unavailable,
75f13c801931b4a870665da4d15c22e7f767fb108c8fda99a57646e6a5a08c2e,2022-06,Cambridgeshire Constabulary,Cambridgeshire Constabulary,0.093864,52.542770,On or near Eastwood Avenue,E01018079,Fenland 007C,Public order,Unable to prosecute suspect,
635a743cef87a02f3109a568547f7d649cc26e41821216d0444828422bc064b8,2022-06,Cambridgeshire Constabulary,Cambridgeshire Constabulary,0.093864,52.542770,On or near Eastwood Avenue,E01018079,Fenland 007C,Violence and sexual offences,Unable to prosecute suspect,
37a3914341694983b1acf8dedb9a58fb4afdf12f384a4e9cb756de3e029f2a16,2022-06,Cambridgeshire Constabulary,Cambridgeshire Constabulary,0.095682,52.544698,On or near Noble Gardens,E01018079,Fenland 007C,Violence and sexual offences,Offender given a caution,
4802278bff2efcf67176253db3543cef93c4758e877b56d7f6469e11c857b902,2022-06,Cambridgeshire Constabulary,Cambridgeshire Constabulary,0.093864,52.542770,On or near Eastwood Avenue,E01018079,Fenland 007C,Violence and sexual offences,Unable to prosecute suspect,
05e42559b50b21579503e26a105ddef8e7ab1c212575b76718c1e3ee1ad4d980,2022-06,Cambridgeshire Constabulary,Cambridgeshire Constabulary,0.093864,52.542770,On or near Eastwood Avenue,E01018079,Fenland 007C,Violence and sexual offences,Unable to prosecute suspect,
,2022-06,Cambridgeshire Constabulary,Cambridgeshire Constabulary,0.093152,52.558185,On or near Thornton Road,E01018080,Fenland 007D,Anti-social behaviour,,
,2022-06,Cambridgeshire Constabulary,Cambridgeshire Constabulary,0.104165,52.550923,On or near Heathcote Close,E01018080,Fenland 007D,Anti-social behaviour,,
3548cffd70285ddb17604ee887118b6862f1f56b2390206098c98cb67194add5,2022-06,Cambridgeshire Constabulary,Cambridgeshire Constabulary,0.093505,52.555985,On or near Newlands Avenue,E01018080,Fenland 007D,Burglary,Investigation complete; no suspect identified,
079338b76f0b13d414b3075090fdefd8b8deeedd7325a63cebcf164432d78424,2022-06,Cambridgeshire Constabulary,Cambridgeshire Constabulary,0.101512,52.555915,On or near The Parks,E01018080,Fenland 007D,Public order,Unable to prosecute suspect,
a3728ccdc5fcea5103e6709b97473be001000f6bf3f474f386e22d8bc4d5fd3d,2022-06,Cambridgeshire Constabulary,Cambridgeshire Constabulary,0.101512,52.555915,On or near The Parks,E01018080,Fenland 007D,Public order,Unable to prosecute suspect,
97d403d37ea48c25be2116816192b526316c80c9916c972e618f3cea35a16ff5,2022-06,Cambridgeshire Constabulary,Cambridgeshire Constabulary,0.101512,52.555915,On or near The Parks,E01018080,Fenland 007D,Public order,Unable to prosecute suspect,
1d1888bb06d048b92b8ee34654aaba2efe7be1d6c6a0601a996581c9b5f6b5e8,2022-06,Cambridgeshire Constabulary,Cambridgeshire Constabulary,0.097273,52.557357,On or near Harebell Close,E01018080,Fenland 007D,Vehicle crime,Investigation complete; no suspect identified,
b41a93baaadc99038b0ea735c0d6c800d697c50f41c9b8621b4fa437e615397c,2022-06,Cambridgeshire Constabulary,Cambridgeshire Constabulary,0.094592,52.554653,On or near Cedar Close,E01018080,Fenland 007D,Vehicle crime,Investigation complete; no suspect identified,
b84d21ce178799b0b8f842a1a0d491898f0ccc45c523afae087d8f0fa6ac79ad,2022-06,Cambridgeshire Constabulary,Cambridgeshire Constabulary,0.096432,52.556113,On or near New Park,E01018080,Fenland 007D,Violence and sexual offences,Unable to prosecute suspect,
e926be08523e701cc90d0c90b9c087da0f989f84061505ac6d6e6986bbe45c60,2022-06,Cambridgeshire Constabulary,Cambridgeshire Constabulary,0.097273,52.557357,On or near Harebell Close,E01018080,Fenland 007D,Violence and sexual offences,Status update unavailable,
642f73899d3c0f2b6f4ce0030ed170e69b51103d2aeffc3220cd5c6c74467a69,2022-06,Cambridgeshire Constabulary,Cambridgeshire Constabulary,0.102699,52.552981,On or near Bittern Way,E01018080,Fenland 007D,Violence and sexual offences,Unable to prosecute suspect,
b413357ebfe7cc811660d396f75d7efce2d695ba03edab40fc318656a3f219db,2022-06,Cambridgeshire Constabulary,Cambridgeshire Constabulary,-0.118222,52.562669,On or near Swan Road,E01018058,Fenland 008A,Drugs,Local resolution,
eab34e66cc66e686ec329f51b9ec8d30640296352a00985614aee28177c4be16,2022-06,Cambridgeshire Constabulary,Cambridgeshire Constabulary,-0.111963,52.564826,On or near Lapwing Drive,E01018058,Fenland 008A,Other crime,Unable to prosecute suspect,
04557bb928f355d247dc95c3087b0e4e4cdc432b018014b5a1e2b732c6986967,2022-06,Cambridgeshire Constabulary,Cambridgeshire Constabulary,-0.169009,52.556542,On or near King'S Dyke,E01018059,Fenland 008B,Burglary,Investigation complete; no suspect identified,
d5d9debd3805b3a1be3374802deffbf396a38a27f085a8eef3cc10ce085e9a6a,2022-06,Cambridgeshire Constabulary,Cambridgeshire Constabulary,-0.169009,52.556542,On or near King'S Dyke,E01018059,Fenland 008B,Burglary,Investigation complete; no suspect identified,
8a7659dac488614204b5cfd901cbbaa05dc52da499c4cafe83810d62902a1be5,2022-06,Cambridgeshire Constabulary,Cambridgeshire Constabulary,-0.169009,52.556542,On or near King'S Dyke,E01018059,Fenland 008B,Burglary,Investigation complete; no suspect identified,
f5edda4e0591b81899fe093fa2a9176f94d1b885ecc8f296145e4b9f5346de3d,2022-06,Cambridgeshire Constabulary,Cambridgeshire Constabulary,-0.111752,52.544656,On or near Park/Open Space,E01018059,Fenland 008B,Burglary,Investigation complete; no suspect identified,
,2022-06,Cambridgeshire Constabulary,Cambridgeshire Constabulary,-0.023523,52.495544,On or near The Old Orchard,E01018060,Fenland 008C,Anti-social behaviour,,
,2022-06,Cambridgeshire Constabulary,Cambridgeshire Constabulary,-0.013634,52.499559,On or near Doddington Road,E01018060,Fenland 008C,Anti-social behaviour,,
0455dd4c9011d0bb7f8b8ddc9f48c61f88aefc2f5c6700670dd5fddff5db7f60,2022-06,Cambridgeshire Constabulary,Cambridgeshire Constabulary,-0.001429,52.520816,On or near Park/Open Space,E01018060,Fenland 008C,Criminal damage and arson,Investigation complete; no suspect identified,
360036ba97cec29a17e13f947747c5305832c7bfcc3e563b9ab92b2f86d1ac71,2022-06,Cambridgeshire Constabulary,Cambridgeshire Constabulary,-0.031865,52.551195,On or near Red Barn,E01018060,Fenland 008C,Other theft,Unable to prosecute suspect,
aca9e1072ad04e87196ab5880296abadacf4bfcc6897795574d0cb6ab3f23026,2022-06,Cambridgeshire Constabulary,Cambridgeshire Constabulary,-0.021860,52.497818,On or near Heron Way,E01018060,Fenland 008C,Other theft,Unable to prosecute suspect,
10379fa79605709135716ed12c627fd41edeb9ae3be546c1c23f9dd86f0df010,2022-06,Cambridgeshire Constabulary,Cambridgeshire Constabulary,-0.041505,52.502640,On or near Four Hundred Drove,E01018060,Fenland 008C,Public order,Unable to prosecute suspect,
8190cacce78ba238eb88c475e915fa012791882a06b51f79065651db2889ee34,2022-06,Cambridgeshire Constabulary,Cambridgeshire Constabulary,-0.047296,52.557456,On or near Park/Open Space,E01018060,Fenland 008C,Vehicle crime,Investigation complete; no suspect identified,
73d9abb4a3aaacd3501e3c0de1cd0e3537c6210f80ab5becb5d153c4b6a72210,2022-06,Cambridgeshire Constabulary,Cambridgeshire Constabulary,-0.071850,52.523989,On or near Slatebarn Drove,E01018060,Fenland 008C,Vehicle crime,Investigation complete; no suspect identified,
8df5cfa66d0c12c9595c727b2babf76799a38cc4f878ba2890972dc130e98358,2022-06,Cambridgeshire Constabulary,Cambridgeshire Constabulary,-0.039947,52.504520,On or near Chase Road,E01018060,Fenland 008C,Vehicle crime,Investigation complete; no suspect identified,
ef14239670c93cfb664dfd1a31f916c7bf4ecd75621712310cdafc50cfaf2a54,2022-06,Cambridgeshire Constabulary,Cambridgeshire Constabulary,-0.027162,52.529106,On or near Burnthouse Sidings,E01018060,Fenland 008C,Vehicle crime,Investigation complete; no suspect identified,
d771f8aece1513e818b4d85e21e26b68577c0cbbf4e7d935362748cb1be65e37,2022-06,Cambridgeshire Constabulary,Cambridgeshire Constabulary,-0.031865,52.551195,On or near Red Barn,E01018060,Fenland 008C,Violence and sexual offences,Unable to prosecute suspect,
e1c6a99d7fe8a8953b9e82f333822f11309557b1251319f773ab9aebfc62a75d,2022-06,Cambridgeshire Constabulary,Cambridgeshire Constabulary,-0.031865,52.551195,On or near Red Barn,E01018060,Fenland 008C,Violence and sexual offences,Investigation complete; no suspect identified,
88d063297ceca0b7791ea550e61c699484e5f4e4b35c0069eed093fa1e8cb794,2022-06,Cambridgeshire Constabulary,Cambridgeshire Constabulary,-0.068044,52.560656,On or near Grounds Way,E01018061,Fenland 008D,Criminal damage and arson,Investigation complete; no suspect identified,
6182526805a9ba23efcb5ce6e027b1616ef72e7c665ff9d145dae1f8d4d1dbb2,2022-06,Cambridgeshire Constabulary,Cambridgeshire Constabulary,-0.072580,52.562537,On or near Kings Close,E01018061,Fenland 008D,Criminal damage and arson,Further action is not in the public interest,
bd5dc46c9a23a42f91e3ac7d7f83f2bb82ebc163463cd7cf1ec12d2bc672060b,2022-06,Cambridgeshire Constabulary,Cambridgeshire Constabulary,-0.075842,52.563849,On or near Hartlands,E01018061,Fenland 008D,Criminal damage and arson,Investigation complete; no suspect identified,
7f1c467bcd8ab6ab062cb35aeddec09f62b732d5ca3c46370c37cc36b03922da,2022-06,Cambridgeshire Constabulary,Cambridgeshire Constabulary,-0.075842,52.563849,On or near Hartlands,E01018061,Fenland 008D,Vehicle crime,Investigation complete; no suspect identified,
6467fb3b84befe3d168d617d054ea4cb18b25de02ef44ef311a9450700ed59c9,2022-06,Cambridgeshire Constabulary,Cambridgeshire Constabulary,-0.069625,52.562615,On or near Parking Area,E01018061,Fenland 008D,Violence and sexual offences,Offender given a caution,
8209000c1c25f552876ba532c7a5e11ffd5892b9dc4f2cd6b1dd3e4d90d32749,2022-06,Cambridgeshire Constabulary,Cambridgeshire Constabulary,-0.072580,52.562537,On or near Kings Close,E01018061,Fenland 008D,Violence and sexual offences,Unable to prosecute suspect,
,2022-06,Cambridgeshire Constabulary,Cambridgeshire Constabulary,0.070535,52.532472,On or near A141,E01018085,Fenland 009A,Anti-social behaviour,,
47c4cab19a125d787e699e24931bbf7b68e8015ab76e02bfb70c86e610b6a7de,2022-06,Cambridgeshire Constabulary,Cambridgeshire Constabulary,0.084147,52.535947,On or near Church Close,E01018085,Fenland 009A,Bicycle theft,Investigation complete; no suspect identified,
175fabf58de61448ffc02fe3d9356c163bdafb2e6520cedc60b028a22ef24c83,2022-06,Cambridgeshire Constabulary,Cambridgeshire Constabulary,0.076424,52.545083,On or near Plowright Close,E01018085,Fenland 009A,Criminal damage and arson,Offender given a caution,
79f2f36dc151ce161f8e5c9fe3c5c2f2119da06fa299fd19d2216bbd666741a4,2022-06,Cambridgeshire Constabulary,Cambridgeshire Constabulary,0.076424,52.545083,On or near Plowright Close,E01018085,Fenland 009A,Violence and sexual offences,Unable to prosecute suspect,
,2022-06,Cambridgeshire Constabulary,Cambridgeshire Constabulary,0.073976,52.553542,On or near Deben Close,E01018086,Fenland 009B,Anti-social behaviour,,
,2022-06,Cambridgeshire Constabulary,Cambridgeshire Constabulary,0.065530,52.556198,On or near Marina Drive,E01018086,Fenland 009B,Anti-social behaviour,,
bcf5e09ad3b6f46a64a5542762482628a01e021dc2c5f0df2a04ad08830b820b,2022-06,Cambridgeshire Constabulary,Cambridgeshire Constabulary,0.076804,52.548763,On or near Yardy Close,E01018086,Fenland 009B,Burglary,Investigation complete; no suspect identified,
33c2ec11acdc08ce6ce9adcd3ef6893b87fc37e5b88a957af65e8434ad422800,2022-06,Cambridgeshire Constabulary,Cambridgeshire Constabulary,0.072775,52.553401,On or near Orwell Drive,E01018086,Fenland 009B,Criminal damage and arson,Investigation complete; no suspect identified,
8d334053501a4e107448ed92f70e7414522646f34c32ce175705d6e52349796a,2022-06,Cambridgeshire Constabulary,Cambridgeshire Constabulary,0.076804,52.548763,On or near Yardy Close,E01018086,Fenland 009B,Public order,Unable to prosecute suspect,
d426f8207baab8fea7229a8b2e16830c0b267b1528568fbe50764191cd88c7e9,2022-06,Cambridgeshire Constabulary,Cambridgeshire Constabulary,0.076804,52.548763,On or near Yardy Close,E01018086,Fenland 009B,Vehicle crime,Unable to prosecute suspect,
68acd92671c27d942c6ef6d84c416e11bd03a1a21770b560c1567bddb7e9c655,2022-06,Cambridgeshire Constabulary,Cambridgeshire Constabulary,0.076804,52.548763,On or near Yardy Close,E01018086,Fenland 009B,Violence and sexual offences,Unable to prosecute suspect,
e5b0e69a1fef39d9d8c6f84d68a32521da5e625895e5bc5c8949f38a6bfc88fe,2022-06,Cambridgeshire Constabulary,Cambridgeshire Constabulary,0.069306,52.554612,On or near Fishermans Drive,E01018086,Fenland 009B,Violence and sexual offences,Local resolution,
e9fabb6d8376cb0838b150a362e15a3c59960ed1507dc020edefd5b07d275639,2022-06,Cambridgeshire Constabulary,Cambridgeshire Constabulary,0.069306,52.554612,On or near Fishermans Drive,E01018086,Fenland 009B,Violence and sexual offences,Unable to prosecute suspect,
4c9740c226656dac61e3e5804fed77eb1fff031564b2873d43254acc04f03b9a,2022-06,Cambridgeshire Constabulary,Cambridgeshire Constabulary,0.076804,52.548763,On or near Yardy Close,E01018086,Fenland 009B,Violence and sexual offences,Unable to prosecute suspect,
52780764fb42899a41422d811e0e0891c5efdea1c9b535c8ea991509d3e324c1,2022-06,Cambridgeshire Constabulary,Cambridgeshire Constabulary,0.069063,52.556343,On or near Peas Hill Road,E01018086,Fenland 009B,Violence and sexual offences,Unable to prosecute suspect,
72c59d3f3ebcca1593a5fd85c0df94dd50f946445c43120967a779baab5d1483,2022-06,Cambridgeshire Constabulary,Cambridgeshire Constabulary,0.068087,52.556603,On or near The Windsors,E01018086,Fenland 009B,Violence and sexual offences,Unable to prosecute suspect,
73302fe88f6f0ca81b3bbcc9edcdbf1d7488ea914802b46ef2683e91e48bb6fa,2022-06,Cambridgeshire Constabulary,Cambridgeshire Constabulary,0.068087,52.556603,On or near The Windsors,E01018086,Fenland 009B,Violence and sexual offences,Unable to prosecute suspect,
27f893d2277b046114f9981843f7839e3910aa995e5edefa3855516f08b6aae8,2022-06,Cambridgeshire Constabulary,Cambridgeshire Constabulary,0.068087,52.556603,On or near The Windsors,E01018086,Fenland 009B,Violence and sexual offences,Unable to prosecute suspect,
76227601ec4372811de345ae66afba309fc15cba3084877b1620c071330ca798,2022-06,Cambridgeshire Constabulary,Cambridgeshire Constabulary,0.069063,52.556343,On or near Peas Hill Road,E01018086,Fenland 009B,Violence and sexual offences,Unable to prosecute suspect,
40879186dc22c77fe5317415ed1c3260fb29850b8f9178526fc4ca7279bde9f8,2022-06,Cambridgeshire Constabulary,Cambridgeshire Constabulary,0.076804,52.548763,On or near Yardy Close,E01018086,Fenland 009B,Violence and sexual offences,Unable to prosecute suspect,
633aeb714737b135466becfc3cf786f6d8f8351f23a7705d011f210f6ae39f54,2022-06,Cambridgeshire Constabulary,Cambridgeshire Constabulary,0.072775,52.553401,On or near Orwell Drive,E01018086,Fenland 009B,Violence and sexual offences,Unable to prosecute suspect,
969463651ead6f59011f2f03e94bb83218d912b0efdcea679d189feaccc0ce13,2022-06,Cambridgeshire Constabulary,Cambridgeshire Constabulary,0.069306,52.554612,On or near Fishermans Drive,E01018086,Fenland 009B,Violence and sexual offences,Local resolution,
ce71bd8240b5689c5dda23ed97075d82ea17a5fbb5342f6233852714d3d29442,2022-06,Cambridgeshire Constabulary,Cambridgeshire Constabulary,0.076804,52.548763,On or near Yardy Close,E01018086,Fenland 009B,Other crime,Unable to prosecute suspect,
,2022-06,Cambridgeshire Constabulary,Cambridgeshire Constabulary,0.086779,52.546987,On or near Chapel Street,E01018087,Fenland 009C,Anti-social behaviour,,
,2022-06,Cambridgeshire Constabulary,Cambridgeshire Constabulary,0.084184,52.551978,On or near Dartford Road,E01018087,Fenland 009C,Anti-social behaviour,,
,2022-06,Cambridgeshire Constabulary,Cambridgeshire Constabulary,0.078945,52.551935,On or near West End,E01018087,Fenland 009C,Anti-social behaviour,,
aa7cd777b46893bbcf2d44f3e258e7533f61a4cae044b8d1b85eabf05dc19e82,2022-06,Cambridgeshire Constabulary,Cambridgeshire Constabulary,0.081329,52.552118,On or near Staceys Way,E01018087,Fenland 009C,Burglary,Status update unavailable,
16877b5e07a1e7d4ce2b48a5478276aa30184f4d593b511f7a66a921c68058ff,2022-06,Cambridgeshire Constabulary,Cambridgeshire Constabulary,0.087829,52.549216,On or near Acre Road,E01018087,Fenland 009C,Criminal damage and arson,Unable to prosecute suspect,
1090c99c10e0119e4aece41db80286bc913c452204edaff09d32fccafb4d573b,2022-06,Cambridgeshire Constabulary,Cambridgeshire Constabulary,0.086779,52.546987,On or near Chapel Street,E01018087,Fenland 009C,Criminal damage and arson,Unable to prosecute suspect,
8501696e7a3de18cdf7dddf97ff9e705fb379fc47c2ba41475eff024415fd957,2022-06,Cambridgeshire Constabulary,Cambridgeshire Constabulary,0.086821,52.544154,On or near Gas Road,E01018087,Fenland 009C,Drugs,Offender given a caution,
84f684dfa8f5214caf8b74556aa90953429086fff652643be59a1b77f36ffff9,2022-06,Cambridgeshire Constabulary,Cambridgeshire Constabulary,0.077997,52.552797,On or near Richards Close,E01018087,Fenland 009C,Other theft,Investigation complete; no suspect identified,
1d59f5ce76914402e86f80d27c6f5c601247c07073d399cd73c56a47f58d44e9,2022-06,Cambridgeshire Constabulary,Cambridgeshire Constabulary,0.087829,52.549216,On or near Acre Road,E01018087,Fenland 009C,Public order,Unable to prosecute suspect,
1783cbdce9cfe6052b00ffa07fab108631524b20c39f410c9a39e1907f5a1627,2022-06,Cambridgeshire Constabulary,Cambridgeshire Constabulary,0.087829,52.549216,On or near Acre Road,E01018087,Fenland 009C,Public order,Offender given a caution,
aa93fc41651f87a2b2f723c219a9adebf7d1eec9173206c0d8d9690c063485fb,2022-06,Cambridgeshire Constabulary,Cambridgeshire Constabulary,0.081661,52.551977,On or near Kent Way,E01018087,Fenland 009C,Public order,Unable to prosecute suspect,
8d54d7ae05534b06402c62baa87a348231e0aa779a4315162b5bb59780a13707,2022-06,Cambridgeshire Constabulary,Cambridgeshire Constabulary,0.086182,52.551511,On or near Petrol Station,E01018087,Fenland 009C,Public order,Investigation complete; no suspect identified,
7107d024ebd4477c648006c5220fc5aa699527f44d59e8ffb9191b3c3a4b2e8a,2022-06,Cambridgeshire Constabulary,Cambridgeshire Constabulary,0.084244,52.551383,On or near Rookswood Road,E01018087,Fenland 009C,Theft from the person,Investigation complete; no suspect identified,
e89215acfac7b7b6642fbb252981b63f4e5a14c83ed536e565e97a8f3f54a8d2,2022-06,Cambridgeshire Constabulary,Cambridgeshire Constabulary,0.079493,52.549803,On or near Babble Close,E01018087,Fenland 009C,Vehicle crime,Unable to prosecute suspect,
23185e58e1b5be227f32f65716c0f8c90309aa33c6c02108fe94ef094339a677,2022-06,Cambridgeshire Constabulary,Cambridgeshire Constabulary,0.082078,52.551754,On or near White Horse Gardens,E01018087,Fenland 009C,Vehicle crime,Investigation complete; no suspect identified,
9471476de8ced3513952f1f7092a223ccf629c422c63711f3bb83d0d78c6b6b8,2022-06,Cambridgeshire Constabulary,Cambridgeshire Constabulary,0.082872,52.551686,On or near Adelaide Place,E01018087,Fenland 009C,Vehicle crime,Investigation complete; no suspect identified,
c643f108aa358ee8b4fe415e8c99af2f287dba287f832f1d0bba95cbf1274811,2022-06,Cambridgeshire Constabulary,Cambridgeshire Constabulary,0.082872,52.551686,On or near Adelaide Place,E01018087,Fenland 009C,Vehicle crime,Investigation complete; no suspect identified,
408c3e741a55037dc31d29ad563fa936a93b357b88bc6c64320af2b2e60933f7,2022-06,Cambridgeshire Constabulary,Cambridgeshire Constabulary,0.076301,52.554364,On or near Harvester Close,E01018087,Fenland 009C,Violence and sexual offences,Unable to prosecute suspect,
dc3aad59d3ec60a8eb4854b270fb33e8bc71ed1206fb6dd7782b7fd62ef3f75d,2022-06,Cambridgeshire Constabulary,Cambridgeshire Constabulary,0.084184,52.551978,On or near Dartford Road,E01018087,Fenland 009C,Violence and sexual offences,Offender given a caution,
f362a643991a0ef438dbf49646b47267c0a860532bed06038da149c84265de1b,2022-06,Cambridgeshire Constabulary,Cambridgeshire Constabulary,0.082078,52.551754,On or near White Horse Gardens,E01018087,Fenland 009C,Violence and sexual offences,Local resolution,
cf18508ebfe85047671993ebb7409949a3b7f67bf722321c5a673c08d3fc95bb,2022-06,Cambridgeshire Constabulary,Cambridgeshire Constabulary,0.084184,52.551978,On or near Dartford Road,E01018087,Fenland 009C,Violence and sexual offences,Offender given a caution,
bf5ccbe295430eacef5ff481f778f065d7553fbc03b803190482b655f1867302,2022-06,Cambridgeshire Constabulary,Cambridgeshire Constabulary,0.086212,52.544991,On or near Causeway Gardens,E01018087,Fenland 009C,Violence and sexual offences,Unable to prosecute suspect,
e5d796c83c990303341014293132d95431ab972a4635b402ae44365f8caa9a37,2022-06,Cambridgeshire Constabulary,Cambridgeshire Constabulary,0.087829,52.549216,On or near Acre Road,E01018087,Fenland 009C,Violence and sexual offences,Unable to prosecute suspect,
42855b3ceef5de20778176b7b497438706249a7a35c984b568b5928f8fd6d0d6,2022-06,Cambridgeshire Constabulary,Cambridgeshire Constabulary,0.084244,52.551383,On or near Rookswood Road,E01018087,Fenland 009C,Violence and sexual offences,Unable to prosecute suspect,
2ff401cabcb7d8fc085eb7d88e7c5baa9137973d7e0228a86f95ec71d91b0ba3,2022-06,Cambridgeshire Constabulary,Cambridgeshire Constabulary,0.087829,52.549216,On or near Acre Road,E01018087,Fenland 009C,Violence and sexual offences,Investigation complete; no suspect identified,
53410c6cda85b62d7de3b911a33219d701c6f14dcdde97e3ade1005102df14fc,2022-06,Cambridgeshire Constabulary,Cambridgeshire Constabulary,0.086821,52.544154,On or near Gas Road,E01018087,Fenland 009C,Violence and sexual offences,Unable to prosecute suspect,
b66bfccd17818df14e097b0aa3bb93a44753ddfb41bb70f33ba1e7a4f3336bb9,2022-06,Cambridgeshire Constabulary,Cambridgeshire Constabulary,0.087829,52.549216,On or near Acre Road,E01018087,Fenland 009C,Violence and sexual offences,Unable to prosecute suspect,
dc85f5dd0d7941168013f0e092ebc5171de3a829e90ab75053b849225faa68ef,2022-06,Cambridgeshire Constabulary,Cambridgeshire Constabulary,0.082794,52.546931,On or near Corn Mill,E01018087,Fenland 009C,Violence and sexual offences,Further action is not in the public interest,
,2022-06,Cambridgeshire Constabulary,Cambridgeshire Constabulary,0.087968,52.539098,On or near Camargue Drive,E01018088,Fenland 009D,Anti-social behaviour,,
cb26e4eb42d36c398492916edb5dde245033a41f7c400c7d87218fc46ce030df,2022-06,Cambridgeshire Constabulary,Cambridgeshire Constabulary,0.090938,52.537050,On or near Sports/Recreation Area,E01018088,Fenland 009D,Bicycle theft,Investigation complete; no suspect identified,
a435f2b8c3d39330d9031256fa6a3bc1340c2424159e482a2f6173519a4e9ff0,2022-06,Cambridgeshire Constabulary,Cambridgeshire Constabulary,0.091425,52.541087,On or near Bosworth Way,E01018088,Fenland 009D,Burglary,Unable to prosecute suspect,
2437ecb50d134931e11497897cbc646e9042c3f2c6db02497ca1148682085d40,2022-06,Cambridgeshire Constabulary,Cambridgeshire Constabulary,0.090938,52.537050,On or near Sports/Recreation Area,E01018088,Fenland 009D,Drugs,Local resolution,
daaa46c560a8a1621338404d29dc9390bc9e69efc842ff79dc82de5fb18c215d,2022-06,Cambridgeshire Constabulary,Cambridgeshire Constabulary,0.096397,52.538050,On or near Fairfax Way,E01018088,Fenland 009D,Other theft,Investigation complete; no suspect identified,
e063afe6660614168612c0c72bba28a27e0940834078a9400ec160ecfdcd72b8,2022-06,Cambridgeshire Constabulary,Cambridgeshire Constabulary,0.090938,52.537050,On or near Sports/Recreation Area,E01018088,Fenland 009D,Possession of weapons,Offender given a caution,
6e6f4ac7bf3d8d565af0f54151dd99b2201975fb22b28bf8a75a53ace5101c76,2022-06,Cambridgeshire Constabulary,Cambridgeshire Constabulary,0.090938,52.537050,On or near Sports/Recreation Area,E01018088,Fenland 009D,Public order,Further action is not in the public interest,
59980947fd37464df8056eb8bfb796a89639a10e9768a8e40a49ad35cb7b37b5,2022-06,Cambridgeshire Constabulary,Cambridgeshire Constabulary,0.090938,52.537050,On or near Sports/Recreation Area,E01018088,Fenland 009D,Public order,Unable to prosecute suspect,
a916a9a967cf9a91a2a74271b997b3aaaf510d517fb7f12895aaa76654310fae,2022-06,Cambridgeshire Constabulary,Cambridgeshire Constabulary,0.090938,52.537050,On or near Sports/Recreation Area,E01018088,Fenland 009D,Public order,Status update unavailable,
40cad1e670d5afffd1c5ffc86e59458deb5059d417fc3ca09bc292bd15c056c8,2022-06,Cambridgeshire Constabulary,Cambridgeshire Constabulary,0.085904,52.537255,On or near Petrol Station,E01018088,Fenland 009D,Public order,Court result unavailable,
4282bab9d7b27ffe546e7ff945545cae11e22ab325c59d17d650c6354e8b9234,2022-06,Cambridgeshire Constabulary,Cambridgeshire Constabulary,0.085904,52.537255,On or near Petrol Station,E01018088,Fenland 009D,Shoplifting,Status update unavailable,
45d2317342aa3c649f05473f438651c78e797ddc4292599c33d81aaaae4b5fbf,2022-06,Cambridgeshire Constabulary,Cambridgeshire Constabulary,0.087740,52.539884,On or near Cavalry Park,E01018088,Fenland 009D,Vehicle crime,Investigation complete; no suspect identified,
9231a649e2ac1031dd4ffde61ad7f66d99e93699f6a6eca8decf5d571290bedb,2022-06,Cambridgeshire Constabulary,Cambridgeshire Constabulary,0.087740,52.539884,On or near Cavalry Park,E01018088,Fenland 009D,Violence and sexual offences,Unable to prosecute suspect,
06b754512f0123aae55cb0f0eb9552250b0fe6b266359d1ac088163115eb2be0,2022-06,Cambridgeshire Constabulary,Cambridgeshire Constabulary,0.090938,52.537050,On or near Sports/Recreation Area,E01018088,Fenland 009D,Violence and sexual offences,Further action is not in the public interest,
b71eec3fb0cb9464c5ff095e8db3bd2f494e6c2a26bb5665446e41481e0372a7,2022-06,Cambridgeshire Constabulary,Cambridgeshire Constabulary,0.087968,52.539098,On or near Camargue Drive,E01018088,Fenland 009D,Violence and sexual offences,Investigation complete; no suspect identified,
b4ad5658d01efcf2f1865a0fc780a28ffbe78ade9e232f83a9e6ea4e247ef688,2022-06,Cambridgeshire Constabulary,Cambridgeshire Constabulary,0.087740,52.539884,On or near Cavalry Park,E01018088,Fenland 009D,Violence and sexual offences,Unable to prosecute suspect,
980ae39b6548658349ab4966f9869b9c338f20bdf5d68b669652eaab686cc9ab,2022-06,Cambridgeshire Constabulary,Cambridgeshire Constabulary,0.087740,52.539884,On or near Cavalry Park,E01018088,Fenland 009D,Violence and sexual offences,Unable to prosecute suspect,
9d8f37f2762ec8d39bca598abbd5a9c84e7cb46f62ee492473bef9809a004cfc,2022-06,Cambridgeshire Constabulary,Cambridgeshire Constabulary,0.087740,52.539884,On or near Cavalry Park,E01018088,Fenland 009D,Violence and sexual offences,Unable to prosecute suspect,
175d19f4e980f52a8a282f945700e6568dab39bafe3de808b04a396a084ede55,2022-06,Cambridgeshire Constabulary,Cambridgeshire Constabulary,0.090938,52.537050,On or near Sports/Recreation Area,E01018088,Fenland 009D,Violence and sexual offences,Offender given a caution,
668647ea761526f31558afd710530b8d9fd90e1fe3b82bc479729b244ef705e0,2022-06,Cambridgeshire Constabulary,Cambridgeshire Constabulary,0.087740,52.539884,On or near Cavalry Park,E01018088,Fenland 009D,Violence and sexual offences,Unable to prosecute suspect,
cef2c8b4046ce695a13b528dcf66e2fce23e0c0b3ebd6eb076a2593d0e60ece7,2022-06,Cambridgeshire Constabulary,Cambridgeshire Constabulary,0.087968,52.539098,On or near Camargue Drive,E01018088,Fenland 009D,Violence and sexual offences,Action to be taken by another organisation,
a3fbad723bab7a8cb1bf7eaa1322ee587148c31d1de38e8b52de3261d353c75a,2022-06,Cambridgeshire Constabulary,Cambridgeshire Constabulary,0.087740,52.539884,On or near Cavalry Park,E01018088,Fenland 009D,Violence and sexual offences,Investigation complete; no suspect identified,
c36aa4b0090b4073fac6768fe292a4fee4a9724565a75b326cef0987651face8,2022-06,Cambridgeshire Constabulary,Cambridgeshire Constabulary,0.087968,52.539098,On or near Camargue Drive,E01018088,Fenland 009D,Violence and sexual offences,Investigation complete; no suspect identified,
,2022-06,Cambridgeshire Constabulary,Cambridgeshire Constabulary,0.059558,52.495430,On or near New Street,E01018065,Fenland 010A,Anti-social behaviour,,
,2022-06,Cambridgeshire Constabulary,Cambridgeshire Constabulary,0.059558,52.495430,On or near New Street,E01018065,Fenland 010A,Anti-social behaviour,,
1e38f58bdd71358bd85550ae9415b4354f062776ed029734d0979c1ed3d08d5c,2022-06,Cambridgeshire Constabulary,Cambridgeshire Constabulary,0.063280,52.498782,On or near Sutton Way,E01018065,Fenland 010A,Public order,Unable to prosecute suspect,
0692ab2d1337af28dde96683de47ca2fc8ae5146b5efc9055b7fe731a6f6875c,2022-06,Cambridgeshire Constabulary,Cambridgeshire Constabulary,0.063280,52.498782,On or near Sutton Way,E01018065,Fenland 010A,Violence and sexual offences,Unable to prosecute suspect,
b19abbb84af1409c39fbd4de83e3b96f043b9f8538b4396138a89c467752d4a0,2022-06,Cambridgeshire Constabulary,Cambridgeshire Constabulary,0.058713,52.497837,On or near Oaktree Close,E01018065,Fenland 010A,Violence and sexual offences,Unable to prosecute suspect,
c7734be9850144fbec8463c7800957e7aba8f20176538156d77f60a8de63f84c,2022-06,Cambridgeshire Constabulary,Cambridgeshire Constabulary,0.075604,52.499250,On or near Brickmaker'S Arms Lane,E01018065,Fenland 010A,Violence and sexual offences,Court result unavailable,
5651255a4bf7614e3e86c6a4e0f70c05f790395830d510fa6f07782e7c2db0b3,2022-06,Cambridgeshire Constabulary,Cambridgeshire Constabulary,0.063305,52.496804,On or near High Street,E01018065,Fenland 010A,Violence and sexual offences,Investigation complete; no suspect identified,
13b53d7f1730eb1d2f8254815e4b056d5ba8ce3163664cc4057d243ea3862c5f,2022-06,Cambridgeshire Constabulary,Cambridgeshire Constabulary,0.055202,52.492377,On or near Ancaster Way,E01018065,Fenland 010A,Violence and sexual offences,Unable to prosecute suspect,
e3f2efff43b23df1fb6b1f733a00888e320c5cb61150e26eb64330a2fb171562,2022-06,Cambridgeshire Constabulary,Cambridgeshire Constabulary,0.068517,52.499868,On or near Beech Avenue,E01018065,Fenland 010A,Violence and sexual offences,Unable to prosecute suspect,
8f58aa31e65c7c12205966849282ef8b9401dcc3e4bfedec5ccbb8ce5a7d2c2b,2022-06,Cambridgeshire Constabulary,Cambridgeshire Constabulary,0.177213,52.490203,On or near Station Road,E01018076,Fenland 010B,Burglary,Investigation complete; no suspect identified,
dd48599026986ffbf24cbd44bc40acd91165619a0a44257a3be481dad25ae6e9,2022-06,Cambridgeshire Constabulary,Cambridgeshire Constabulary,0.180013,52.483381,On or near East Street,E01018076,Fenland 010B,Criminal damage and arson,Further action is not in the public interest,
d0a088223f60ee6fe7e240f9ebef9c6ec2cb697e58683b4537740962ae0a71b9,2022-06,Cambridgeshire Constabulary,Cambridgeshire Constabulary,0.181618,52.488126,On or near Willow Drive,E01018076,Fenland 010B,Criminal damage and arson,Local resolution,
e86d7652c4cee02c349b3d416a0bd9d25c40c2a126d96464cee44f340f502ba9,2022-06,Cambridgeshire Constabulary,Cambridgeshire Constabulary,0.180013,52.483381,On or near East Street,E01018076,Fenland 010B,Criminal damage and arson,Further action is not in the public interest,
12584eeaec0462e8e10f35ffc64ec98f1e9b2a013ed642bbf3a67f17d4717ee1,2022-06,Cambridgeshire Constabulary,Cambridgeshire Constabulary,0.180013,52.483381,On or near East Street,E01018076,Fenland 010B,Criminal damage and arson,Unable to prosecute suspect,
24ee2a3dbf00ab2164e1fdf1a1eaf86bf485c1f551ee52f640320484477adfc4,2022-06,Cambridgeshire Constabulary,Cambridgeshire Constabulary,0.164373,52.479190,On or near Barklay Court,E01018076,Fenland 010B,Other theft,Unable to prosecute suspect,
2e5ce46b034973141bc6c98948af6d599f92058c2917472efb076007459e3e99,2022-06,Cambridgeshire Constabulary,Cambridgeshire Constabulary,0.178187,52.482488,On or near Parkview Lane,E01018076,Fenland 010B,Other theft,Investigation complete; no suspect identified,
9edceb2d16418078bc00c3fea588d92c6e7d341ab19144cba728960e4cca7f92,2022-06,Cambridgeshire Constabulary,Cambridgeshire Constabulary,0.172741,52.483155,On or near Williams Way,E01018076,Fenland 010B,Public order,Unable to prosecute suspect,
54786a173ce9a43f7a77fa2c2c785638eab136b544d09adc657aa29efd59e641,2022-06,Cambridgeshire Constabulary,Cambridgeshire Constabulary,0.173976,52.481909,On or near Providence Place,E01018076,Fenland 010B,Vehicle crime,Status update unavailable,
ada70baa3db72073e26be50c7382e27d1453fe46e08b33d9c838251f91c74f72,2022-06,Cambridgeshire Constabulary,Cambridgeshire Constabulary,0.176861,52.486055,On or near Rutland Way,E01018076,Fenland 010B,Violence and sexual offences,Unable to prosecute suspect,
2c1e5c37d7a2b9c032394f43dd93d7a863c379c622ac5ddec843f31913790833,2022-06,Cambridgeshire Constabulary,Cambridgeshire Constabulary,0.164373,52.479190,On or near Barklay Court,E01018076,Fenland 010B,Violence and sexual offences,Court result unavailable,
dcf7ca7a9fed3857871169e7dfd773a64359d1f7ea884af117ae4be65be3c572,2022-06,Cambridgeshire Constabulary,Cambridgeshire Constabulary,0.176736,52.480546,On or near Park Road,E01018076,Fenland 010B,Violence and sexual offences,Unable to prosecute suspect,
fd9e501794c04f7ae65bfbe9819e0a73ffda8d786474e9f88955c3064453526b,2022-06,Cambridgeshire Constabulary,Cambridgeshire Constabulary,0.177343,52.485381,On or near Jolley Close,E01018076,Fenland 010B,Violence and sexual offences,Unable to prosecute suspect,
77c95139e42f2911291fd121b47ff58c853b5af18b5dbda124f3d91a70e21942,2022-06,Cambridgeshire Constabulary,Cambridgeshire Constabulary,0.176861,52.486055,On or near Rutland Way,E01018076,Fenland 010B,Violence and sexual offences,Unable to prosecute suspect,
12dc298f761407dbd59a73b0af1a95c9a0767dbe03dcbdbc20ea40c19ed05d93,2022-06,Cambridgeshire Constabulary,Cambridgeshire Constabulary,0.178945,52.487096,On or near Festival Close,E01018076,Fenland 010B,Violence and sexual offences,Unable to prosecute suspect,
ba417bb7360c53a75e5e1b40ee45de212025864c188d85888061d6026f5ec1d4,2022-06,Cambridgeshire Constabulary,Cambridgeshire Constabulary,0.176736,52.480546,On or near Park Road,E01018076,Fenland 010B,Violence and sexual offences,Unable to prosecute suspect,
a7ba508733c7492798fb08ee1ec769584e61c2e8a0cd6a391479d6e9ea6a0898,2022-06,Cambridgeshire Constabulary,Cambridgeshire Constabulary,0.171097,52.480865,On or near Valentine Close,E01018076,Fenland 010B,Violence and sexual offences,Unable to prosecute suspect,
444c4343d3933be54b20bc407d7084b0385fa8be135e17c7e4a28006d0c05947,2022-06,Cambridgeshire Constabulary,Cambridgeshire Constabulary,0.180013,52.483381,On or near East Street,E01018076,Fenland 010B,Violence and sexual offences,Court result unavailable,
84a1dff5cceb9d2e0f7476d49d6f140e159654da1e3cabf3382a4b28d9152e75,2022-06,Cambridgeshire Constabulary,Cambridgeshire Constabulary,0.181618,52.488126,On or near Willow Drive,E01018076,Fenland 010B,Violence and sexual offences,Unable to prosecute suspect,
55c7a50d1e1b5c8f243bdc3134d83f233e14d1bcc3b9ea3f9cf4d4c546e69b55,2022-06,Cambridgeshire Constabulary,Cambridgeshire Constabulary,0.180013,52.483381,On or near East Street,E01018076,Fenland 010B,Violence and sexual offences,Unable to prosecute suspect,
71126957e7cc5398650f7104746de36ca7c373feb9be561571c7c80c1e5873c2,2022-06,Cambridgeshire Constabulary,Cambridgeshire Constabulary,0.080324,52.507169,On or near Dobson Walk,E01018111,Fenland 010C,Criminal damage and arson,Investigation complete; no suspect identified,
c46e187f9f9eb0487f28e947335339c891bb64c381a9010ead8e73a24fd87282,2022-06,Cambridgeshire Constabulary,Cambridgeshire Constabulary,0.082019,52.509360,On or near Addison Road,E01018111,Fenland 010C,Public order,Unable to prosecute suspect,
b0592bcefefb792e34964b83d19701583be27ea73d7f42a5541e08426d60d0e8,2022-06,Cambridgeshire Constabulary,Cambridgeshire Constabulary,0.081915,52.513399,On or near Greenwood Way,E01018111,Fenland 010C,Violence and sexual offences,Unable to prosecute suspect,
38830193ba2ecdaea37d9dc6654fc5cba753af476918c0c90f420242c410c7cf,2022-06,Cambridgeshire Constabulary,Cambridgeshire Constabulary,0.081915,52.513399,On or near Greenwood Way,E01018111,Fenland 010C,Violence and sexual offences,Unable to prosecute suspect,
32dd3deb83c2368e64f936c6ece377a50bc0fb7dc6a149ecff9138e30cbcfe7b,2022-06,Cambridgeshire Constabulary,Cambridgeshire Constabulary,0.097096,52.514966,On or near Rhonda Park,E01018111,Fenland 010C,Violence and sexual offences,Unable to prosecute suspect,
1e9c09ba8f39d3f6b3020a696f9408a33dcbe873c7cf87c7b7f98dc27e712f96,2022-06,Cambridgeshire Constabulary,Cambridgeshire Constabulary,0.097096,52.514966,On or near Rhonda Park,E01018111,Fenland 010C,Violence and sexual offences,Unable to prosecute suspect,
6fb177aa6090bcfa59c6d976e8161afd2d65547af887bfdd21b70385eaba922e,2022-06,Cambridgeshire Constabulary,Cambridgeshire Constabulary,0.082019,52.509360,On or near Addison Road,E01018111,Fenland 010C,Violence and sexual offences,Unable to prosecute suspect,
d7dd77b685523fbf4446ce86f22049f5c395cc2fcab8d9373ba58c52d47f1825,2022-06,Cambridgeshire Constabulary,Cambridgeshire Constabulary,0.083536,52.509657,On or near Old Bakery Close,E01018111,Fenland 010C,Violence and sexual offences,Further action is not in the public interest,
4db0a7f048e0f3fa6706788f970a6a7a4c8e211d119d80dea7dd97d8c326835a,2022-06,Cambridgeshire Constabulary,Cambridgeshire Constabulary,0.082019,52.509360,On or near Addison Road,E01018111,Fenland 010C,Violence and sexual offences,Unable to prosecute suspect,
,2022-06,Cambridgeshire Constabulary,Cambridgeshire Constabulary,0.055177,52.456124,On or near St Francis Drive,E01018062,Fenland 011A,Anti-social behaviour,,
5c7e564e26fe3df00a489d7edf758bffb972476dcb9d60ee85e14b9fe59e034f,2022-06,Cambridgeshire Constabulary,Cambridgeshire Constabulary,0.055177,52.456124,On or near St Francis Drive,E01018062,Fenland 011A,Burglary,Investigation complete; no suspect identified,
389b99d2f8eb1e179386f7129aa400d290bc43be46d8ba977d8e24714bdebe3c,2022-06,Cambridgeshire Constabulary,Cambridgeshire Constabulary,0.058676,52.455739,On or near Bridle Close,E01018062,Fenland 011A,Burglary,Investigation complete; no suspect identified,
78ef101720990be2cf2978261b8e4dded03e51976214fce425e6384970d36058,2022-06,Cambridgeshire Constabulary,Cambridgeshire Constabulary,0.059424,52.453469,On or near The Elms,E01018062,Fenland 011A,Criminal damage and arson,Unable to prosecute suspect,
1c58761f6da4f821f0b802f7e7af9409e36066c81c9cb867c7ef07682a96cce7,2022-06,Cambridgeshire Constabulary,Cambridgeshire Constabulary,0.052392,52.457008,On or near Swan Drive,E01018062,Fenland 011A,Public order,Action to be taken by another organisation,
c53ca618a9fef33c00ce3924c75f205882e6f89f4b7952605e502012751beb1e,2022-06,Cambridgeshire Constabulary,Cambridgeshire Constabulary,0.055177,52.456124,On or near St Francis Drive,E01018062,Fenland 011A,Public order,Status update unavailable,
297bf83d4aea4a241fdb2aedaad078a494db579fb213e173e9ee4e5d6f0af98d,2022-06,Cambridgeshire Constabulary,Cambridgeshire Constabulary,0.055177,52.456124,On or near St Francis Drive,E01018062,Fenland 011A,Public order,Investigation complete; no suspect identified,
1d54dd77658b4355dd1c906ff39040e3e93eff71ce0a9e88e877cd9a925ccb92,2022-06,Cambridgeshire Constabulary,Cambridgeshire Constabulary,0.056643,52.454732,On or near Glebe Close,E01018062,Fenland 011A,Public order,Unable to prosecute suspect,
764fc2c3e3227c62fc69fc538ed843f2e601ffebe2579169e2412d991d9b9023,2022-06,Cambridgeshire Constabulary,Cambridgeshire Constabulary,0.057427,52.454196,On or near Birch Close,E01018062,Fenland 011A,Violence and sexual offences,Status update unavailable,
566e821d1354affcd0576339f6e98729c02b304574beb8ecdcd6261f0e1d8b08,2022-06,Cambridgeshire Constabulary,Cambridgeshire Constabulary,0.057427,52.454196,On or near Birch Close,E01018062,Fenland 011A,Violence and sexual offences,Unable to prosecute suspect,
6cb9bd5f877b442b0a8a3ada10652d9a698ef8c6013995b227fa16e920ee0baa,2022-06,Cambridgeshire Constabulary,Cambridgeshire Constabulary,0.058910,52.455385,On or near Farriers Gate,E01018062,Fenland 011A,Violence and sexual offences,Unable to prosecute suspect,
fade91e92fcf4206a4c5fe31d313776761e4100057766b9f7ece931820cc842d,2022-06,Cambridgeshire Constabulary,Cambridgeshire Constabulary,0.060955,52.457561,On or near New Road,E01018062,Fenland 011A,Violence and sexual offences,Unable to prosecute suspect,
c3a29d3139852ce6e90797f9fb8535ee48fcb670973f47db73558170da2cf43e,2022-06,Cambridgeshire Constabulary,Cambridgeshire Constabulary,0.060955,52.457561,On or near New Road,E01018062,Fenland 011A,Violence and sexual offences,Unable to prosecute suspect,
c1cc489b0c890ec21c8ec110e79b2cf12da36e7e280cca262b9eb9af0717edad,2022-06,Cambridgeshire Constabulary,Cambridgeshire Constabulary,0.055177,52.456124,On or near St Francis Drive,E01018062,Fenland 011A,Violence and sexual offences,Investigation complete; no suspect identified,
9aa2376c2d5dc761dadc2810198662c535ee5d9c9517e39d3aa5b6344f12ac8b,2022-06,Cambridgeshire Constabulary,Cambridgeshire Constabulary,0.095125,52.464855,On or near B1098,E01018062,Fenland 011A,Violence and sexual offences,Unable to prosecute suspect,
26a646bcefeedb2dfe5e92f9e1b5861fd85c6e9bb05d006697ba547414cdfad6,2022-06,Cambridgeshire Constabulary,Cambridgeshire Constabulary,0.095125,52.464855,On or near B1098,E01018062,Fenland 011A,Violence and sexual offences,Unable to prosecute suspect,
90cf4a3d22a9f9cfcdebe7dd029ab75b4004bd13533dac86d070c03eb9f05d03,2022-06,Cambridgeshire Constabulary,Cambridgeshire Constabulary,0.060356,52.455153,On or near Anvil Close,E01018062,Fenland 011A,Violence and sexual offences,Unable to prosecute suspect,
,2022-06,Cambridgeshire Constabulary,Cambridgeshire Constabulary,0.049855,52.458788,On or near Furrowfields Road,E01018102,Fenland 011B,Anti-social behaviour,,
,2022-06,Cambridgeshire Constabulary,Cambridgeshire Constabulary,0.038323,52.466945,On or near Albert Way,E01018102,Fenland 011B,Anti-social behaviour,,
,2022-06,Cambridgeshire Constabulary,Cambridgeshire Constabulary,0.043666,52.464056,On or near Petrol Station,E01018102,Fenland 011B,Anti-social behaviour,,
cafb977a6cabd19ef9284845b508c1d83f43ab842ff187a7ee01be94f39e2ceb,2022-06,Cambridgeshire Constabulary,Cambridgeshire Constabulary,0.043033,52.457368,On or near Gipson Close,E01018102,Fenland 011B,Criminal damage and arson,Investigation complete; no suspect identified,
0b9a50b4adface9a6a93214423d430c24e015eb99657162357f886cd4cd8227f,2022-06,Cambridgeshire Constabulary,Cambridgeshire Constabulary,0.044696,52.462132,On or near Beaufort Drive,E01018102,Fenland 011B,Criminal damage and arson,Investigation complete; no suspect identified,
d49ac5909876787b92158e041aa3544a48f391d4af3869988262b6ce8e772368,2022-06,Cambridgeshire Constabulary,Cambridgeshire Constabulary,0.044696,52.462132,On or near Beaufort Drive,E01018102,Fenland 011B,Drugs,Offender given a caution,
6d74e9410ccc30477099d7d92b6f7cf1b539c482dfd761658b20f81e55116ff5,2022-06,Cambridgeshire Constabulary,Cambridgeshire Constabulary,0.043666,52.464056,On or near Petrol Station,E01018102,Fenland 011B,Other theft,Local resolution,
6d40c3859e91b6acf9a95432a7bf333bfed8eca09327580715e5120b644a11d2,2022-06,Cambridgeshire Constabulary,Cambridgeshire Constabulary,0.043666,52.464056,On or near Petrol Station,E01018102,Fenland 011B,Other theft,Investigation complete; no suspect identified,
ba19d3cdbe7f792377ff923799a183f21c5cce5d6f45f296ded2ea76dcfb8b86,2022-06,Cambridgeshire Constabulary,Cambridgeshire Constabulary,0.043666,52.464056,On or near Petrol Station,E01018102,Fenland 011B,Other theft,Local resolution,
ac2553c58a3d835bfc6ed660efa52fc713e9eb8ce5e40c1e623f6727fc86548c,2022-06,Cambridgeshire Constabulary,Cambridgeshire Constabulary,0.043666,52.464056,On or near Petrol Station,E01018102,Fenland 011B,Other theft,Investigation complete; no suspect identified,
7ff2804ff3c8b233c7cf351ffc743f0e9a983b1e39dfb7c59c17b1b3317d7fe0,2022-06,Cambridgeshire Constabulary,Cambridgeshire Constabulary,0.043666,52.464056,On or near Petrol Station,E01018102,Fenland 011B,Other theft,Investigation complete; no suspect identified,
b9ec3405375a601078293bc218bc8fe85b8315c221808c64cc16b964abe2e613,2022-06,Cambridgeshire Constabulary,Cambridgeshire Constabulary,0.043666,52.464056,On or near Petrol Station,E01018102,Fenland 011B,Other theft,Investigation complete; no suspect identified,
a7510109a0d49458f9adc3e8ddf5de89a772920d88bccb88d6bd346c05f9f21a,2022-06,Cambridgeshire Constabulary,Cambridgeshire Constabulary,0.044696,52.462132,On or near Beaufort Drive,E01018102,Fenland 011B,Public order,Investigation complete; no suspect identified,
cfd4f4d1bbd8f7b331ba893b37d0fe364fbae2576ecfc9c9265e9e4bc926a54c,2022-06,Cambridgeshire Constabulary,Cambridgeshire Constabulary,0.040763,52.454764,On or near Old Station Place,E01018102,Fenland 011B,Public order,Unable to prosecute suspect,
f3c041d95bdd78b378ea650d4d81115d932e3b422778787818271505b9d28b45,2022-06,Cambridgeshire Constabulary,Cambridgeshire Constabulary,0.044229,52.461592,On or near Pound Road,E01018102,Fenland 011B,Public order,Unable to prosecute suspect,
2e061a76a2048ea10ff56a071e3730dd8cfc0af7d7b2129f23354e38c7af69cb,2022-06,Cambridgeshire Constabulary,Cambridgeshire Constabulary,0.043033,52.457368,On or near Gipson Close,E01018102,Fenland 011B,Public order,Investigation complete; no suspect identified,
aeb366052270383dbf7c933257d48e4b979e48f70c8b888b23e2e42234609ad4,2022-06,Cambridgeshire Constabulary,Cambridgeshire Constabulary,0.049459,52.460728,On or near Cygnet Drive,E01018102,Fenland 011B,Public order,Unable to prosecute suspect,
79d739c08d632c88e71137cd1adc2dc8beaea182fb0f8bcc32bb1f4bce7e3d36,2022-06,Cambridgeshire Constabulary,Cambridgeshire Constabulary,0.044696,52.462132,On or near Beaufort Drive,E01018102,Fenland 011B,Robbery,Unable to prosecute suspect,
5c0b6683abf13d2b9edc0d8828024a75d248aeaf1ee6d7e61a6a36c12c3979ca,2022-06,Cambridgeshire Constabulary,Cambridgeshire Constabulary,0.043666,52.464056,On or near Petrol Station,E01018102,Fenland 011B,Shoplifting,Investigation complete; no suspect identified,
d5f42863f9024949c43e783a6f426c88a63de37d4a105b680abe5b6c0da67eef,2022-06,Cambridgeshire Constabulary,Cambridgeshire Constabulary,0.044696,52.462132,On or near Beaufort Drive,E01018102,Fenland 011B,Violence and sexual offences,Court result unavailable,
403489e2c89697666dc00d3764c0d6705f1ee7d137b23a3af076de8bed17ea6b,2022-06,Cambridgeshire Constabulary,Cambridgeshire Constabulary,0.043033,52.457368,On or near Gipson Close,E01018102,Fenland 011B,Violence and sexual offences,Unable to prosecute suspect,
994eb7cff660ba2457f72b6273f192396e2867c1ff058a23c4b05efd16722035,2022-06,Cambridgeshire Constabulary,Cambridgeshire Constabulary,0.050808,52.458394,On or near Curlew Avenue,E01018102,Fenland 011B,Violence and sexual offences,Local resolution,
bf332597cab27903bdfb6c52cd9d579c47f08f0d3216a928874b974679975ca2,2022-06,Cambridgeshire Constabulary,Cambridgeshire Constabulary,0.044696,52.462132,On or near Beaufort Drive,E01018102,Fenland 011B,Violence and sexual offences,Status update unavailable,
0b26ad23187f9de86e7aa552aeab4d6c88d1a452ec9f6e3b27ee0b92b0644a34,2022-06,Cambridgeshire Constabulary,Cambridgeshire Constabulary,0.048108,52.458270,On or near Beckett Way,E01018102,Fenland 011B,Violence and sexual offences,Unable to prosecute suspect,
bc25da234aadfd09a2c5b3d679bb73750c97e750da2b5195570e4269d67a75f6,2022-06,Cambridgeshire Constabulary,Cambridgeshire Constabulary,0.042922,52.454969,On or near Burnsfield Estate,E01018102,Fenland 011B,Violence and sexual offences,Action to be taken by another organisation,
345f1f43a96958212ba0f3429c9c164856349687c718cde17b7ff34010084e9c,2022-06,Cambridgeshire Constabulary,Cambridgeshire Constabulary,0.050808,52.458394,On or near Curlew Avenue,E01018102,Fenland 011B,Violence and sexual offences,Unable to prosecute suspect,
0a51364a2328c94186203210fcc2244503363813e0ebd286da38f4949482dec9,2022-06,Cambridgeshire Constabulary,Cambridgeshire Constabulary,0.043033,52.457368,On or near Gipson Close,E01018102,Fenland 011B,Violence and sexual offences,Investigation complete; no suspect identified,
a0771384c51d24a40801cfb882f8c91526b79939485a05b1760fa267169bf932,2022-06,Cambridgeshire Constabulary,Cambridgeshire Constabulary,0.042922,52.454969,On or near Burnsfield Estate,E01018102,Fenland 011B,Violence and sexual offences,Unable to prosecute suspect,
3cd8ca19c321f69fbe2a9ccddadcd345552467b970262f70f65bb990d58586d7,2022-06,Cambridgeshire Constabulary,Cambridgeshire Constabulary,0.044696,52.462132,On or near Beaufort Drive,E01018102,Fenland 011B,Violence and sexual offences,Unable to prosecute suspect,
229664392342b3ecf0e62698f4b09e52f6bbe83dae2d7df2114b3a42c0038816,2022-06,Cambridgeshire Constabulary,Cambridgeshire Constabulary,0.043033,52.457368,On or near Gipson Close,E01018102,Fenland 011B,Violence and sexual offences,Unable to prosecute suspect,
ec151e49437db85f9e41d116cae624bbe216c040372147113bba1ea4a3abc03d,2022-06,Cambridgeshire Constabulary,Cambridgeshire Constabulary,0.043666,52.464056,On or near Petrol Station,E01018102,Fenland 011B,Other crime,Unable to prosecute suspect,
297aaacb89069cdd325ee59d8baa7cf06483685832017fd85c254f12b29f45eb,2022-06,Cambridgeshire Constabulary,Cambridgeshire Constabulary,0.045242,52.452960,On or near Lyons Court,E01018105,Fenland 011C,Violence and sexual offences,Status update unavailable,
32d45f90acfd8036204c677884f821a3b5904a72d6d4a47ec4bab777bae7a26a,2022-06,Cambridgeshire Constabulary,Cambridgeshire Constabulary,0.044644,52.446398,On or near Meadow Close,E01018106,Fenland 011D,Criminal damage and arson,Investigation complete; no suspect identified,
861abc30fc0425b336d6670f0c84c9c05e51e7b7377395ab38031554e4fa7382,2022-06,Cambridgeshire Constabulary,Cambridgeshire Constabulary,0.040119,52.445289,On or near Fairview Avenue,E01018106,Fenland 011D,Other theft,Local resolution,
9e192bff647847cb6be3f0ee635ed7872467529e569d6ada15272c5573f35698,2022-06,Cambridgeshire Constabulary,Cambridgeshire Constabulary,0.044644,52.446398,On or near Meadow Close,E01018106,Fenland 011D,Violence and sexual offences,Investigation complete; no suspect identified,
,2022-06,Cambridgeshire Constabulary,Cambridgeshire Constabulary,0.047453,52.443508,On or near Tithe Road,E01018110,Fenland 011E,Anti-social behaviour,,
1087faa760e07e6b8c90f84ac03857f8343731e18308ed303c9ce4b0c5a2d5ce,2022-06,Cambridgeshire Constabulary,Cambridgeshire Constabulary,0.049968,52.453948,On or near Church Lane,E01018110,Fenland 011E,Burglary,Investigation complete; no suspect identified,
3394488da837fe4ca1913ebdce3cf8effe02b2fe3d5987cc85601e8b44d957a5,2022-06,Cambridgeshire Constabulary,Cambridgeshire Constabulary,0.049042,52.455880,On or near High Street,E01018110,Fenland 011E,Burglary,Investigation complete; no suspect identified,
799dc0a60de8ebfc0df155533f7a67c316fcbb3ba6b89605ec5f8e8b4c0049f4,2022-06,Cambridgeshire Constabulary,Cambridgeshire Constabulary,0.050378,52.453267,On or near East Park Street,E01018110,Fenland 011E,Criminal damage and arson,Investigation complete; no suspect identified,
4a82e631da44293d9387ec931a8461a23665f747453153e001fc2bf5c90aa824,2022-06,Cambridgeshire Constabulary,Cambridgeshire Constabulary,0.048484,52.445747,On or near Eastbourne Close,E01018110,Fenland 011E,Vehicle crime,Investigation complete; no suspect identified,
930417a484ff06b57e359c1621feb2f137086432963b0dcd171763988dc14c30,2022-06,Cambridgeshire Constabulary,Cambridgeshire Constabulary,0.051110,52.452553,On or near Allens Yard,E01018110,Fenland 011E,Violence and sexual offences,Unable to prosecute suspect,
dea1b1747769d6c8e71af83737d99b6a8fc308547aec9bb78cf0fc0d185dcbac,2022-06,Cambridgeshire Constabulary,Cambridgeshire Constabulary,0.049745,52.450724,On or near Wood Street,E01018110,Fenland 011E,Violence and sexual offences,Local resolution,
eb63e7092428b334334bdc3a5f732b8ef28e475348933833a48480f37ede5612,2022-06,Cambridgeshire Constabulary,Cambridgeshire Constabulary,0.049745,52.450724,On or near Wood Street,E01018110,Fenland 011E,Violence and sexual offences,Status update unavailable,
836cff255969b4f67f4dec66e8b473b967449391cb78ddbbff47a4736537207c,2022-06,Cambridgeshire Constabulary,Cambridgeshire Constabulary,0.055568,52.448402,On or near Wenny Estate,E01018110,Fenland 011E,Violence and sexual offences,Unable to prosecute suspect,
fd92c6a7e986eaa65f472c4d17763e4a5ed87e842e772f686d6ce653396bdbbc,2022-06,Cambridgeshire Constabulary,Cambridgeshire Constabulary,0.049745,52.450724,On or near Wood Street,E01018110,Fenland 011E,Violence and sexual offences,Unable to prosecute suspect,
,2022-06,Cambridgeshire Constabulary,Cambridgeshire Constabulary,-0.231894,52.543365,On or near A605,E01018212,Huntingdonshire 001A,Anti-social behaviour,,
424b2e3687ab9bac4100aa108d244b799e2a6ce5f406d312fb8dc258aef1c906,2022-06,Cambridgeshire Constabulary,Cambridgeshire Constabulary,-0.231894,52.543365,On or near A605,E01018212,Huntingdonshire 001A,Burglary,Investigation complete; no suspect identified,
275954643c2ed2fb3357be10ac603e7840886deffcbac5aade3ffcdf64864a1e,2022-06,Cambridgeshire Constabulary,Cambridgeshire Constabulary,-0.231268,52.536549,On or near Marshall'S Way,E01018212,Huntingdonshire 001A,Drugs,Offender given a caution,
d16511b2b95d8dd171df13423b4dafc232879ea4bdc5369dbe187a6b7f1fc33c,2022-06,Cambridgeshire Constabulary,Cambridgeshire Constabulary,-0.226752,52.537749,On or near St Mary'S Close,E01018212,Huntingdonshire 001A,Other theft,Investigation complete; no suspect identified,
02025773807e3463c170c6aa935c53b3bb167769b7307d13d67b2bb851f539f5,2022-06,Cambridgeshire Constabulary,Cambridgeshire Constabulary,-0.231894,52.543365,On or near A605,E01018212,Huntingdonshire 001A,Public order,Unable to prosecute suspect,
a2de2a539f9ca5f249d908208044cfa6c15a192c11679404bbc3fa14459a74fd,2022-06,Cambridgeshire Constabulary,Cambridgeshire Constabulary,-0.231894,52.543365,On or near A605,E01018212,Huntingdonshire 001A,Vehicle crime,Investigation complete; no suspect identified,
6282157028aff4f9bda1d2b06a2a2c5832e4179e76ccc5f3df82a9f619dbd00b,2022-06,Cambridgeshire Constabulary,Cambridgeshire Constabulary,-0.230109,52.537871,On or near Winston Way,E01018212,Huntingdonshire 001A,Violence and sexual offences,Investigation complete; no suspect identified,
e90f166ebbeecb00c9ae952c778470f03d6e4832896ec05544a4095c59c0412b,2022-06,Cambridgeshire Constabulary,Cambridgeshire Constabulary,-0.231894,52.543365,On or near A605,E01018212,Huntingdonshire 001A,Violence and sexual offences,Unable to prosecute suspect,
7ba95b6bfa92e358784032b20ef61a059c23a9a6d9a00969a605b28f15091a4e,2022-06,Cambridgeshire Constabulary,Cambridgeshire Constabulary,-0.230941,52.539547,On or near Gazeley Gardens,E01018212,Huntingdonshire 001A,Violence and sexual offences,Unable to prosecute suspect,
4e3a6f26048dc5c7007f4f7918a3483c150072a08405b04ce50f58335b3a31b6,2022-06,Cambridgeshire Constabulary,Cambridgeshire Constabulary,-0.230109,52.537871,On or near Winston Way,E01018212,Huntingdonshire 001A,Violence and sexual offences,Unable to prosecute suspect,
26a3111a62f79b4b2f9aa43aa019f187a507ef874fd95f6b3a0db1891e23f657,2022-06,Cambridgeshire Constabulary,Cambridgeshire Constabulary,-0.230109,52.537871,On or near Winston Way,E01018212,Huntingdonshire 001A,Violence and sexual offences,Unable to prosecute suspect,
5239cb712863ab55de9ff09ebbb55db38e2b6824ba24e62e5509cf511e135aec,2022-06,Cambridgeshire Constabulary,Cambridgeshire Constabulary,-0.221966,52.536149,On or near George Alcock Way,E01018212,Huntingdonshire 001A,Violence and sexual offences,Unable to prosecute suspect,
7b906f9449cc2919e4cc6b93624f21d857413b21992eac90619af7594534d63e,2022-06,Cambridgeshire Constabulary,Cambridgeshire Constabulary,-0.230109,52.537871,On or near Winston Way,E01018212,Huntingdonshire 001A,Other crime,Local resolution,
d2d55db474fa00827ec77d74613436ff5404e41867753d4ce90e887ab044295b,2022-06,Cambridgeshire Constabulary,Cambridgeshire Constabulary,-0.225779,52.536665,On or near St Mary'S Street,E01018212,Huntingdonshire 001A,Other crime,Investigation complete; no suspect identified,
b697b85d905f5f3700231b4b2424f7d675d560522e85cab6f95dc9402e3d54be,2022-06,Cambridgeshire Constabulary,Cambridgeshire Constabulary,-0.225779,52.536665,On or near St Mary'S Street,E01018212,Huntingdonshire 001A,Other crime,Unable to prosecute suspect,
,2022-06,Cambridgeshire Constabulary,Cambridgeshire Constabulary,-0.246814,52.516452,On or near Birch Close,E01018213,Huntingdonshire 001B,Anti-social behaviour,,
dff810d07cdefb92610727726ce6b7b78348fd484c08be153df7d1a5750cb706,2022-06,Cambridgeshire Constabulary,Cambridgeshire Constabulary,-0.237785,52.525147,On or near Imperial Way,E01018213,Huntingdonshire 001B,Burglary,Investigation complete; no suspect identified,
cc64bd1b743ece6e375c12d8f7fffc321efa40f9f237ac87f72efd23cabda070,2022-06,Cambridgeshire Constabulary,Cambridgeshire Constabulary,-0.246814,52.516452,On or near Birch Close,E01018213,Huntingdonshire 001B,Drugs,Local resolution,
d1e12a5e7c09f9df38beacdb12f351b57578de693620a7705c57a4370601ad1a,2022-06,Cambridgeshire Constabulary,Cambridgeshire Constabulary,-0.237785,52.525147,On or near Imperial Way,E01018213,Huntingdonshire 001B,Vehicle crime,Investigation complete; no suspect identified,
33c62d8a78c9c96108426325542b91f554283674e2c1a5392a0d59e37809f3d8,2022-06,Cambridgeshire Constabulary,Cambridgeshire Constabulary,-0.180503,52.525449,On or near Ramsey Road,E01018213,Huntingdonshire 001B,Violence and sexual offences,Investigation complete; no suspect identified,
f9b1e1b87e2d34da4eefcb56ded152de1f6fdf598ea3ce355bcad6ee43f45609,2022-06,Cambridgeshire Constabulary,Cambridgeshire Constabulary,-0.180503,52.525449,On or near Ramsey Road,E01018213,Huntingdonshire 001B,Violence and sexual offences,Investigation complete; no suspect identified,
9709b062b86dfa19b6c67d4456742c1ae9adc51d455c5553acd82eb87a13e169,2022-06,Cambridgeshire Constabulary,Cambridgeshire Constabulary,-0.237785,52.525147,On or near Imperial Way,E01018213,Huntingdonshire 001B,Violence and sexual offences,Unable to prosecute suspect,
1bf24ee0e451d6c79e2d872a820ee156a13b903d0841b16f6d79fc13b0a26d42,2022-06,Cambridgeshire Constabulary,Cambridgeshire Constabulary,-0.180503,52.525449,On or near Ramsey Road,E01018213,Huntingdonshire 001B,Other crime,Investigation complete; no suspect identified,
,2022-06,Cambridgeshire Constabulary,Cambridgeshire Constabulary,-0.250322,52.520136,On or near Laburnum Avenue,E01018214,Huntingdonshire 001C,Anti-social behaviour,,
ecb386435a8efa75f3c0190cc6f83c3530502b9887a9f3768a12e5813c0ed6a7,2022-06,Cambridgeshire Constabulary,Cambridgeshire Constabulary,-0.254406,52.516402,On or near Sports/Recreation Area,E01018214,Huntingdonshire 001C,Criminal damage and arson,Investigation complete; no suspect identified,
7ab39c1bac144641a7c4478ca704158b00d794f558f3a20358d6c1502adbdcd0,2022-06,Cambridgeshire Constabulary,Cambridgeshire Constabulary,-0.255242,52.514266,On or near Rosewood Close,E01018214,Huntingdonshire 001C,Criminal damage and arson,Investigation complete; no suspect identified,
4ecbe8bbf65b6f285133d508f293faab8db218b24f71477b5222107478126e93,2022-06,Cambridgeshire Constabulary,Cambridgeshire Constabulary,-0.256215,52.514990,On or near Beatons Close,E01018214,Huntingdonshire 001C,Criminal damage and arson,Investigation complete; no suspect identified,
bc363d0ba49dd0d96fcb98fcfb152a01b0c8670e4c422526ca452035d0ff3689,2022-06,Cambridgeshire Constabulary,Cambridgeshire Constabulary,-0.253307,52.519946,On or near Crane Avenue,E01018214,Huntingdonshire 001C,Criminal damage and arson,Court result unavailable,
31ab3546194046d0820c41e8e070f7e586e5ce721ca697e0c278f74bf1d3219e,2022-06,Cambridgeshire Constabulary,Cambridgeshire Constabulary,-0.258351,52.522107,On or near Rolls Close,E01018214,Huntingdonshire 001C,Drugs,Local resolution,
f7a6871c7d0b4abc433a78b00d254a996f3836fd6168926bbd86cdba13548820,2022-06,Cambridgeshire Constabulary,Cambridgeshire Constabulary,-0.255242,52.514266,On or near Rosewood Close,E01018214,Huntingdonshire 001C,Drugs,Local resolution,
40721926465393783638d0e3052331b0af2783d7b18033c265159b3fe02cc916,2022-06,Cambridgeshire Constabulary,Cambridgeshire Constabulary,-0.250322,52.520136,On or near Laburnum Avenue,E01018214,Huntingdonshire 001C,Public order,Unable to prosecute suspect,
b743d44ac7f3e146f9b379ddfd9726ac795da4024fce41e374dea3d206de0d1f,2022-06,Cambridgeshire Constabulary,Cambridgeshire Constabulary,-0.257588,52.521277,On or near Aston Close,E01018214,Huntingdonshire 001C,Public order,Unable to prosecute suspect,
5288f106e07a532471bcf6cbc9f362977c5b5a6e11200207fc02dc116691c902,2022-06,Cambridgeshire Constabulary,Cambridgeshire Constabulary,-0.254406,52.516402,On or near Sports/Recreation Area,E01018214,Huntingdonshire 001C,Public order,Investigation complete; no suspect identified,
4addad83ad9fef592214ef2bfd45a6d8f4f7648a07ce48c8221451c894ec82b6,2022-06,Cambridgeshire Constabulary,Cambridgeshire Constabulary,-0.250322,52.520136,On or near Laburnum Avenue,E01018214,Huntingdonshire 001C,Violence and sexual offences,Offender given a caution,
2f69392f1aa4e20282944c1f9e6536035228159778e230c19bedf9c06bb8f30c,2022-06,Cambridgeshire Constabulary,Cambridgeshire Constabulary,-0.250322,52.520136,On or near Laburnum Avenue,E01018214,Huntingdonshire 001C,Violence and sexual offences,Unable to prosecute suspect,
21fa8d08adb913c04deff9e2422ee1e943080d275b5c2735732ace239ca56266,2022-06,Cambridgeshire Constabulary,Cambridgeshire Constabulary,-0.250322,52.520136,On or near Laburnum Avenue,E01018214,Huntingdonshire 001C,Violence and sexual offences,Investigation complete; no suspect identified,
e0cf9483fb9fc40cd8762e3b1fbca03e0d7b3a43d9d8ca1e265c4eec38584183,2022-06,Cambridgeshire Constabulary,Cambridgeshire Constabulary,-0.254543,52.519992,On or near Queen Street,E01018214,Huntingdonshire 001C,Violence and sexual offences,Investigation complete; no suspect identified,
2a09903af9609cde0ec20c78baa9f31370b30b726b693c3924b12b56092cb11a,2022-06,Cambridgeshire Constabulary,Cambridgeshire Constabulary,-0.250322,52.520136,On or near Laburnum Avenue,E01018214,Huntingdonshire 001C,Violence and sexual offences,Unable to prosecute suspect,
0ca546fcdc7262ded208d4c47023bb097c26a0519c7cf369343402962165a675,2022-06,Cambridgeshire Constabulary,Cambridgeshire Constabulary,-0.254406,52.516402,On or near Sports/Recreation Area,E01018214,Huntingdonshire 001C,Violence and sexual offences,Unable to prosecute suspect,
3f92a95f03599a3843251f007bffb7a5c1a987816d8094cde3a44b98a556d6af,2022-06,Cambridgeshire Constabulary,Cambridgeshire Constabulary,-0.254406,52.516402,On or near Sports/Recreation Area,E01018214,Huntingdonshire 001C,Violence and sexual offences,Local resolution,
e34c9617fe580a21ff78344e0f50751d0eb06910a7ca34b38dd3073089a56593,2022-06,Cambridgeshire Constabulary,Cambridgeshire Constabulary,-0.253307,52.519946,On or near Crane Avenue,E01018214,Huntingdonshire 001C,Violence and sexual offences,Court result unavailable,
ea882214cf2d5541ec1f22cebaeb0409ebf01eba592011699c5892ff82619901,2022-06,Cambridgeshire Constabulary,Cambridgeshire Constabulary,-0.251686,52.521415,On or near Larch Close,E01018214,Huntingdonshire 001C,Violence and sexual offences,Unable to prosecute suspect,
9f1f633168093657f21bebfbebf4c64fc1fa0fb2932367871ee7ac318988ffd2,2022-06,Cambridgeshire Constabulary,Cambridgeshire Constabulary,-0.252906,52.519275,On or near Speechley Road,E01018214,Huntingdonshire 001C,Other crime,Unable to prosecute suspect,
,2022-06,Cambridgeshire Constabulary,Cambridgeshire Constabulary,-0.246659,52.520693,On or near Lancaster Court,E01018215,Huntingdonshire 001D,Anti-social behaviour,,
,2022-06,Cambridgeshire Constabulary,Cambridgeshire Constabulary,-0.252592,52.518291,On or near Parking Area,E01018215,Huntingdonshire 001D,Anti-social behaviour,,
303e9271041312145569ed898b95221bf53ed609c112a830bb1dfb292a6ae336,2022-06,Cambridgeshire Constabulary,Cambridgeshire Constabulary,-0.246659,52.520693,On or near Lancaster Court,E01018215,Huntingdonshire 001D,Burglary,Investigation complete; no suspect identified,
48dd4fd6043068a2cd23dc5c74bcb1c05d280bb911a0b7ef02a4d67039c12b6c,2022-06,Cambridgeshire Constabulary,Cambridgeshire Constabulary,-0.249739,52.515893,On or near Badger Close,E01018215,Huntingdonshire 001D,Drugs,Local resolution,
2a4c26a979d4e3838cfb4b0a964fa6606bf5034a3e6d304972dae5215684fee8,2022-06,Cambridgeshire Constabulary,Cambridgeshire Constabulary,-0.252592,52.518291,On or near Parking Area,E01018215,Huntingdonshire 001D,Public order,Unable to prosecute suspect,
4397ee8da94b789ab595836ec01eacd93b65c3f418001a768ffe6744232c082e,2022-06,Cambridgeshire Constabulary,Cambridgeshire Constabulary,-0.252592,52.518291,On or near Parking Area,E01018215,Huntingdonshire 001D,Shoplifting,Investigation complete; no suspect identified,
3644b1eca16065984092fa1e25c9540497f08f7aa04f58d9d0f3ae37f29e9dd2,2022-06,Cambridgeshire Constabulary,Cambridgeshire Constabulary,-0.242685,52.519079,On or near Apple Tree Close,E01018215,Huntingdonshire 001D,Violence and sexual offences,Unable to prosecute suspect,
9d201006e1400d2d323aa906f9280693ef18d11008846cd61091a57ebe91ec11,2022-06,Cambridgeshire Constabulary,Cambridgeshire Constabulary,-0.242685,52.519079,On or near Apple Tree Close,E01018215,Huntingdonshire 001D,Violence and sexual offences,Unable to prosecute suspect,
ca76e51d50b1fb30f19dbfcf562511438a31b8c80d98be000aed2a3f3264b29f,2022-06,Cambridgeshire Constabulary,Cambridgeshire Constabulary,-0.250703,52.516114,On or near Springfield Road,E01018215,Huntingdonshire 001D,Other crime,Unable to prosecute suspect,
,2022-06,Cambridgeshire Constabulary,Cambridgeshire Constabulary,-0.262824,52.509612,On or near Cookson Close,E01018216,Huntingdonshire 001E,Anti-social behaviour,,
94d84153abe3ee18dc5e5da16e1dcb9129d736cf004d59418713497956c287d9,2022-06,Cambridgeshire Constabulary,Cambridgeshire Constabulary,-0.269306,52.513384,On or near Proby Close,E01018216,Huntingdonshire 001E,Vehicle crime,Investigation complete; no suspect identified,
,2022-06,Cambridgeshire Constabulary,Cambridgeshire Constabulary,-0.259312,52.512707,On or near Needham Court,E01018217,Huntingdonshire 001F,Anti-social behaviour,,
,2022-06,Cambridgeshire Constabulary,Cambridgeshire Constabulary,-0.259312,52.512707,On or near Needham Court,E01018217,Huntingdonshire 001F,Anti-social behaviour,,
,2022-06,Cambridgeshire Constabulary,Cambridgeshire Constabulary,-0.264413,52.514158,On or near Field Rise,E01018217,Huntingdonshire 001F,Anti-social behaviour,,
e400b5e7cb21be0547203fe49b68b998d90f2b6414e17a8253df1017aa0c760f,2022-06,Cambridgeshire Constabulary,Cambridgeshire Constabulary,-0.264413,52.514158,On or near Field Rise,E01018217,Huntingdonshire 001F,Criminal damage and arson,Investigation complete; no suspect identified,
b976a64ae9b885d6f12055e9374a2005e2e7e0124f52210d438e0243bf91b927,2022-06,Cambridgeshire Constabulary,Cambridgeshire Constabulary,-0.262074,52.512559,On or near Lee Road,E01018217,Huntingdonshire 001F,Criminal damage and arson,Investigation complete; no suspect identified,
,2022-06,Cambridgeshire Constabulary,Cambridgeshire Constabulary,-0.339108,52.551472,On or near A1,E01018127,Huntingdonshire 002A,Anti-social behaviour,,
,2022-06,Cambridgeshire Constabulary,Cambridgeshire Constabulary,-0.338981,52.544295,On or near Priory Gardens,E01018127,Huntingdonshire 002A,Anti-social behaviour,,
ca0bf1d77c31a7f56fc9c436d9717c36ae418a8e3f69b8522b8876f3766ce201,2022-06,Cambridgeshire Constabulary,Cambridgeshire Constabulary,-0.331741,52.550487,On or near Mill View,E01018127,Huntingdonshire 002A,Bicycle theft,Investigation complete; no suspect identified,
a92c2409d498594b50a8be474fc667d7343848e6cde375e4589ed1d18f354551,2022-06,Cambridgeshire Constabulary,Cambridgeshire Constabulary,-0.322629,52.531082,On or near Petrol Station,E01018127,Huntingdonshire 002A,Criminal damage and arson,Unable to prosecute suspect,
9728565bd94a8cb3e9c198fb73ba4849ef85a55a42cca9460df49d491499cf02,2022-06,Cambridgeshire Constabulary,Cambridgeshire Constabulary,-0.315044,52.530102,On or near A1(M),E01018127,Huntingdonshire 002A,Other theft,Investigation complete; no suspect identified,
81ea6b70c5afd2027d5f727b8f46b7f765f2c254b19b51b63ab1269a5db73b25,2022-06,Cambridgeshire Constabulary,Cambridgeshire Constabulary,-0.322629,52.531082,On or near Petrol Station,E01018127,Huntingdonshire 002A,Other theft,Investigation complete; no suspect identified,
8374acdad9e9615ea5b9c871176870b5a615ae00185575d489a878bab56eb27f,2022-06,Cambridgeshire Constabulary,Cambridgeshire Constabulary,-0.322629,52.531082,On or near Petrol Station,E01018127,Huntingdonshire 002A,Other theft,Investigation complete; no suspect identified,
3803717b9d6c1381649784ae5490db9082392df1fb37e38bc7c9efb30073c3f4,2022-06,Cambridgeshire Constabulary,Cambridgeshire Constabulary,-0.322629,52.531082,On or near Petrol Station,E01018127,Huntingdonshire 002A,Other theft,Investigation complete; no suspect identified,
138b49a2aeab329ddb1a3ed274e13627ee92dac9d7dc088f6b64c340fe4fab8f,2022-06,Cambridgeshire Constabulary,Cambridgeshire Constabulary,-0.322629,52.531082,On or near Petrol Station,E01018127,Huntingdonshire 002A,Public order,Unable to prosecute suspect,
3d705ef0ed856ee80aa1a4ddd239ad48c9c721635ac0a9b04b77e4d68a52f1e1,2022-06,Cambridgeshire Constabulary,Cambridgeshire Constabulary,-0.322629,52.531082,On or near Petrol Station,E01018127,Huntingdonshire 002A,Public order,Investigation complete; no suspect identified,
c188170225006fea14725a660c98b2c4a7bb2d340574e3465d035d637b6cfef8,2022-06,Cambridgeshire Constabulary,Cambridgeshire Constabulary,-0.322629,52.531082,On or near Petrol Station,E01018127,Huntingdonshire 002A,Public order,Investigation complete; no suspect identified,
6c9c89d6a67fa06e13d83065f47d4dd889cc10404400aa4fcfe64f664775baa0,2022-06,Cambridgeshire Constabulary,Cambridgeshire Constabulary,-0.322629,52.531082,On or near Petrol Station,E01018127,Huntingdonshire 002A,Shoplifting,Investigation complete; no suspect identified,
a088a9b5a9cb1dfbc4e7e29f39b7f6a6b8e6861e7f97018d768ad37de4898ca3,2022-06,Cambridgeshire Constabulary,Cambridgeshire Constabulary,-0.322629,52.531082,On or near Petrol Station,E01018127,Huntingdonshire 002A,Shoplifting,Investigation complete; no suspect identified,
11b8059b4a144ff31b5ffb035a99e0cf66c41965c52d26687ee3bb6ddfa12eb0,2022-06,Cambridgeshire Constabulary,Cambridgeshire Constabulary,-0.338981,52.544295,On or near Priory Gardens,E01018127,Huntingdonshire 002A,Theft from the person,Unable to prosecute suspect,
e8a7b1e3909e4e4f8dd31498da9f7bacf7cfa9c76ed40f31824dade2f31d3cd1,2022-06,Cambridgeshire Constabulary,Cambridgeshire Constabulary,-0.322629,52.531082,On or near Petrol Station,E01018127,Huntingdonshire 002A,Vehicle crime,Investigation complete; no suspect identified,
fdaee3b0d29997da75b6ceea6df0bf390f6c37be89143537bac226efa2a4e507,2022-06,Cambridgeshire Constabulary,Cambridgeshire Constabulary,-0.322629,52.531082,On or near Petrol Station,E01018127,Huntingdonshire 002A,Vehicle crime,Investigation complete; no suspect identified,
8aea7ef5bcd4b952df397f0766030a26f51fdcb639e1356ed5cff23a36807f52,2022-06,Cambridgeshire Constabulary,Cambridgeshire Constabulary,-0.322629,52.531082,On or near Petrol Station,E01018127,Huntingdonshire 002A,Vehicle crime,Investigation complete; no suspect identified,
4e2b0d365682976181d159e80365d4ffa4b7ca0517d66dc828134d61764b250a,2022-06,Cambridgeshire Constabulary,Cambridgeshire Constabulary,-0.312100,52.494978,On or near Manor Road,E01018127,Huntingdonshire 002A,Violence and sexual offences,Unable to prosecute suspect,
497f8f08b0161279dc461e4f223dd35b1a33f34b8756cb0d47f1f821e0033648,2022-06,Cambridgeshire Constabulary,Cambridgeshire Constabulary,-0.339108,52.551472,On or near A1,E01018127,Huntingdonshire 002A,Violence and sexual offences,Unable to prosecute suspect,
a244e83902ef2f83c521f50f880dd48f2a4e1a9cf26383bc75f3ead85e778899,2022-06,Cambridgeshire Constabulary,Cambridgeshire Constabulary,-0.322629,52.531082,On or near Petrol Station,E01018127,Huntingdonshire 002A,Other crime,Status update unavailable,
,2022-06,Cambridgeshire Constabulary,Cambridgeshire Constabulary,-0.396786,52.533072,On or near Faber Lane,E01018128,Huntingdonshire 002B,Anti-social behaviour,,
,2022-06,Cambridgeshire Constabulary,Cambridgeshire Constabulary,-0.374599,52.534226,On or near Oundle Road,E01018128,Huntingdonshire 002B,Anti-social behaviour,,
,2022-06,Cambridgeshire Constabulary,Cambridgeshire Constabulary,-0.357316,52.520878,On or near Bullock Road,E01018128,Huntingdonshire 002B,Anti-social behaviour,,
4b4b63e81f700dc4e77b7dbcabae4c7b4857b7243aa6b3b9669ea9fadd9caa29,2022-06,Cambridgeshire Constabulary,Cambridgeshire Constabulary,-0.394002,52.573798,On or near Church Lane,E01018128,Huntingdonshire 002B,Criminal damage and arson,Investigation complete; no suspect identified,
0a50b04eb8738ad5344030edfbde18b6ac96ac5ce699117b279578ce401051d9,2022-06,Cambridgeshire Constabulary,Cambridgeshire Constabulary,-0.391279,52.554647,On or near Airport/Airfield,E01018128,Huntingdonshire 002B,Other theft,Investigation complete; no suspect identified,
7e64ca733eb108ffc716d8a0042e1c7a7fd9188e395c8747f148a7713102ca46,2022-06,Cambridgeshire Constabulary,Cambridgeshire Constabulary,-0.410317,52.581328,On or near Park/Open Space,E01018128,Huntingdonshire 002B,Other theft,Investigation complete; no suspect identified,
7611ccd73925464b5d34e3b12450c471176ea1180bda202638504101d61d061b,2022-06,Cambridgeshire Constabulary,Cambridgeshire Constabulary,-0.399758,52.532438,On or near Back Lane,E01018128,Huntingdonshire 002B,Vehicle crime,Investigation complete; no suspect identified,
63a4cbb542a8f9e236ddaa3f33233f43eab6a420803bacc50ecb9bfe1f51e4ad,2022-06,Cambridgeshire Constabulary,Cambridgeshire Constabulary,-0.383924,52.566549,On or near Park/Open Space,E01018128,Huntingdonshire 002B,Violence and sexual offences,Status update unavailable,
3d2c4034eadf69a5195f82c6d904f18b7dd65903f6199a367667214ca00d1cc4,2022-06,Cambridgeshire Constabulary,Cambridgeshire Constabulary,-0.294804,52.486656,On or near Fox Covert,E01018200,Huntingdonshire 002C,Drugs,Status update unavailable,
124111b01b015f6cab66962d20dea0cc5a03504ee78d9829d1c00aad9dbcf56d,2022-06,Cambridgeshire Constabulary,Cambridgeshire Constabulary,-0.294804,52.486656,On or near Fox Covert,E01018200,Huntingdonshire 002C,Drugs,Status update unavailable,
b8a84ef4af53ff4ace2c11e58323ee12d8ca8085463cf6918fc7697262ea9323,2022-06,Cambridgeshire Constabulary,Cambridgeshire Constabulary,-0.294804,52.486656,On or near Fox Covert,E01018200,Huntingdonshire 002C,Drugs,Status update unavailable,
886ac2d0ae8bf7145ae3c0ae80063b0b7461ee1054e1699676cdbae8364c911a,2022-06,Cambridgeshire Constabulary,Cambridgeshire Constabulary,-0.239284,52.475494,On or near Yaxley Road,E01018200,Huntingdonshire 002C,Other theft,Investigation complete; no suspect identified,
15323a1f0bed8ed0da23d344ce31be4ca8bd2adab4e97848717952e00c8e5ae2,2022-06,Cambridgeshire Constabulary,Cambridgeshire Constabulary,-0.251954,52.474558,On or near Queen'S Close,E01018200,Huntingdonshire 002C,Other theft,Investigation complete; no suspect identified,
578f6289d3628e5d5da43c3a273fcf752abde2811e2a55375186920364b85ea1,2022-06,Cambridgeshire Constabulary,Cambridgeshire Constabulary,-0.289978,52.489211,On or near Mondela Place,E01018200,Huntingdonshire 002C,Violence and sexual offences,Unable to prosecute suspect,
0039fc3f4bed9b8af857b2a433baca1b1845b56c88c68ee6881e3749c946ec89,2022-06,Cambridgeshire Constabulary,Cambridgeshire Constabulary,-0.315009,52.488249,On or near Washingley Lane,E01018200,Huntingdonshire 002C,Violence and sexual offences,Unable to prosecute suspect,
bc647dfed523ec82707b5c4a3842b6996e59775aa7b44e33e0ad489a306b869d,2022-06,Cambridgeshire Constabulary,Cambridgeshire Constabulary,-0.293602,52.486908,On or near Rectory Way,E01018200,Huntingdonshire 002C,Violence and sexual offences,Unable to prosecute suspect,
d05adfaeb36b12ccc78fb534d7a702b5c874ef0408bfd33f25ce1bb0127b39af,2022-06,Cambridgeshire Constabulary,Cambridgeshire Constabulary,-0.289978,52.489211,On or near Mondela Place,E01018200,Huntingdonshire 002C,Violence and sexual offences,Investigation complete; no suspect identified,
e82fdfe589bcacb50d78b5dc71f7c388645105db00a55dbfd0be1aac0f542fb0,2022-06,Cambridgeshire Constabulary,Cambridgeshire Constabulary,-0.289978,52.489211,On or near Mondela Place,E01018200,Huntingdonshire 002C,Violence and sexual offences,Unable to prosecute suspect,
dc8c29e37f786268e737a021bf2bac405d808246b67e6e9cab5604d71c02dbfb,2022-06,Cambridgeshire Constabulary,Cambridgeshire Constabulary,-0.289160,52.488265,On or near Maple Drive,E01018200,Huntingdonshire 002C,Violence and sexual offences,Investigation complete; no suspect identified,
d85d53a4f46fd121056e8f2ca5be267e5fbe85dbf49cd5a945adad9c8e39551a,2022-06,Cambridgeshire Constabulary,Cambridgeshire Constabulary,-0.291351,52.491011,On or near Worthington Close,E01018201,Huntingdonshire 002D,Vehicle crime,Court result unavailable,
43d72693b1614ec41177a119d5440de0bc592ee2dce282919d3d32321f499a49,2022-06,Cambridgeshire Constabulary,Cambridgeshire Constabulary,-0.290246,52.493315,On or near North Street,E01018201,Huntingdonshire 002D,Vehicle crime,Investigation complete; no suspect identified,
ccd35d61dc1b6e379d9eb64f652f5dde8539284cca2e98b36e4558c49b343603,2022-06,Cambridgeshire Constabulary,Cambridgeshire Constabulary,-0.290007,52.487701,On or near Oak Farm Close,E01018201,Huntingdonshire 002D,Violence and sexual offences,Investigation complete; no suspect identified,
286b3f950f1bda61e6e0742f0527e37df5c893d125626bcba5f59dbe9afdb796,2022-06,Cambridgeshire Constabulary,Cambridgeshire Constabulary,-0.291862,52.493788,On or near Mill Road,E01018201,Huntingdonshire 002D,Violence and sexual offences,Investigation complete; no suspect identified,
6f1b0c2b4766046b15c5f9ec7da81d1da821d7a17b11dc095cb9516d7b5015cc,2022-06,Cambridgeshire Constabulary,Cambridgeshire Constabulary,-0.290007,52.487701,On or near Oak Farm Close,E01018201,Huntingdonshire 002D,Violence and sexual offences,Unable to prosecute suspect,
a3f4196cd240acbb55c36bd850a695561bfc15ba87e3b4ee7fafedcd4b5057db,2022-06,Cambridgeshire Constabulary,Cambridgeshire Constabulary,-0.290007,52.487701,On or near Oak Farm Close,E01018201,Huntingdonshire 002D,Violence and sexual offences,Unable to prosecute suspect,
67b905693f7e709fdd5bdfd76df65d9b403488114ad3df4084fd4928f17fcae5,2022-06,Cambridgeshire Constabulary,Cambridgeshire Constabulary,-0.104671,52.453246,On or near Mill Lane,E01018156,Huntingdonshire 003A,Criminal damage and arson,Investigation complete; no suspect identified,
a9e1536e68ee9b9a6c5d9d32d6b35d50ec7df5f02140db2094024c3d960ca014,2022-06,Cambridgeshire Constabulary,Cambridgeshire Constabulary,-0.104671,52.453246,On or near Mill Lane,E01018156,Huntingdonshire 003A,Other theft,Investigation complete; no suspect identified,
097d0b2623ddd75d55ccc1944b55b330073854b7085fc1d23b3352bbdb1a4f83,2022-06,Cambridgeshire Constabulary,Cambridgeshire Constabulary,-0.099277,52.445895,On or near Abbey Road,E01018156,Huntingdonshire 003A,Violence and sexual offences,Unable to prosecute suspect,
6e98190bef26b46828629fc5e07ebb37ee61594183bc09be5a0efca0dc5c1600,2022-06,Cambridgeshire Constabulary,Cambridgeshire Constabulary,-0.099277,52.445895,On or near Abbey Road,E01018156,Huntingdonshire 003A,Violence and sexual offences,Local resolution,
f9ffcaad05f74688a7811a0c500219092a8a71ba034f889fe1ce4964c26ec527,2022-06,Cambridgeshire Constabulary,Cambridgeshire Constabulary,-0.099277,52.445895,On or near Abbey Road,E01018156,Huntingdonshire 003A,Violence and sexual offences,Unable to prosecute suspect,
9cdd2abd8ca5b52fbd2806996e3926e4cd41c6d7220953097549a2bf95cf0a88,2022-06,Cambridgeshire Constabulary,Cambridgeshire Constabulary,-0.151485,52.479279,On or near Herne Road,E01018157,Huntingdonshire 003B,Criminal damage and arson,Investigation complete; no suspect identified,
09819e97c6414ab01e2950d7f17e1ac2b6174e3e542962fe070cc17505d54af2,2022-06,Cambridgeshire Constabulary,Cambridgeshire Constabulary,-0.156550,52.457806,On or near Ugg Mere Court Road,E01018157,Huntingdonshire 003B,Other theft,Unable to prosecute suspect,
a1c2bb367402ef3066958fc28c6eed95f9299eb3f07cdff53a054bbb5b26e917,2022-06,Cambridgeshire Constabulary,Cambridgeshire Constabulary,-0.153240,52.467618,On or near Sports/Recreation Area,E01018157,Huntingdonshire 003B,Vehicle crime,Unable to prosecute suspect,
,2022-06,Cambridgeshire Constabulary,Cambridgeshire Constabulary,-0.108491,52.450988,On or near Great Whyte,E01018158,Huntingdonshire 003C,Anti-social behaviour,,
,2022-06,Cambridgeshire Constabulary,Cambridgeshire Constabulary,-0.110563,52.446237,On or near Bryan Close,E01018158,Huntingdonshire 003C,Anti-social behaviour,,
,2022-06,Cambridgeshire Constabulary,Cambridgeshire Constabulary,-0.110934,52.452699,On or near Fletchers Close,E01018158,Huntingdonshire 003C,Anti-social behaviour,,
3b73ac06c2c172968dcbbe7f3f5389b6b45f12b17c8f2cef9d0e6e64e5ca418f,2022-06,Cambridgeshire Constabulary,Cambridgeshire Constabulary,-0.108491,52.450988,On or near Great Whyte,E01018158,Huntingdonshire 003C,Criminal damage and arson,Unable to prosecute suspect,
c648ef5db548849296457f252d3469f767873f3f20ed93229e02f23ce2a9d60b,2022-06,Cambridgeshire Constabulary,Cambridgeshire Constabulary,-0.108491,52.450988,On or near Great Whyte,E01018158,Huntingdonshire 003C,Criminal damage and arson,Unable to prosecute suspect,
23f83cbdaaaca4e085df1ecfc85897e64a282787f63fda5e36eca1f01072056d,2022-06,Cambridgeshire Constabulary,Cambridgeshire Constabulary,-0.105000,52.449016,On or near Little Whyte,E01018158,Huntingdonshire 003C,Drugs,Offender given a caution,
69238c92cb84a9662d996209742296c13ab60885de23ae0f078ff42646829f0f,2022-06,Cambridgeshire Constabulary,Cambridgeshire Constabulary,-0.108491,52.450988,On or near Great Whyte,E01018158,Huntingdonshire 003C,Public order,Unable to prosecute suspect,
4027364c1240292aefc945aafc4a97a18f39c37ccf24b8c0c39f1417104c8aed,2022-06,Cambridgeshire Constabulary,Cambridgeshire Constabulary,-0.108491,52.450988,On or near Great Whyte,E01018158,Huntingdonshire 003C,Violence and sexual offences,Unable to prosecute suspect,
9f6d418475f525b25ea2b1f2b5ebcf2854f4082daffadcddc6f98fb8cdb81b89,2022-06,Cambridgeshire Constabulary,Cambridgeshire Constabulary,-0.105760,52.448094,On or near Crown Mews,E01018158,Huntingdonshire 003C,Violence and sexual offences,Unable to prosecute suspect,
5daadfee556bc43f41af8ee1d193a1b306990d9002727cf6fbf00eb39c985d65,2022-06,Cambridgeshire Constabulary,Cambridgeshire Constabulary,-0.109641,52.448524,On or near School Lane,E01018158,Huntingdonshire 003C,Violence and sexual offences,Unable to prosecute suspect,
12aec7af0bd82e75a7b82c526823adbd1992729928e616c83bc4457c7df004a7,2022-06,Cambridgeshire Constabulary,Cambridgeshire Constabulary,-0.106589,52.451766,On or near Fisher Terrace,E01018158,Huntingdonshire 003C,Violence and sexual offences,Status update unavailable,
e4e0ececb662b63c30466e0d09ac63a84570f11634cee7da071156cb9a1c64a7,2022-06,Cambridgeshire Constabulary,Cambridgeshire Constabulary,-0.108491,52.450988,On or near Great Whyte,E01018158,Huntingdonshire 003C,Violence and sexual offences,Unable to prosecute suspect,
7268d5e58544096ad0f3d18b02d242b6828601f11d48d872fe536fbcace47c5a,2022-06,Cambridgeshire Constabulary,Cambridgeshire Constabulary,-0.112474,52.455574,On or near Raymond Road,E01018159,Huntingdonshire 003D,Shoplifting,Investigation complete; no suspect identified,
41f90a344de8bf023581df9766adaa39a1d65b380e7a0ededbe5c8f11c968c16,2022-06,Cambridgeshire Constabulary,Cambridgeshire Constabulary,-0.119504,52.442568,On or near The Malting,E01018159,Huntingdonshire 003D,Violence and sexual offences,Unable to prosecute suspect,
d82304f13d0a0f559a3a28d6a44849eba119f99873f38c113dae5ed08dec8001,2022-06,Cambridgeshire Constabulary,Cambridgeshire Constabulary,-0.112501,52.443939,On or near Bury Road,E01018159,Huntingdonshire 003D,Violence and sexual offences,Unable to prosecute suspect,
a41b94b01cf6de5e2462295728159395f4d4629d8c279a44369f02b1793b5c88,2022-06,Cambridgeshire Constabulary,Cambridgeshire Constabulary,-0.112474,52.455574,On or near Raymond Road,E01018159,Huntingdonshire 003D,Violence and sexual offences,Unable to prosecute suspect,
404befd5357a0028011c061cbeee2cfa810c08295fc45eaa32e41f6213eb5c2b,2022-06,Cambridgeshire Constabulary,Cambridgeshire Constabulary,-0.119504,52.442568,On or near The Malting,E01018159,Huntingdonshire 003D,Violence and sexual offences,Unable to prosecute suspect,
99690dcf01b672929e30a749e4dbf8190070cd74b2cda31acf48ac52ee45406e,2022-06,Cambridgeshire Constabulary,Cambridgeshire Constabulary,-0.112926,52.449836,On or near Sports/Recreation Area,E01018160,Huntingdonshire 003E,Criminal damage and arson,Unable to prosecute suspect,
a592b370ba5a9ceb1410cdaeb6f5cda246c341ad24b7be91ca087c3201b942f4,2022-06,Cambridgeshire Constabulary,Cambridgeshire Constabulary,-0.119061,52.447452,On or near Canberra Court,E01018160,Huntingdonshire 003E,Other theft,Investigation complete; no suspect identified,
f15f2a083c327525d145722f92d80301e391e5aa3b8a1a4dcb4375cc7db6a009,2022-06,Cambridgeshire Constabulary,Cambridgeshire Constabulary,-0.119747,52.451383,On or near Allen Road,E01018160,Huntingdonshire 003E,Other theft,Investigation complete; no suspect identified,
ae3647cdb85c9dc5fcece2a7d12cc117b2a709589052313d9031beadc6ce620f,2022-06,Cambridgeshire Constabulary,Cambridgeshire Constabulary,-0.118170,52.446952,On or near Serjeants Close,E01018160,Huntingdonshire 003E,Other theft,Investigation complete; no suspect identified,
a11c546b49bf70e2622ddd0637fd81e7f59b3b1df5f71335329cc6dc9e37ae7b,2022-06,Cambridgeshire Constabulary,Cambridgeshire Constabulary,-0.117754,52.448069,On or near West Avenue,E01018160,Huntingdonshire 003E,Violence and sexual offences,Unable to prosecute suspect,
,2022-06,Cambridgeshire Constabulary,Cambridgeshire Constabulary,-0.289032,52.438794,On or near Mill View,E01018191,Huntingdonshire 004A,Anti-social behaviour,,
a6abfa55bb1656913b396aea5c4b92b291115046073512f9e9fc589467b57fc2,2022-06,Cambridgeshire Constabulary,Cambridgeshire Constabulary,-0.284772,52.436350,On or near Hunters Way,E01018191,Huntingdonshire 004A,Violence and sexual offences,Local resolution,
fa869eafbd44b5ff58951414de8e296de03858711473a332f01a06cc99e04e27,2022-06,Cambridgeshire Constabulary,Cambridgeshire Constabulary,-0.284772,52.436350,On or near Hunters Way,E01018191,Huntingdonshire 004A,Violence and sexual offences,Local resolution,
3d74a7676625835a56471517c3aae2c5a2eac13dd66f5e2d4c4e6344634cf06a,2022-06,Cambridgeshire Constabulary,Cambridgeshire Constabulary,-0.286828,52.436820,On or near Woodfield Drive,E01018191,Huntingdonshire 004A,Other crime,Unable to prosecute suspect,
,2022-06,Cambridgeshire Constabulary,Cambridgeshire Constabulary,-0.287003,52.435348,On or near Hawthorn Way,E01018192,Huntingdonshire 004B,Anti-social behaviour,,
,2022-06,Cambridgeshire Constabulary,Cambridgeshire Constabulary,-0.332970,52.402711,On or near Sawpit Lane,E01018192,Huntingdonshire 004B,Anti-social behaviour,,
,2022-06,Cambridgeshire Constabulary,Cambridgeshire Constabulary,-0.287003,52.435348,On or near Hawthorn Way,E01018192,Huntingdonshire 004B,Anti-social behaviour,,
d396f1acb7456357207988fe5593e60f93a4079a2bd4b54d666c4ea26406d491,2022-06,Cambridgeshire Constabulary,Cambridgeshire Constabulary,-0.276654,52.430262,On or near Aversley Road,E01018192,Huntingdonshire 004B,Criminal damage and arson,Investigation complete; no suspect identified,
2a106b20857b8fbdbbf1a3e72a47d955a3a2c1400bd843f2392c7e9b3ed3e8e9,2022-06,Cambridgeshire Constabulary,Cambridgeshire Constabulary,-0.337875,52.423190,On or near Park/Open Space,E01018192,Huntingdonshire 004B,Criminal damage and arson,Unable to prosecute suspect,
480e495b7d83224d64870822455213787d999f1dd7f7903de7ec912250c206ca,2022-06,Cambridgeshire Constabulary,Cambridgeshire Constabulary,-0.287003,52.435348,On or near Hawthorn Way,E01018192,Huntingdonshire 004B,Robbery,Unable to prosecute suspect,
dae8acaece341fa1a7db6a303bb3a827216ddc432aec8adce808bde4d5ad4f9b,2022-06,Cambridgeshire Constabulary,Cambridgeshire Constabulary,-0.286798,52.433817,On or near Maple Close,E01018192,Huntingdonshire 004B,Violence and sexual offences,Unable to prosecute suspect,
59901db65a314f4edf91a595d9052ee3224446fc796a3c4099096ce9d0b598c0,2022-06,Cambridgeshire Constabulary,Cambridgeshire Constabulary,-0.287003,52.435348,On or near Hawthorn Way,E01018192,Huntingdonshire 004B,Violence and sexual offences,Investigation complete; no suspect identified,
716605d869535088fdc3ba0153f5e605ef6593d3ee30aa82492674f4cf86564b,2022-06,Cambridgeshire Constabulary,Cambridgeshire Constabulary,-0.358715,52.431861,On or near Sports/Recreation Area,E01018192,Huntingdonshire 004B,Violence and sexual offences,Unable to prosecute suspect,
06ac419756f4c55ccb1e57f081753d5f81dbc678deae2461b37fa63c8abaab3d,2022-06,Cambridgeshire Constabulary,Cambridgeshire Constabulary,-0.287003,52.435348,On or near Hawthorn Way,E01018192,Huntingdonshire 004B,Other crime,Unable to prosecute suspect,
,2022-06,Cambridgeshire Constabulary,Cambridgeshire Constabulary,-0.279104,52.433067,On or near Supermarket,E01018193,Huntingdonshire 004C,Anti-social behaviour,,
9bd203e00ca3624285841c8f984b1984d46009ffef08173579bb9962f2486b54,2022-06,Cambridgeshire Constabulary,Cambridgeshire Constabulary,-0.264528,52.437142,On or near Sports/Recreation Area,E01018193,Huntingdonshire 004C,Public order,Investigation complete; no suspect identified,
3f827778d62b6fa2f749254be656e883b8528a97ca165cf62441557bb1b7b098,2022-06,Cambridgeshire Constabulary,Cambridgeshire Constabulary,-0.278722,52.441746,On or near Rectory Close,E01018193,Huntingdonshire 004C,Public order,Investigation complete; no suspect identified,
9185809c0488171f2274a70a1bd44805bfce5f189c7f434a7a6268132bdd2622,2022-06,Cambridgeshire Constabulary,Cambridgeshire Constabulary,-0.279104,52.433067,On or near Supermarket,E01018193,Huntingdonshire 004C,Violence and sexual offences,Unable to prosecute suspect,
,2022-06,Cambridgeshire Constabulary,Cambridgeshire Constabulary,-0.304841,52.458514,On or near Roundhills View,E01018194,Huntingdonshire 004D,Anti-social behaviour,,
,2022-06,Cambridgeshire Constabulary,Cambridgeshire Constabulary,-0.270677,52.458937,On or near Bruces Close,E01018194,Huntingdonshire 004D,Anti-social behaviour,,
030ed884d3f6d9e2bf6b4217aae04e168189553397cb7055e7c93d0a51e9737f,2022-06,Cambridgeshire Constabulary,Cambridgeshire Constabulary,-0.285776,52.439304,On or near Belgrave Square,E01018194,Huntingdonshire 004D,Criminal damage and arson,Investigation complete; no suspect identified,
3c511d61053f96d39443381487ad0eac75572667f0adb769c9dd088a8bac00a8,2022-06,Cambridgeshire Constabulary,Cambridgeshire Constabulary,-0.272043,52.459002,On or near Cotton Close,E01018194,Huntingdonshire 004D,Criminal damage and arson,Investigation complete; no suspect identified,
dc3fcb2f4d687661c1970e2ac090a251ef0151a9e72ea3f083c61b1cb568e959,2022-06,Cambridgeshire Constabulary,Cambridgeshire Constabulary,-0.313640,52.465905,On or near Airport/Airfield,E01018194,Huntingdonshire 004D,Other theft,Investigation complete; no suspect identified,
1f27e893de1ed66cb9bdd912caaa13081f666c7cfe7ad7e5805772730ee504f0,2022-06,Cambridgeshire Constabulary,Cambridgeshire Constabulary,-0.270677,52.458937,On or near Bruces Close,E01018194,Huntingdonshire 004D,Public order,Unable to prosecute suspect,
82270285df9d0c87bb4244f3eebfdd54279c479f066924fd8858d18172538539,2022-06,Cambridgeshire Constabulary,Cambridgeshire Constabulary,-0.284533,52.440239,On or near High Street,E01018194,Huntingdonshire 004D,Shoplifting,Investigation complete; no suspect identified,
c347d6409be819f88f8430f1f847f32202da4fbcacb20f1078790aefabb1c7f3,2022-06,Cambridgeshire Constabulary,Cambridgeshire Constabulary,-0.269012,52.458616,On or near Church Road,E01018194,Huntingdonshire 004D,Violence and sexual offences,Unable to prosecute suspect,
d0f5a16d366c95b4ae518611c5e9eb52b704651cc645b710839feb171ee5dc91,2022-06,Cambridgeshire Constabulary,Cambridgeshire Constabulary,-0.285776,52.439304,On or near Belgrave Square,E01018194,Huntingdonshire 004D,Other crime,Investigation complete; no suspect identified,
42ab28d6141f5784148d25198b22b6a77f9810efcaa663d6089b5a007fb73af7,2022-06,Cambridgeshire Constabulary,Cambridgeshire Constabulary,-0.285776,52.439304,On or near Belgrave Square,E01018194,Huntingdonshire 004D,Other crime,Investigation complete; no suspect identified,
a1e24506af65b403ae07033c1b874f29a0e7b68067e3fdbb19b37fe0a8f93938,2022-06,Cambridgeshire Constabulary,Cambridgeshire Constabulary,-0.280550,52.438986,On or near Huntings Drive,E01018195,Huntingdonshire 004E,Burglary,Investigation complete; no suspect identified,
b6149b0195fd85b473719125bbcd755adbe39130c41c76193812683aa34c5d91,2022-06,Cambridgeshire Constabulary,Cambridgeshire Constabulary,-0.276234,52.436873,On or near Fen Lane,E01018195,Huntingdonshire 004E,Vehicle crime,Investigation complete; no suspect identified,
5c73f43113fcb68709edd2de95806de1f0725c64289b3c60f137a9badf6c9170,2022-06,Cambridgeshire Constabulary,Cambridgeshire Constabulary,-0.282725,52.440942,On or near Annesley Close,E01018195,Huntingdonshire 004E,Violence and sexual offences,Court result unavailable,
,2022-06,Cambridgeshire Constabulary,Cambridgeshire Constabulary,-0.073432,52.408576,On or near Ash Close,E01018208,Huntingdonshire 005A,Anti-social behaviour,,
a24462ca92cdba5cdb3b2a976b1616b51d593d6062351c222989c49317069ed2,2022-06,Cambridgeshire Constabulary,Cambridgeshire Constabulary,-0.074723,52.406277,On or near Old Mill Avenue,E01018208,Huntingdonshire 005A,Criminal damage and arson,Investigation complete; no suspect identified,
7bb9e679910542b0dc4347955558e219072f49f8e6262f5cbd742bbd0b4fdcb0,2022-06,Cambridgeshire Constabulary,Cambridgeshire Constabulary,-0.078037,52.409865,On or near Crown Close,E01018208,Huntingdonshire 005A,Violence and sexual offences,Unable to prosecute suspect,
cfcac1c581eed1eb6d4e22a201c9b2a6c63ca5820a808b83e9344d23e67763ad,2022-06,Cambridgeshire Constabulary,Cambridgeshire Constabulary,-0.078037,52.409865,On or near Crown Close,E01018208,Huntingdonshire 005A,Violence and sexual offences,Unable to prosecute suspect,
7a7f89ae3e9ef1012da10f9633cb175399c4575d9b07e3ee896b18d2522d98b1,2022-06,Cambridgeshire Constabulary,Cambridgeshire Constabulary,-0.120404,52.413126,On or near Bridge Street,E01018208,Huntingdonshire 005A,Violence and sexual offences,Court result unavailable,
df8063d423a761b1a54a20e027ad705c1e335b86393d961f9a6fa5cc6fbc8c20,2022-06,Cambridgeshire Constabulary,Cambridgeshire Constabulary,-0.078037,52.409865,On or near Crown Close,E01018208,Huntingdonshire 005A,Violence and sexual offences,Unable to prosecute suspect,
aa1fbf89876f4c228dd7f5af83d2b3900ae58b816c0092cd396ee484b64e4ea6,2022-06,Cambridgeshire Constabulary,Cambridgeshire Constabulary,-0.085991,52.403088,On or near Petrol Station,E01018209,Huntingdonshire 005B,Bicycle theft,Investigation complete; no suspect identified,
7f85890357749923e1879904b82f9d4b635f35acb293272cbb54cde0a98b07e0,2022-06,Cambridgeshire Constabulary,Cambridgeshire Constabulary,-0.082805,52.402308,On or near Lea Brooks Close,E01018209,Huntingdonshire 005B,Public order,Offender given a caution,
0e11f25e6aee0ea5794023ca2a41d9b71198b11fea5ea826e049a970f41f019c,2022-06,Cambridgeshire Constabulary,Cambridgeshire Constabulary,-0.085991,52.403088,On or near Petrol Station,E01018209,Huntingdonshire 005B,Violence and sexual offences,Unable to prosecute suspect,
,2022-06,Cambridgeshire Constabulary,Cambridgeshire Constabulary,-0.076807,52.406023,On or near Goldpits,E01018210,Huntingdonshire 005C,Anti-social behaviour,,
221d10c6597b9cc5f6568792c4bca4dcddb3dccb1e694fcd6d412ebe95266f00,2022-06,Cambridgeshire Constabulary,Cambridgeshire Constabulary,-0.084615,52.405323,On or near Garner Avenue,E01018210,Huntingdonshire 005C,Criminal damage and arson,Court result unavailable,
9234e296b453996b502891d4ec551ac0e73967a22bb4bd967c72e2918a62bb59,2022-06,Cambridgeshire Constabulary,Cambridgeshire Constabulary,-0.084615,52.405323,On or near Garner Avenue,E01018210,Huntingdonshire 005C,Criminal damage and arson,Status update unavailable,
cac538952e023a4cd50f6b17b7c3d000c56dbaa47e1dfe3abe6c2e803af683c8,2022-06,Cambridgeshire Constabulary,Cambridgeshire Constabulary,-0.084615,52.405323,On or near Garner Avenue,E01018210,Huntingdonshire 005C,Public order,Unable to prosecute suspect,
860d6e60ab483e0e31d6d7d7b0ee859a4418e006a780c537156fec596d211d03,2022-06,Cambridgeshire Constabulary,Cambridgeshire Constabulary,-0.076807,52.406023,On or near Goldpits,E01018210,Huntingdonshire 005C,Public order,Local resolution,
d08aaede5508a053455fbe3fbe79da21fce23a3396600815775c6295bcb9f2e9,2022-06,Cambridgeshire Constabulary,Cambridgeshire Constabulary,-0.076807,52.406023,On or near Goldpits,E01018210,Huntingdonshire 005C,Public order,Unable to prosecute suspect,
1429122d9f95ae7208d143504fea6a0b51da285b1f4868dff19643c82bea5af5,2022-06,Cambridgeshire Constabulary,Cambridgeshire Constabulary,-0.076807,52.406023,On or near Goldpits,E01018210,Huntingdonshire 005C,Public order,Court result unavailable,
130d7627341afa813faba37f87ba8f16c3392294837f073829ec4702e9275ac8,2022-06,Cambridgeshire Constabulary,Cambridgeshire Constabulary,-0.076807,52.406023,On or near Goldpits,E01018210,Huntingdonshire 005C,Violence and sexual offences,Unable to prosecute suspect,
ca28c530fbcf11eb9fc5a0c758d2dff20a1992b33919868dd717e5cc0013fad7,2022-06,Cambridgeshire Constabulary,Cambridgeshire Constabulary,-0.076807,52.406023,On or near Goldpits,E01018210,Huntingdonshire 005C,Violence and sexual offences,Formal action is not in the public interest,
d32eb65229f194d0ff43384187950521c0552a370e18656a2719170e5189acd1,2022-06,Cambridgeshire Constabulary,Cambridgeshire Constabulary,-0.084615,52.405323,On or near Garner Avenue,E01018210,Huntingdonshire 005C,Violence and sexual offences,Court result unavailable,
,2022-06,Cambridgeshire Constabulary,Cambridgeshire Constabulary,-0.115331,52.437960,On or near Rowell Walk,E01018211,Huntingdonshire 005D,Anti-social behaviour,,
,2022-06,Cambridgeshire Constabulary,Cambridgeshire Constabulary,-0.121711,52.433926,On or near Valiant Square,E01018211,Huntingdonshire 005D,Anti-social behaviour,,
ab16d7ff970a43efce6c222285f8dc21e65f24fd56fda084a1999749b0539462,2022-06,Cambridgeshire Constabulary,Cambridgeshire Constabulary,-0.113489,52.436304,On or near Brookfield Way,E01018211,Huntingdonshire 005D,Criminal damage and arson,Investigation complete; no suspect identified,
8cf8fc1168edbc1914542b5100421ee227de401da8ebdf5c52f0c4b7eb5b03e0,2022-06,Cambridgeshire Constabulary,Cambridgeshire Constabulary,-0.117213,52.438323,On or near Garden Court,E01018211,Huntingdonshire 005D,Other theft,Investigation complete; no suspect identified,
41e21a0d1ad17a4d79d8c153a51fc11abb07b53daf0d1415d9af929d94258a9d,2022-06,Cambridgeshire Constabulary,Cambridgeshire Constabulary,-0.105882,52.435984,On or near Hill Estate,E01018211,Huntingdonshire 005D,Violence and sexual offences,Unable to prosecute suspect,
faf9b9258ad1ceb884eec05ac08caa6682ae44d567125deb49e8ed717fe16a88,2022-06,Cambridgeshire Constabulary,Cambridgeshire Constabulary,-0.068442,52.365623,On or near The Paddocks,E01018196,Huntingdonshire 006A,Other theft,Investigation complete; no suspect identified,
595a5aa7800cbaa975826208fd585c2646096f5a31386d8c2d3f0daf3816cc38,2022-06,Cambridgeshire Constabulary,Cambridgeshire Constabulary,-0.093207,52.375503,On or near St Ives Road,E01018196,Huntingdonshire 006A,Other theft,Investigation complete; no suspect identified,
6448ab86ec18038698320ba71fea3a82e093865dba0b8dbe70387c68fea7f52d,2022-06,Cambridgeshire Constabulary,Cambridgeshire Constabulary,-0.037981,52.390109,On or near Park/Open Space,E01018196,Huntingdonshire 006A,Violence and sexual offences,Unable to prosecute suspect,
9e095674d53175ba40e38c6353c16b7d20d5b9bfc6f68443924c9ab2e1fa81d0,2022-06,Cambridgeshire Constabulary,Cambridgeshire Constabulary,-0.037981,52.390109,On or near Park/Open Space,E01018196,Huntingdonshire 006A,Violence and sexual offences,Unable to prosecute suspect,
259235714680e50e7370589ed27dbeaf216be7e69c6ebdc8eee02e8bad433d3b,2022-06,Cambridgeshire Constabulary,Cambridgeshire Constabulary,0.004417,52.384893,On or near Lakeway,E01018197,Huntingdonshire 006B,Other theft,Unable to prosecute suspect,
618624044774212f25cd32e9bd5cd9b51db5e5d1589944bcbdbb0866035d15ea,2022-06,Cambridgeshire Constabulary,Cambridgeshire Constabulary,-0.000959,52.383653,On or near Providence Close,E01018197,Huntingdonshire 006B,Other theft,Unable to prosecute suspect,
f0a9b82ad46996e6fa588a86e60433595c7fbcc3e555e9dbdb5b02ac76517a18,2022-06,Cambridgeshire Constabulary,Cambridgeshire Constabulary,0.004417,52.384893,On or near Lakeway,E01018197,Huntingdonshire 006B,Public order,Investigation complete; no suspect identified,
11b47300d887446804b2bcd0f351921f2a8677cac8a66a43c1f0322ff785d209,2022-06,Cambridgeshire Constabulary,Cambridgeshire Constabulary,0.003949,52.386249,On or near Harvey Drive,E01018197,Huntingdonshire 006B,Violence and sexual offences,Status update unavailable,
4d59ec1d0bfc9cd9a4463faf0ea33ffdab89289d551fc5607b7e8f2c509b8b80,2022-06,Cambridgeshire Constabulary,Cambridgeshire Constabulary,0.003578,52.382263,On or near Windsor Gardens,E01018197,Huntingdonshire 006B,Violence and sexual offences,Unable to prosecute suspect,
,2022-06,Cambridgeshire Constabulary,Cambridgeshire Constabulary,0.000071,52.388221,On or near Squires Close,E01018198,Huntingdonshire 006C,Anti-social behaviour,,
00366d2bffe3e2f168429d7f9cb66399c3809f2597c883977a35fa8d4b46cfb8,2022-06,Cambridgeshire Constabulary,Cambridgeshire Constabulary,0.005968,52.380847,On or near Station Approach,E01018198,Huntingdonshire 006C,Criminal damage and arson,Status update unavailable,
316179ed8c621a7c99d8084ae9bd5c94ac9bdc995fbf3ac1db7b6023bc1a5bc0,2022-06,Cambridgeshire Constabulary,Cambridgeshire Constabulary,0.002067,52.388493,On or near Locksgate,E01018198,Huntingdonshire 006C,Possession of weapons,Offender given a caution,
24fac8712828a5f887139467bd852bce1a9349f799376b2b5fe5a866332605c5,2022-06,Cambridgeshire Constabulary,Cambridgeshire Constabulary,0.001445,52.380267,On or near Cranfield Place,E01018198,Huntingdonshire 006C,Public order,Unable to prosecute suspect,
8745b2f00d9160b7a9202bc7c99af8879d8796aea5f645ce646a277e0552bc3b,2022-06,Cambridgeshire Constabulary,Cambridgeshire Constabulary,-0.003347,52.383801,On or near White Hall Close,E01018198,Huntingdonshire 006C,Violence and sexual offences,Local resolution,
,2022-06,Cambridgeshire Constabulary,Cambridgeshire Constabulary,0.018165,52.364787,On or near Osier Holt,E01018199,Huntingdonshire 006D,Anti-social behaviour,,
,2022-06,Cambridgeshire Constabulary,Cambridgeshire Constabulary,0.012033,52.360747,On or near Colne Road,E01018199,Huntingdonshire 006D,Anti-social behaviour,,
0fb45bfa627e71fabc7503d67017846275292148d05ce7678f18ac155bdd5a53,2022-06,Cambridgeshire Constabulary,Cambridgeshire Constabulary,0.011552,52.362113,On or near Home Farm Close,E01018199,Huntingdonshire 006D,Burglary,Investigation complete; no suspect identified,
,2022-06,Cambridgeshire Constabulary,Cambridgeshire Constabulary,-0.150334,52.370404,On or near Ramsey Road,E01018206,Huntingdonshire 006E,Anti-social behaviour,,
495a624acdfbf966eee0aeb0a9de5d3a489caa245445eb79f0856330ab4fd4cc,2022-06,Cambridgeshire Constabulary,Cambridgeshire Constabulary,-0.150334,52.370404,On or near Ramsey Road,E01018206,Huntingdonshire 006E,Burglary,Court result unavailable,
67ac3d8a0487781845910b547d993851e4c29500cb1b336ad3bfcf3dbbe4b8ae,2022-06,Cambridgeshire Constabulary,Cambridgeshire Constabulary,-0.150334,52.370404,On or near Ramsey Road,E01018206,Huntingdonshire 006E,Criminal damage and arson,Status update unavailable,
566c19549e4e740b5188c89c09c95425207e7613622dfc4949f9bfb3d870d6c9,2022-06,Cambridgeshire Constabulary,Cambridgeshire Constabulary,-0.150334,52.370404,On or near Ramsey Road,E01018206,Huntingdonshire 006E,Criminal damage and arson,Status update unavailable,
73f69fb59caef00eff94fb161fb112b894168f8167e7004b9a03eeedee5022c7,2022-06,Cambridgeshire Constabulary,Cambridgeshire Constabulary,-0.115707,52.343926,On or near Chester Road,E01018206,Huntingdonshire 006E,Criminal damage and arson,Investigation complete; no suspect identified,
78bdc21fac7af89f1da2a981d556c6f8a5055a165726eb4b5877a6b58d1dae3e,2022-06,Cambridgeshire Constabulary,Cambridgeshire Constabulary,-0.150334,52.370404,On or near Ramsey Road,E01018206,Huntingdonshire 006E,Criminal damage and arson,Status update unavailable,
1f856e487a6b6fcb977a25e1550af84b491334ec3df77f1dca1d9e06a8f049f1,2022-06,Cambridgeshire Constabulary,Cambridgeshire Constabulary,-0.150334,52.370404,On or near Ramsey Road,E01018206,Huntingdonshire 006E,Criminal damage and arson,Status update unavailable,
bdbff915061b89ad65f98ca21328855807b4525593801b06e8d5fcf1fd667c71,2022-06,Cambridgeshire Constabulary,Cambridgeshire Constabulary,-0.150334,52.370404,On or near Ramsey Road,E01018206,Huntingdonshire 006E,Criminal damage and arson,Status update unavailable,
f35f627f68643c57d366e6186a8d11bd9001236ceb019efb0c046fea6cb35b61,2022-06,Cambridgeshire Constabulary,Cambridgeshire Constabulary,-0.150334,52.370404,On or near Ramsey Road,E01018206,Huntingdonshire 006E,Criminal damage and arson,Unable to prosecute suspect,
4c0764ba0c4b3c9dabef660c8f5719fea9c77711e87f06fa1b29ac9ba1b97fd8,2022-06,Cambridgeshire Constabulary,Cambridgeshire Constabulary,-0.150334,52.370404,On or near Ramsey Road,E01018206,Huntingdonshire 006E,Criminal damage and arson,Status update unavailable,
ed820f85091c243e435bdb15d984e962b78a18c0edb9900eed2042efaaf79cd9,2022-06,Cambridgeshire Constabulary,Cambridgeshire Constabulary,-0.150334,52.370404,On or near Ramsey Road,E01018206,Huntingdonshire 006E,Criminal damage and arson,Status update unavailable,
a5b052abb8ae6381e680de33cc83d28fa66a6bf9c439a642fffdb62a40303c72,2022-06,Cambridgeshire Constabulary,Cambridgeshire Constabulary,-0.114206,52.342967,On or near Dorchester Way,E01018206,Huntingdonshire 006E,Drugs,Local resolution,
be339bb1abad28c1c1f6e163a34fe0aaa1577fa5b99f2e4f16512de031a79263,2022-06,Cambridgeshire Constabulary,Cambridgeshire Constabulary,-0.124915,52.352174,On or near Parking Area,E01018206,Huntingdonshire 006E,Public order,Unable to prosecute suspect,
d04c4735d74f1cced1ee0fe1ca7c62a53a9b5f3adc7c1e5ac539c7f8c313922e,2022-06,Cambridgeshire Constabulary,Cambridgeshire Constabulary,-0.150334,52.370404,On or near Ramsey Road,E01018206,Huntingdonshire 006E,Public order,Investigation complete; no suspect identified,
1d681396b323fe4c60fc11417c1bd8bd64be788031a984493c6d35ac885d9853,2022-06,Cambridgeshire Constabulary,Cambridgeshire Constabulary,-0.150334,52.370404,On or near Ramsey Road,E01018206,Huntingdonshire 006E,Vehicle crime,Unable to prosecute suspect,
8344f8ff38d9e3720ad8af1078979111e58b5808e091f0906eda4d122a480e44,2022-06,Cambridgeshire Constabulary,Cambridgeshire Constabulary,-0.124915,52.352174,On or near Parking Area,E01018206,Huntingdonshire 006E,Violence and sexual offences,Investigation complete; no suspect identified,
f93d4009e0dcc176e24a1617a23e8396226fab0bdc4074b167013fca77ffaef8,2022-06,Cambridgeshire Constabulary,Cambridgeshire Constabulary,-0.116110,52.352744,On or near Hawk Drive,E01018206,Huntingdonshire 006E,Violence and sexual offences,Unable to prosecute suspect,
9e21f33bb41a8f82d721a5e15653cd685b1264c38195690be04c84360b1c81fa,2022-06,Cambridgeshire Constabulary,Cambridgeshire Constabulary,-0.150334,52.370404,On or near Ramsey Road,E01018206,Huntingdonshire 006E,Violence and sexual offences,Investigation complete; no suspect identified,
497e2b3ba5d0d784db0a9fad4ea93bd0c7820a21a03632d8f5d677c34e4e8ae7,2022-06,Cambridgeshire Constabulary,Cambridgeshire Constabulary,-0.150334,52.370404,On or near Ramsey Road,E01018206,Huntingdonshire 006E,Violence and sexual offences,Unable to prosecute suspect,
6f466931319dcf6fee2ea68c319a0b5c281ec140b18b7a23b15784e48f49c793,2022-06,Cambridgeshire Constabulary,Cambridgeshire Constabulary,-0.150334,52.370404,On or near Ramsey Road,E01018206,Huntingdonshire 006E,Violence and sexual offences,Unable to prosecute suspect,
1b82f45f8d5b4dbec36588f5845d07ad702cb6a56a4acb3a838b9fe19a1b1034,2022-06,Cambridgeshire Constabulary,Cambridgeshire Constabulary,-0.150334,52.370404,On or near Ramsey Road,E01018206,Huntingdonshire 006E,Violence and sexual offences,Unable to prosecute suspect,
6db0d15b67b7cd443d57e2c4de780e63c73bb913685801f27cf8fadfbbe8520d,2022-06,Cambridgeshire Constabulary,Cambridgeshire Constabulary,-0.115707,52.343926,On or near Chester Road,E01018206,Huntingdonshire 006E,Violence and sexual offences,Offender given a caution,
e14688edd0ea8111c7b3484e4964afc4f21334477d04d77e655f16647142600b,2022-06,Cambridgeshire Constabulary,Cambridgeshire Constabulary,-0.150334,52.370404,On or near Ramsey Road,E01018206,Huntingdonshire 006E,Violence and sexual offences,Unable to prosecute suspect,
f92a313425f3e3b3e15e24b3fae6c64457f0a6c45f3184b75b78734d7fa43248,2022-06,Cambridgeshire Constabulary,Cambridgeshire Constabulary,-0.154617,52.425867,On or near Helens Close,E01018207,Huntingdonshire 006F,Criminal damage and arson,Investigation complete; no suspect identified,
77f1f5161090aab37410a3dd0160295a7c5c9542c1927e98603d7e93cb06347a,2022-06,Cambridgeshire Constabulary,Cambridgeshire Constabulary,-0.235941,52.433141,On or near Park/Open Space,E01018207,Huntingdonshire 006F,Criminal damage and arson,Investigation complete; no suspect identified,
644209533f8aa1115b775e56ea750518b6f39c83dd9d91d5c50cd744c4990247,2022-06,Cambridgeshire Constabulary,Cambridgeshire Constabulary,-0.151225,52.423988,On or near Meadow Road,E01018207,Huntingdonshire 006F,Vehicle crime,Unable to prosecute suspect,
,2022-06,Cambridgeshire Constabulary,Cambridgeshire Constabulary,-0.029344,52.330603,On or near Senes Calls,E01018121,Huntingdonshire 007A,Anti-social behaviour,,
382253d59bc7bc6e00c9e49625a021a884ec8ef41b7a647fc4497cdc3e445a55,2022-06,Cambridgeshire Constabulary,Cambridgeshire Constabulary,-0.060071,52.332407,On or near Stocks Bridge Way,E01018121,Huntingdonshire 007A,Other theft,Investigation complete; no suspect identified,
9b1bbe9d25fa3d632d8ff83c2e8c89518db10e787f7cd4d405d4bdbeeb6fc7db,2022-06,Cambridgeshire Constabulary,Cambridgeshire Constabulary,-0.060071,52.332407,On or near Stocks Bridge Way,E01018121,Huntingdonshire 007A,Other theft,Investigation complete; no suspect identified,
c1efdc3f39911b822f2caad48c168af59440b8f5d0b343712d3df2009a792a8a,2022-06,Cambridgeshire Constabulary,Cambridgeshire Constabulary,-0.060071,52.332407,On or near Stocks Bridge Way,E01018121,Huntingdonshire 007A,Possession of weapons,Offender given a caution,
00200e9fd507cf8a8dcd45aac7779a73152ebf8f6bcce2b5db09bf4c8f481fca,2022-06,Cambridgeshire Constabulary,Cambridgeshire Constabulary,-0.058551,52.327913,On or near Parsons Green,E01018121,Huntingdonshire 007A,Shoplifting,Investigation complete; no suspect identified,
6d7c68fc744734bf1c8eec505d9fa1ead766de4f56e7aa7d4243c8319aa4d06a,2022-06,Cambridgeshire Constabulary,Cambridgeshire Constabulary,-0.058551,52.327913,On or near Parsons Green,E01018121,Huntingdonshire 007A,Shoplifting,Investigation complete; no suspect identified,
81cd417650bf229eccc30dd6ab8cb0dc87da5c2f4e483ddd7107684baa1bc7e7,2022-06,Cambridgeshire Constabulary,Cambridgeshire Constabulary,-0.060071,52.332407,On or near Stocks Bridge Way,E01018121,Huntingdonshire 007A,Theft from the person,Investigation complete; no suspect identified,
62394083e69443fe4815af8d3302dffc065d791ca4ed888a84670ed15713ab6e,2022-06,Cambridgeshire Constabulary,Cambridgeshire Constabulary,-0.054188,52.329010,On or near Park/Open Space,E01018121,Huntingdonshire 007A,Violence and sexual offences,Investigation complete; no suspect identified,
932b0e76c0a1224162ea6caaa3dba2ee1a65eaed7e663c117cb954eef1825225,2022-06,Cambridgeshire Constabulary,Cambridgeshire Constabulary,-0.036695,52.317391,On or near Holywell Front,E01018121,Huntingdonshire 007A,Violence and sexual offences,Unable to prosecute suspect,
8023f313833be7e857e39f49a6ef0587a71b815e482b1f4ca6be80a28c88deef,2022-06,Cambridgeshire Constabulary,Cambridgeshire Constabulary,-0.060071,52.332407,On or near Stocks Bridge Way,E01018121,Huntingdonshire 007A,Violence and sexual offences,Unable to prosecute suspect,
e4a3a474539353671c870d452f4395de06863fde34231fc6292a9e3c350801a5,2022-06,Cambridgeshire Constabulary,Cambridgeshire Constabulary,-0.037123,52.330598,On or near Pound Hill Close,E01018121,Huntingdonshire 007A,Violence and sexual offences,Investigation complete; no suspect identified,
c3c849e9d94f3e316b1894c5bb739a0fc0dbffb4f73053d1ec68b5cc54f739d9,2022-06,Cambridgeshire Constabulary,Cambridgeshire Constabulary,-0.054188,52.329010,On or near Park/Open Space,E01018121,Huntingdonshire 007A,Violence and sexual offences,Investigation complete; no suspect identified,
6f41c4a9eab69f5b1a6ff4ba25425acb24c79bb362c084653129cf8ad4fd4da9,2022-06,Cambridgeshire Constabulary,Cambridgeshire Constabulary,-0.058551,52.327913,On or near Parsons Green,E01018121,Huntingdonshire 007A,Violence and sexual offences,Investigation complete; no suspect identified,
aa88dd0f9e04b58093ab40f148e64dc4d443398099f24e100e473e39c70a4ac7,2022-06,Cambridgeshire Constabulary,Cambridgeshire Constabulary,-0.026532,52.333434,On or near Bedford Close,E01018121,Huntingdonshire 007A,Violence and sexual offences,Investigation complete; no suspect identified,
c11b7a968432d1027945f14bec5c789bbc3b2eb5149b20ccdb1260e7136a1b70,2022-06,Cambridgeshire Constabulary,Cambridgeshire Constabulary,0.036602,52.354643,On or near Bridge End,E01018123,Huntingdonshire 007C,Burglary,Unable to prosecute suspect,
dfe10c4ef95eeae18fbe674b49410495464e47ed7b759ec813722888d3435703,2022-06,Cambridgeshire Constabulary,Cambridgeshire Constabulary,0.036602,52.354643,On or near Bridge End,E01018123,Huntingdonshire 007C,Violence and sexual offences,Unable to prosecute suspect,
9a145f6a123f018bef821c4ff839be6803d1f78e79a9265f1d2d000f77766fce,2022-06,Cambridgeshire Constabulary,Cambridgeshire Constabulary,-0.015747,52.355669,On or near Bluntisham Heath Road,E01018124,Huntingdonshire 007D,Criminal damage and arson,Unable to prosecute suspect,
31ca1250c41034a05a42ed6308509e37f901f7862f266c02f215583f8f561698,2022-06,Cambridgeshire Constabulary,Cambridgeshire Constabulary,0.012529,52.351936,On or near Parking Area,E01018124,Huntingdonshire 007D,Other theft,Unable to prosecute suspect,
cea76822c3eee425431283bb622498b37a5cf97ff597924d65f4483dfea1a91f,2022-06,Cambridgeshire Constabulary,Cambridgeshire Constabulary,0.012551,52.354696,On or near Mill Lane,E01018124,Huntingdonshire 007D,Other theft,Investigation complete; no suspect identified,
f7e1922b6298260e72c23e0db1e1a3b7913cc7d3a3f7f64a9eccbe6f92a0f467,2022-06,Cambridgeshire Constabulary,Cambridgeshire Constabulary,0.010682,52.356220,On or near Sumerling Way,E01018124,Huntingdonshire 007D,Other theft,Investigation complete; no suspect identified,
48185c7ed8cebde06e441cccfd49938fbe0f80ebf2fc109c2f1baaa51d45d573,2022-06,Cambridgeshire Constabulary,Cambridgeshire Constabulary,0.012551,52.354696,On or near Mill Lane,E01018124,Huntingdonshire 007D,Public order,Status update unavailable,
49999081c0bb8a2f47b3ab3686608445f3047c13a380d525d0b5da1b85246086,2022-06,Cambridgeshire Constabulary,Cambridgeshire Constabulary,0.012529,52.351936,On or near Parking Area,E01018124,Huntingdonshire 007D,Violence and sexual offences,Unable to prosecute suspect,
b25c56c451d9fe04c14e1861845c4b0b3fb94d0d45e44e40ce07d03f71bc5467,2022-06,Cambridgeshire Constabulary,Cambridgeshire Constabulary,0.008865,52.351459,On or near Glebe Close,E01018124,Huntingdonshire 007D,Violence and sexual offences,Investigation complete; no suspect identified,
,2022-06,Cambridgeshire Constabulary,Cambridgeshire Constabulary,-0.179808,52.335589,On or near Horse Common Lane,E01018143,Huntingdonshire 008A,Anti-social behaviour,,
977c14e2fd5ad2abbfb5515f43ec6763a73e1b314b6be737ba5d564541d26b8c,2022-06,Cambridgeshire Constabulary,Cambridgeshire Constabulary,-0.179808,52.335589,On or near Horse Common Lane,E01018143,Huntingdonshire 008A,Bicycle theft,Investigation complete; no suspect identified,
51484babf3209ed18b582273764c7bba5e437a0cf3141f2dbcd6727229cd3e3d,2022-06,Cambridgeshire Constabulary,Cambridgeshire Constabulary,-0.179103,52.334526,On or near The Paddock,E01018143,Huntingdonshire 008A,Criminal damage and arson,Investigation complete; no suspect identified,
7ceb4ad6d731a4a46ea0a6c4925a0c64af9ae59013b45ea00e9fe61557d37d62,2022-06,Cambridgeshire Constabulary,Cambridgeshire Constabulary,-0.178729,52.334700,On or near Priory Lane,E01018143,Huntingdonshire 008A,Other theft,Status update unavailable,
014a03ba6996d302d623f63f4af135e50a7ad32e28d27a6c683b8872b4521e67,2022-06,Cambridgeshire Constabulary,Cambridgeshire Constabulary,-0.176545,52.336753,On or near Coxons Close,E01018143,Huntingdonshire 008A,Possession of weapons,Unable to prosecute suspect,
cb41ef9c68d2d35bbc6d6a4a645c4655953085cb63321a2e0772e58b88177aa2,2022-06,Cambridgeshire Constabulary,Cambridgeshire Constabulary,-0.176545,52.336753,On or near Coxons Close,E01018143,Huntingdonshire 008A,Public order,Unable to prosecute suspect,
a3b6d789c2a01a9236077b797498f208f2b42298c1d72cd3ae691caf7fc45d4f,2022-06,Cambridgeshire Constabulary,Cambridgeshire Constabulary,-0.180168,52.333599,On or near Hodson'S Drive,E01018143,Huntingdonshire 008A,Vehicle crime,Investigation complete; no suspect identified,
90e1d1f8f81287f1d477c726f179a2a36b8d437c9bc7fb28dd1bf9311efabebc,2022-06,Cambridgeshire Constabulary,Cambridgeshire Constabulary,-0.179049,52.335470,On or near Springfield,E01018143,Huntingdonshire 008A,Vehicle crime,Investigation complete; no suspect identified,
5bfc5fe1c5e0b0417d32130a4c6f492f64879c135aca779a58e4b5df2b7c73d6,2022-06,Cambridgeshire Constabulary,Cambridgeshire Constabulary,-0.178105,52.338440,On or near Further/Higher Educational Building,E01018143,Huntingdonshire 008A,Violence and sexual offences,Unable to prosecute suspect,
f60d31cd1d1d8cbe00c836f24cca1f0f8090c1c057fa12c8e6226a5f5256675c,2022-06,Cambridgeshire Constabulary,Cambridgeshire Constabulary,-0.181224,52.335045,On or near Ambury Hill,E01018143,Huntingdonshire 008A,Violence and sexual offences,Unable to prosecute suspect,
,2022-06,Cambridgeshire Constabulary,Cambridgeshire Constabulary,-0.171851,52.341670,On or near Thongsley,E01018144,Huntingdonshire 008B,Anti-social behaviour,,
,2022-06,Cambridgeshire Constabulary,Cambridgeshire Constabulary,-0.175317,52.343423,On or near Coneygear Court,E01018144,Huntingdonshire 008B,Anti-social behaviour,,
,2022-06,Cambridgeshire Constabulary,Cambridgeshire Constabulary,-0.175317,52.343423,On or near Coneygear Court,E01018144,Huntingdonshire 008B,Anti-social behaviour,,
0a78aae7bb70fa3382502de0b871dd190461d660554d7ad96368377be72e8f79,2022-06,Cambridgeshire Constabulary,Cambridgeshire Constabulary,-0.175317,52.343423,On or near Coneygear Court,E01018144,Huntingdonshire 008B,Criminal damage and arson,Investigation complete; no suspect identified,
aae9af49ec2110adf7840b94743a1809d92714ca7af8d31687ba56c964968f87,2022-06,Cambridgeshire Constabulary,Cambridgeshire Constabulary,-0.175317,52.343423,On or near Coneygear Court,E01018144,Huntingdonshire 008B,Drugs,Court result unavailable,
7ed1ae30b3f537fee80f3f60649d565c4794f195b2a35f4fcc3e8f663f2d1359,2022-06,Cambridgeshire Constabulary,Cambridgeshire Constabulary,-0.172112,52.338905,On or near Byron Close,E01018144,Huntingdonshire 008B,Public order,Unable to prosecute suspect,
5dce519732d4dfcd4e348255551bdfae7be8001ad4da5e7790d619a6dd4b47ee,2022-06,Cambridgeshire Constabulary,Cambridgeshire Constabulary,-0.172112,52.338905,On or near Byron Close,E01018144,Huntingdonshire 008B,Public order,Unable to prosecute suspect,
f55c25043667afb7fe48455cbb55de5622f66cfb950daf6010f58fa26bb05c19,2022-06,Cambridgeshire Constabulary,Cambridgeshire Constabulary,-0.172112,52.338905,On or near Byron Close,E01018144,Huntingdonshire 008B,Violence and sexual offences,Unable to prosecute suspect,
6c0cef59182310a8fda22d7df371385bcb90e823b05ed529d8a29f802a36f824,2022-06,Cambridgeshire Constabulary,Cambridgeshire Constabulary,-0.170663,52.339152,On or near Martin Luther King Close,E01018144,Huntingdonshire 008B,Violence and sexual offences,Unable to prosecute suspect,
6f0a7688a5278ea6cc514c7909bf4aa963bbfa1e4780a21483e9b9c6ddb02888,2022-06,Cambridgeshire Constabulary,Cambridgeshire Constabulary,-0.175317,52.343423,On or near Coneygear Court,E01018144,Huntingdonshire 008B,Violence and sexual offences,Unable to prosecute suspect,
c767f3965f157405d21b1a2e465120c6668c4659554092b1fff123947cffe3fb,2022-06,Cambridgeshire Constabulary,Cambridgeshire Constabulary,-0.172837,52.339474,On or near Tennyson Close,E01018144,Huntingdonshire 008B,Violence and sexual offences,Unable to prosecute suspect,
a88edd44e4c6ca12adc91463a6f551fb386db683770c9a9d09d82c5d3756eeee,2022-06,Cambridgeshire Constabulary,Cambridgeshire Constabulary,-0.170663,52.339152,On or near Martin Luther King Close,E01018144,Huntingdonshire 008B,Violence and sexual offences,Unable to prosecute suspect,
108a946fa572931022c96e4f7a071251c6ac85b4c9dd5b8fbde876c6741386ea,2022-06,Cambridgeshire Constabulary,Cambridgeshire Constabulary,-0.170453,52.340336,On or near The Whaddons,E01018144,Huntingdonshire 008B,Violence and sexual offences,Local resolution,
cf0f904d2333f57a225c022d86ba76e2f2ac9dcd052cc7506c694e33b9ba40ff,2022-06,Cambridgeshire Constabulary,Cambridgeshire Constabulary,-0.175317,52.343423,On or near Coneygear Court,E01018144,Huntingdonshire 008B,Violence and sexual offences,Unable to prosecute suspect,
,2022-06,Cambridgeshire Constabulary,Cambridgeshire Constabulary,-0.180741,52.342167,On or near Supermarket,E01018145,Huntingdonshire 008C,Anti-social behaviour,,
,2022-06,Cambridgeshire Constabulary,Cambridgeshire Constabulary,-0.184680,52.343127,On or near St Peter'S Road,E01018145,Huntingdonshire 008C,Anti-social behaviour,,
,2022-06,Cambridgeshire Constabulary,Cambridgeshire Constabulary,-0.185719,52.345364,On or near Windover Road,E01018145,Huntingdonshire 008C,Anti-social behaviour,,
,2022-06,Cambridgeshire Constabulary,Cambridgeshire Constabulary,-0.180650,52.340808,On or near Saunders Close,E01018145,Huntingdonshire 008C,Anti-social behaviour,,
e370cd915d2c115ae6e1e76c788b43001b91b7db69d31ca6d054c919305809e8,2022-06,Cambridgeshire Constabulary,Cambridgeshire Constabulary,-0.185719,52.345364,On or near Windover Road,E01018145,Huntingdonshire 008C,Burglary,Investigation complete; no suspect identified,
372a3b2cb3ff1c57c934a801dfeaf4b7015607d878ea128c94cfbe64db966e34,2022-06,Cambridgeshire Constabulary,Cambridgeshire Constabulary,-0.181028,52.339483,On or near Bernard Close,E01018145,Huntingdonshire 008C,Criminal damage and arson,Unable to prosecute suspect,
b36dd28a4ef266365ddd5c9916ec22f7a8d67660207f3e05330fd99dd467f3d8,2022-06,Cambridgeshire Constabulary,Cambridgeshire Constabulary,-0.180234,52.341647,On or near Elm Close,E01018145,Huntingdonshire 008C,Drugs,Offender given a caution,
6d118e2be2b09ca74b8c55fbdc52130130154c37c6010a42f7e581a5733e8353,2022-06,Cambridgeshire Constabulary,Cambridgeshire Constabulary,-0.179118,52.339517,On or near Maule Close,E01018145,Huntingdonshire 008C,Drugs,Formal action is not in the public interest,
7af747780a0780bcd50d8e1a497bdf5ebdb07ac50342c457e149c29c0580532b,2022-06,Cambridgeshire Constabulary,Cambridgeshire Constabulary,-0.180234,52.341647,On or near Elm Close,E01018145,Huntingdonshire 008C,Drugs,Local resolution,
8997f22bfa1ceab51c6026a88b8eab3354778370b78636f1c4b49e696e1ef39a,2022-06,Cambridgeshire Constabulary,Cambridgeshire Constabulary,-0.181028,52.339483,On or near Bernard Close,E01018145,Huntingdonshire 008C,Public order,Unable to prosecute suspect,
f3a76e6034ec5b370c5adae44c4514c84703a944cb0a7bed4b115b2692362e94,2022-06,Cambridgeshire Constabulary,Cambridgeshire Constabulary,-0.181028,52.339483,On or near Bernard Close,E01018145,Huntingdonshire 008C,Public order,Unable to prosecute suspect,
42bb3a95a2548d3c866cacd0e9d731c41ca8ddc1f140f77f92f15f04a6b86b9f,2022-06,Cambridgeshire Constabulary,Cambridgeshire Constabulary,-0.181028,52.339483,On or near Bernard Close,E01018145,Huntingdonshire 008C,Public order,Unable to prosecute suspect,
1ac805b8bafcbee384f977dc7f34fda2d6db244b9ef68068fac8d23a0f0eeeb3,2022-06,Cambridgeshire Constabulary,Cambridgeshire Constabulary,-0.181028,52.339483,On or near Bernard Close,E01018145,Huntingdonshire 008C,Public order,Unable to prosecute suspect,
e3fa778132eeee17e511c89194ecf5ceaa972a186112c39fdf41f13cc69962c7,2022-06,Cambridgeshire Constabulary,Cambridgeshire Constabulary,-0.181028,52.339483,On or near Bernard Close,E01018145,Huntingdonshire 008C,Violence and sexual offences,Status update unavailable,
ed3408937ed012e43815ea2939077266303cff4ba2005352750774de5da7b112,2022-06,Cambridgeshire Constabulary,Cambridgeshire Constabulary,-0.181028,52.339483,On or near Bernard Close,E01018145,Huntingdonshire 008C,Violence and sexual offences,Unable to prosecute suspect,
1a39231ea120fdf44e26830b3ed007ea20e1362c627260c6b1d40368c6c1bbe3,2022-06,Cambridgeshire Constabulary,Cambridgeshire Constabulary,-0.178234,52.340312,On or near Bradshaw Close,E01018145,Huntingdonshire 008C,Violence and sexual offences,Unable to prosecute suspect,
61aa6ad18536f67f209cdaa29a961568603bbaa9d554191d84f8c463482f12c3,2022-06,Cambridgeshire Constabulary,Cambridgeshire Constabulary,-0.180650,52.340808,On or near Saunders Close,E01018145,Huntingdonshire 008C,Violence and sexual offences,Unable to prosecute suspect,
960d5f3814bea974477d182f189757a8cf9a72bc40453764820e005b15f22522,2022-06,Cambridgeshire Constabulary,Cambridgeshire Constabulary,-0.177551,52.345499,On or near Maple Drive,E01018145,Huntingdonshire 008C,Violence and sexual offences,Unable to prosecute suspect,
cf707853670589b9140d45e66f89425f38413e317638a7209faaf0d904532265,2022-06,Cambridgeshire Constabulary,Cambridgeshire Constabulary,-0.180234,52.341647,On or near Elm Close,E01018145,Huntingdonshire 008C,Other crime,Status update unavailable,
8ad17baf5d6b154aa0162406d1ba393ebb510c78700bdcf90400a44cac3df98a,2022-06,Cambridgeshire Constabulary,Cambridgeshire Constabulary,-0.180234,52.341647,On or near Elm Close,E01018145,Huntingdonshire 008C,Other crime,Offender given a caution,
,2022-06,Cambridgeshire Constabulary,Cambridgeshire Constabulary,-0.183421,52.352728,On or near Shopping Area,E01018146,Huntingdonshire 008D,Anti-social behaviour,,
,2022-06,Cambridgeshire Constabulary,Cambridgeshire Constabulary,-0.183421,52.352728,On or near Shopping Area,E01018146,Huntingdonshire 008D,Anti-social behaviour,,
,2022-06,Cambridgeshire Constabulary,Cambridgeshire Constabulary,-0.177098,52.348666,On or near Kingston Close,E01018146,Huntingdonshire 008D,Anti-social behaviour,,
,2022-06,Cambridgeshire Constabulary,Cambridgeshire Constabulary,-0.174250,52.350438,On or near Parking Area,E01018146,Huntingdonshire 008D,Anti-social behaviour,,
93810046f22bd67d0453aef40c6d94ff1c836b238f0fae4ce3c8ba707afcd9d3,2022-06,Cambridgeshire Constabulary,Cambridgeshire Constabulary,-0.177841,52.347005,On or near Kent Road,E01018146,Huntingdonshire 008D,Criminal damage and arson,Investigation complete; no suspect identified,
7ce5849afb1813839b9d5f5660d0cc2e410313a7a71b467ae7985484be6847d1,2022-06,Cambridgeshire Constabulary,Cambridgeshire Constabulary,-0.177098,52.348666,On or near Kingston Close,E01018146,Huntingdonshire 008D,Criminal damage and arson,Court result unavailable,
0862778d72983b921f1c3b737ac514573f0e24f06e192238cfab8c8e11f8d1ec,2022-06,Cambridgeshire Constabulary,Cambridgeshire Constabulary,-0.178278,52.348891,On or near Surrey Road,E01018146,Huntingdonshire 008D,Drugs,Court result unavailable,
dd16acf0b543adf467a5c56982cd40ea00a91818a5931543e1921454b7381761,2022-06,Cambridgeshire Constabulary,Cambridgeshire Constabulary,-0.180055,52.352793,On or near Supermarket,E01018146,Huntingdonshire 008D,Other theft,Court result unavailable,
06928050ca636a5e5fa907bde986e72f1a1e4091e48fc2d29ca1b9172b20d8fe,2022-06,Cambridgeshire Constabulary,Cambridgeshire Constabulary,-0.177835,52.352157,On or near Howell Drive,E01018146,Huntingdonshire 008D,Public order,Unable to prosecute suspect,
ba8a4baed64faad7395c24447b731fb6f4b88c6a24688a08f1d31bc92a9b3820,2022-06,Cambridgeshire Constabulary,Cambridgeshire Constabulary,-0.179421,52.345357,On or near Sycamore Drive,E01018146,Huntingdonshire 008D,Public order,Unable to prosecute suspect,
b7b5c5ed6779f068ed82117539cac829030e3d10f6ec0a57bf3f1ddce890d6af,2022-06,Cambridgeshire Constabulary,Cambridgeshire Constabulary,-0.180055,52.352793,On or near Supermarket,E01018146,Huntingdonshire 008D,Shoplifting,Investigation complete; no suspect identified,
66eb1afa6a1969a10f8ecea123dc33d61e790c9be7a0648570ab2422d2fbb339,2022-06,Cambridgeshire Constabulary,Cambridgeshire Constabulary,-0.180055,52.352793,On or near Supermarket,E01018146,Huntingdonshire 008D,Shoplifting,Court result unavailable,
2c097a7920f71ffe739d76c86383f826d8bb85fdc866a1411988152202bdc014,2022-06,Cambridgeshire Constabulary,Cambridgeshire Constabulary,-0.180055,52.352793,On or near Supermarket,E01018146,Huntingdonshire 008D,Shoplifting,Investigation complete; no suspect identified,
5f6bbe6b399977a763e8a3c894e7741394a5a196902c38bd9d7031506e0d5cf5,2022-06,Cambridgeshire Constabulary,Cambridgeshire Constabulary,-0.180055,52.352793,On or near Supermarket,E01018146,Huntingdonshire 008D,Vehicle crime,Unable to prosecute suspect,
d760147bdd5f453b118eaa9f66ff23d952afe910aa312a800c03260ccf991bc3,2022-06,Cambridgeshire Constabulary,Cambridgeshire Constabulary,-0.175464,52.351958,On or near Collinson Crescent,E01018146,Huntingdonshire 008D,Violence and sexual offences,Unable to prosecute suspect,
5af6e161f258f7d6124d915d1795cb8095d3658fcbb5b244f7049600a620a501,2022-06,Cambridgeshire Constabulary,Cambridgeshire Constabulary,-0.179421,52.345357,On or near Sycamore Drive,E01018146,Huntingdonshire 008D,Violence and sexual offences,Status update unavailable,
a06fdf48847c3b3ff8739583d21b5a2b725cfd29d0dc367b68448d180b3a53ed,2022-06,Cambridgeshire Constabulary,Cambridgeshire Constabulary,-0.178278,52.348891,On or near Surrey Road,E01018146,Huntingdonshire 008D,Violence and sexual offences,Unable to prosecute suspect,
ddd8b38619cadf67565b83f350fa05e8fa0c5a43884d63a183d27d60630d8951,2022-06,Cambridgeshire Constabulary,Cambridgeshire Constabulary,-0.179421,52.345357,On or near Sycamore Drive,E01018146,Huntingdonshire 008D,Violence and sexual offences,Unable to prosecute suspect,
63ba556fd4d58f888b8e65480a0968332e75c406791294176ea99204d200ee70,2022-06,Cambridgeshire Constabulary,Cambridgeshire Constabulary,-0.170968,52.349542,On or near Beaumont Close,E01018146,Huntingdonshire 008D,Other crime,Status update unavailable,
31baaf3ef005ec353042baf889543eff62f8d8500b0ea068a112a56ecedae8b4,2022-06,Cambridgeshire Constabulary,Cambridgeshire Constabulary,-0.176709,52.345630,On or near Oak Drive,E01018147,Huntingdonshire 008E,Burglary,Investigation complete; no suspect identified,
a6f849985dc7d1a59669ca733ff26eb87525333a274e2ea0c5c870e8de2805c4,2022-06,Cambridgeshire Constabulary,Cambridgeshire Constabulary,-0.172226,52.343978,On or near St Barnabas Court,E01018147,Huntingdonshire 008E,Burglary,Investigation complete; no suspect identified,
7dea71b0387195d17d11276579a8d902c8721207d5d451735e369804a5dbd07c,2022-06,Cambridgeshire Constabulary,Cambridgeshire Constabulary,-0.169591,52.344504,On or near Gimber Court,E01018147,Huntingdonshire 008E,Public order,Unable to prosecute suspect,
65824e1ce563a84942b18e5eb9cb74af053b9c8326c1484f36484ee8af8dcea0,2022-06,Cambridgeshire Constabulary,Cambridgeshire Constabulary,-0.172545,52.344774,On or near Selby Court,E01018147,Huntingdonshire 008E,Violence and sexual offences,Investigation complete; no suspect identified,
5f3d0b6a55f6ea2ac064cf943bd963b6ed19ac015bda2ed0e587d41f7fedd487,2022-06,Cambridgeshire Constabulary,Cambridgeshire Constabulary,-0.176709,52.345630,On or near Oak Drive,E01018147,Huntingdonshire 008E,Violence and sexual offences,Unable to prosecute suspect,
9dee35e4207841134f418ff0caa3371333d2bf6acf3aff9b77dd582dfbd48553,2022-06,Cambridgeshire Constabulary,Cambridgeshire Constabulary,-0.173580,52.347802,On or near Norfolk Road,E01018147,Huntingdonshire 008E,Violence and sexual offences,Investigation complete; no suspect identified,
092c63b5fdf5b8bd5fd7a8e74e992641e554522b93eff1567e43c7660f578694,2022-06,Cambridgeshire Constabulary,Cambridgeshire Constabulary,-0.176709,52.345630,On or near Oak Drive,E01018147,Huntingdonshire 008E,Violence and sexual offences,Investigation complete; no suspect identified,
06c41cd82e61634e07799604f830ba97a1004734543446220359605aae6693c9,2022-06,Cambridgeshire Constabulary,Cambridgeshire Constabulary,-0.173580,52.347802,On or near Norfolk Road,E01018147,Huntingdonshire 008E,Violence and sexual offences,Status update unavailable,
4d869cad22068a88e639d78d20022f57be764d7bf959841bac7db7699fb4822a,2022-06,Cambridgeshire Constabulary,Cambridgeshire Constabulary,-0.173580,52.347802,On or near Norfolk Road,E01018147,Huntingdonshire 008E,Violence and sexual offences,Unable to prosecute suspect,
,2022-06,Cambridgeshire Constabulary,Cambridgeshire Constabulary,-0.166497,52.344420,On or near Pembroke Close,E01018139,Huntingdonshire 009A,Anti-social behaviour,,
1f99b79af9f5ba26846e319a91f35c69235ceef1f873c455bf61447f2b3cb83d,2022-06,Cambridgeshire Constabulary,Cambridgeshire Constabulary,-0.164241,52.345697,On or near Sapley Road,E01018139,Huntingdonshire 009A,Criminal damage and arson,Unable to prosecute suspect,
9cf26a3b1b100eb6926748afa45db53ad34d4b75095dc0d34924da2012dc90f5,2022-06,Cambridgeshire Constabulary,Cambridgeshire Constabulary,-0.166488,52.346748,On or near Florida Avenue,E01018139,Huntingdonshire 009A,Violence and sexual offences,Investigation complete; no suspect identified,
ce9a98c16ce5c396da9e41576cb0e19205773eee755b7722ef9168a55c57141b,2022-06,Cambridgeshire Constabulary,Cambridgeshire Constabulary,-0.165272,52.347404,On or near Wallace Court,E01018139,Huntingdonshire 009A,Violence and sexual offences,Unable to prosecute suspect,
3b0b2ece5b9bd9e18aeb4f711091ba4e41555f4473dd6ac5d8398b37ae0c73b9,2022-06,Cambridgeshire Constabulary,Cambridgeshire Constabulary,-0.169297,52.345920,On or near Thames Road,E01018139,Huntingdonshire 009A,Violence and sexual offences,Unable to prosecute suspect,
1d0f0a0315367a7c96778bfd5e04e07c519be8c4501acbb346ade7542d1d5e72,2022-06,Cambridgeshire Constabulary,Cambridgeshire Constabulary,-0.166488,52.346748,On or near Florida Avenue,E01018139,Huntingdonshire 009A,Violence and sexual offences,Unable to prosecute suspect,
e2f9e8f38e7b8ee9f79dbac7ccb1ab7930088e5a6bd54bbae742d1c45fe8f08a,2022-06,Cambridgeshire Constabulary,Cambridgeshire Constabulary,-0.160985,52.344217,On or near Osprey Close,E01018139,Huntingdonshire 009A,Violence and sexual offences,Unable to prosecute suspect,
85e37faa446a6bce6157e048a0e00291521d7cced7c53ac280310bfcc63c883e,2022-06,Cambridgeshire Constabulary,Cambridgeshire Constabulary,-0.164241,52.345697,On or near Sapley Road,E01018139,Huntingdonshire 009A,Violence and sexual offences,Unable to prosecute suspect,
b95834f15da470f7d0e709a8d859af8d902ddf3ac21ea8b8c948c42591673809,2022-06,Cambridgeshire Constabulary,Cambridgeshire Constabulary,-0.164241,52.345697,On or near Sapley Road,E01018139,Huntingdonshire 009A,Violence and sexual offences,Unable to prosecute suspect,
fbd89a17c275a3c3f2dd9a7de9918cda2d2f43d700d0de736dea854def4ff30a,2022-06,Cambridgeshire Constabulary,Cambridgeshire Constabulary,-0.167403,52.345576,On or near Maryland Avenue,E01018139,Huntingdonshire 009A,Other crime,Status update unavailable,
61ad8206778fc0f4272f529b96c7b936e97b23b8f3d05022d49c07d6702de0a1,2022-06,Cambridgeshire Constabulary,Cambridgeshire Constabulary,-0.160933,52.342993,On or near Barn Close,E01018139,Huntingdonshire 009A,Other crime,Status update unavailable,
6cdf9640406a74ce6e7d586034095aa8bcd26329fecbfa1bc3dc8abe35c8d7a0,2022-06,Cambridgeshire Constabulary,Cambridgeshire Constabulary,-0.164115,52.343079,On or near Clare Road,E01018140,Huntingdonshire 009B,Violence and sexual offences,Unable to prosecute suspect,
3d1aec26ac24aaa02e8aa458a9589ea775e8183786ef2b3a70032a8f9ef1e705,2022-06,Cambridgeshire Constabulary,Cambridgeshire Constabulary,-0.164115,52.343079,On or near Clare Road,E01018140,Huntingdonshire 009B,Violence and sexual offences,Unable to prosecute suspect,
f10dd2b1129137b3d646101455eecc0ab59d440ac9e546fba883dee90c91667d,2022-06,Cambridgeshire Constabulary,Cambridgeshire Constabulary,-0.158990,52.341695,On or near Hawk Drive,E01018141,Huntingdonshire 009C,Violence and sexual offences,Unable to prosecute suspect,
97d2a79455e6cdec2834765fdace589a22a4980ed605630c536c22f956fa417c,2022-06,Cambridgeshire Constabulary,Cambridgeshire Constabulary,-0.153712,52.340840,On or near Elizabeth Drive,E01018141,Huntingdonshire 009C,Violence and sexual offences,Investigation complete; no suspect identified,
9128d7d2153f9e216c6747234bbad52a1181d74845b81262361c1cf8a2fb90c9,2022-06,Cambridgeshire Constabulary,Cambridgeshire Constabulary,-0.156467,52.342708,On or near Sparrowhawk Way,E01018141,Huntingdonshire 009C,Violence and sexual offences,Action to be taken by another organisation,
a9eac9e471541651ff1b8b77d46a5350ae7cd20925628d9f98c27d56202b5484,2022-06,Cambridgeshire Constabulary,Cambridgeshire Constabulary,-0.157804,52.338098,On or near Main Street,E01018141,Huntingdonshire 009C,Violence and sexual offences,Unable to prosecute suspect,
,2022-06,Cambridgeshire Constabulary,Cambridgeshire Constabulary,-0.167237,52.336096,On or near Greenhart Grove,E01018142,Huntingdonshire 009D,Anti-social behaviour,,
b9d15474124d99f146f2203d9151aa0c1a80225dbe1405ec5d83c557ebe80da7,2022-06,Cambridgeshire Constabulary,Cambridgeshire Constabulary,-0.170016,52.337398,On or near Mayfield Crescent,E01018142,Huntingdonshire 009D,Burglary,Unable to prosecute suspect,
55e2a4a73d3746cae5e386422d5192c5b3e3828af26ac8b75b771860bbaebdbb,2022-06,Cambridgeshire Constabulary,Cambridgeshire Constabulary,-0.167237,52.336096,On or near Greenhart Grove,E01018142,Huntingdonshire 009D,Public order,Further action is not in the public interest,
75dd25e68939ac549e3552665e49e3e5bab5d74af13c1148940fda5c254f5d17,2022-06,Cambridgeshire Constabulary,Cambridgeshire Constabulary,-0.164536,52.338940,On or near Nightingale Close,E01018142,Huntingdonshire 009D,Vehicle crime,Investigation complete; no suspect identified,
ac0eecc79ffefa373d15b3d304416f62bba304a3f23519fe7df23de7e663d993,2022-06,Cambridgeshire Constabulary,Cambridgeshire Constabulary,-0.172550,52.335046,On or near Queens Drive,E01018142,Huntingdonshire 009D,Violence and sexual offences,Unable to prosecute suspect,
9cf59dcff5d4ab7450b739163af84952557032345837d550664b633222832e08,2022-06,Cambridgeshire Constabulary,Cambridgeshire Constabulary,-0.252025,52.349681,On or near A1,E01018113,Huntingdonshire 010B,Public order,Investigation complete; no suspect identified,
9418700777b1ea23382a8ee583c6cf19535d64bd5b9f2a2ea329d470d0874e5b,2022-06,Cambridgeshire Constabulary,Cambridgeshire Constabulary,-0.252025,52.349681,On or near A1,E01018113,Huntingdonshire 010B,Public order,Status update unavailable,
5389ceb6e19cb0ce722bc2ace6608308d750d6220cec251de9883a5caad9afc0,2022-06,Cambridgeshire Constabulary,Cambridgeshire Constabulary,-0.257512,52.364723,On or near Sharps Lane,E01018113,Huntingdonshire 010B,Public order,Status update unavailable,
,2022-06,Cambridgeshire Constabulary,Cambridgeshire Constabulary,-0.232844,52.312271,On or near Throckmorton Drive,E01018116,Huntingdonshire 010D,Anti-social behaviour,,
d5caf5f90aff0389224df7cb0bca8c75bf45e5967bd726561656d238df942f34,2022-06,Cambridgeshire Constabulary,Cambridgeshire Constabulary,-0.229298,52.313998,On or near Park Lane,E01018116,Huntingdonshire 010D,Criminal damage and arson,Investigation complete; no suspect identified,
fc0d15512fd4e9f1b5f5e6786349e1698f18f448519360172940cc6af4cfd0de,2022-06,Cambridgeshire Constabulary,Cambridgeshire Constabulary,-0.217845,52.322278,On or near Pepys Road,E01018116,Huntingdonshire 010D,Criminal damage and arson,Investigation complete; no suspect identified,
e6527d08ca6b0d0a0b687c0760bf7e2044a4a0ab35901dfeac3ba78872860e20,2022-06,Cambridgeshire Constabulary,Cambridgeshire Constabulary,-0.223065,52.324199,On or near Conference/Exhibition Centre,E01018116,Huntingdonshire 010D,Drugs,Offender given a caution,
985be15e4fda23fe3af2fe83a4029df9c3b4c8c94efb762fd7a091119980d464,2022-06,Cambridgeshire Constabulary,Cambridgeshire Constabulary,-0.223065,52.324199,On or near Conference/Exhibition Centre,E01018116,Huntingdonshire 010D,Drugs,Local resolution,
28168e7b15c9679ea8ceeb72a8d8f3bf5553ba086c0916485d6b194c54abf3b4,2022-06,Cambridgeshire Constabulary,Cambridgeshire Constabulary,-0.223065,52.324199,On or near Conference/Exhibition Centre,E01018116,Huntingdonshire 010D,Drugs,Local resolution,
2adae9c8a7342c5c2d85b7a41987735c9b14985dfdb26ff130f39b8338e8ea76,2022-06,Cambridgeshire Constabulary,Cambridgeshire Constabulary,-0.221327,52.321440,On or near Manor Close,E01018116,Huntingdonshire 010D,Violence and sexual offences,Unable to prosecute suspect,
4244905ef94ab57852a4e88c39ba2a46d99d5d08010b466284b5102dfd59f4be,2022-06,Cambridgeshire Constabulary,Cambridgeshire Constabulary,-0.232844,52.312271,On or near Throckmorton Drive,E01018116,Huntingdonshire 010D,Violence and sexual offences,Action to be taken by another organisation,
d73897ed1389bcbd4f9618781b08258efba892b46fc3b7c013302331fdfe5756,2022-06,Cambridgeshire Constabulary,Cambridgeshire Constabulary,-0.232844,52.312271,On or near Throckmorton Drive,E01018116,Huntingdonshire 010D,Violence and sexual offences,Investigation complete; no suspect identified,
16780fcbbda8b39fb0df38989f8cf4c10c320b3aa6a661b68e3187d3dcc8f66f,2022-06,Cambridgeshire Constabulary,Cambridgeshire Constabulary,-0.221327,52.321440,On or near Manor Close,E01018116,Huntingdonshire 010D,Violence and sexual offences,Unable to prosecute suspect,
4a06f2b384ec6a37a537ea77c95df3e9e00c0df85030df4a80659ab4a7efb797,2022-06,Cambridgeshire Constabulary,Cambridgeshire Constabulary,-0.226448,52.316662,On or near Central Avenue,E01018116,Huntingdonshire 010D,Violence and sexual offences,Unable to prosecute suspect,
3836e4fb65210b4e1852b59871895342780c287bd20238b0f7e4640e66ec91f3,2022-06,Cambridgeshire Constabulary,Cambridgeshire Constabulary,-0.230800,52.313112,On or near Acheson Road,E01018116,Huntingdonshire 010D,Violence and sexual offences,Unable to prosecute suspect,
108f75b1105d2ba3104ff7237e1e8f89cc26f7f99b83e1c4aafe069c357584ec,2022-06,Cambridgeshire Constabulary,Cambridgeshire Constabulary,-0.226448,52.316662,On or near Central Avenue,E01018116,Huntingdonshire 010D,Violence and sexual offences,Unable to prosecute suspect,
f5bce6d750cb3a0f16c3a61e612f32ddb4e750a1b1139adef2f64cbcdfe21578,2022-06,Cambridgeshire Constabulary,Cambridgeshire Constabulary,-0.223065,52.324199,On or near Conference/Exhibition Centre,E01018116,Huntingdonshire 010D,Violence and sexual offences,Court result unavailable,
bb787a10ae7db53093f41fe6c85136c5ece8bf07bbf46380f956de9c40bbb280,2022-06,Cambridgeshire Constabulary,Cambridgeshire Constabulary,-0.223065,52.324199,On or near Conference/Exhibition Centre,E01018116,Huntingdonshire 010D,Violence and sexual offences,Status update unavailable,
aa293ba0c7c2c5a06d243224e5b2cf814800d0219cd64cfe106cefcacf7f4e2a,2022-06,Cambridgeshire Constabulary,Cambridgeshire Constabulary,-0.232844,52.312271,On or near Throckmorton Drive,E01018116,Huntingdonshire 010D,Other crime,Action to be taken by another organisation,
3d206b32477eda4607f350b1cbbd659621e3c476ac8ee2b0bf09b394e2a8406d,2022-06,Cambridgeshire Constabulary,Cambridgeshire Constabulary,-0.216294,52.323252,On or near Bellfield,E01018117,Huntingdonshire 010E,Drugs,Formal action is not in the public interest,
2ecfa478113a95c0f6c7a95faaa7d1f43892ce5f8577fa9e31bc080334dac356,2022-06,Cambridgeshire Constabulary,Cambridgeshire Constabulary,-0.224814,52.317527,On or near North Road,E01018117,Huntingdonshire 010E,Public order,Unable to prosecute suspect,
65047aaac55efefad2820bbe69505248db218d481b4682b72aab49a8272b3916,2022-06,Cambridgeshire Constabulary,Cambridgeshire Constabulary,-0.212680,52.327747,On or near Park/Open Space,E01018117,Huntingdonshire 010E,Public order,Unable to prosecute suspect,
a19ef496bc5feb4cc2e6c9658659058990d5da3223848b7d392ca4947556cbe1,2022-06,Cambridgeshire Constabulary,Cambridgeshire Constabulary,-0.225259,52.322911,On or near Measures Yard,E01018117,Huntingdonshire 010E,Vehicle crime,Investigation complete; no suspect identified,
4f0ca4a0f55755894c9a1433c6c2652bf90cd90038f3085037096462128d1edd,2022-06,Cambridgeshire Constabulary,Cambridgeshire Constabulary,-0.226867,52.322701,On or near Croft Close,E01018117,Huntingdonshire 010E,Violence and sexual offences,Unable to prosecute suspect,
09711f83b15920abcc8a721ef60a4022081954048fdbb197fe5f9b6c9f5ec2f5,2022-06,Cambridgeshire Constabulary,Cambridgeshire Constabulary,-0.226867,52.322701,On or near Croft Close,E01018117,Huntingdonshire 010E,Violence and sexual offences,Unable to prosecute suspect,
1e2494b7c7ef6f43093060009b973acef0df74d3fc59ad929bd24bf90555f98d,2022-06,Cambridgeshire Constabulary,Cambridgeshire Constabulary,-0.230543,52.325094,On or near Evans Close,E01018117,Huntingdonshire 010E,Violence and sexual offences,Investigation complete; no suspect identified,
,2022-06,Cambridgeshire Constabulary,Cambridgeshire Constabulary,-0.241966,52.325282,On or near Hansell Road,E01018118,Huntingdonshire 010F,Anti-social behaviour,,
,2022-06,Cambridgeshire Constabulary,Cambridgeshire Constabulary,-0.241966,52.325282,On or near Hansell Road,E01018118,Huntingdonshire 010F,Anti-social behaviour,,
,2022-06,Cambridgeshire Constabulary,Cambridgeshire Constabulary,-0.237656,52.328131,On or near Ash Court,E01018118,Huntingdonshire 010F,Anti-social behaviour,,
16436806c09c6ab5a2fed7b92fc95d43c203a5b7e82d31bb9de52178f7d7ac42,2022-06,Cambridgeshire Constabulary,Cambridgeshire Constabulary,-0.244096,52.334135,On or near Park/Open Space,E01018118,Huntingdonshire 010F,Criminal damage and arson,Investigation complete; no suspect identified,
f147a1796d4539f748493db929d1bf8b7ef8aba80eb96f113f02dc15f6c46d02,2022-06,Cambridgeshire Constabulary,Cambridgeshire Constabulary,-0.241966,52.325282,On or near Hansell Road,E01018118,Huntingdonshire 010F,Criminal damage and arson,Investigation complete; no suspect identified,
c60f2604aac2eb94683c961e762c033bdca55c91aa9f1b3ac2452eb540433afa,2022-06,Cambridgeshire Constabulary,Cambridgeshire Constabulary,-0.241966,52.325282,On or near Hansell Road,E01018118,Huntingdonshire 010F,Criminal damage and arson,Investigation complete; no suspect identified,
a47e282308fc66eb9e0cf00e253cebf10219b898d690b600d01654f3e0946db9,2022-06,Cambridgeshire Constabulary,Cambridgeshire Constabulary,-0.265840,52.326445,On or near Park/Open Space,E01018118,Huntingdonshire 010F,Drugs,Offender given a caution,
beca364819cd69d621a6df952e608eb0c6f9152d0a79176f400e2790855301f8,2022-06,Cambridgeshire Constabulary,Cambridgeshire Constabulary,-0.265840,52.326445,On or near Park/Open Space,E01018118,Huntingdonshire 010F,Drugs,Offender given a caution,
d22377081f9a49b70c27df2711d646a41eb3bd465b9755c69005ea03adec79ac,2022-06,Cambridgeshire Constabulary,Cambridgeshire Constabulary,-0.239692,52.328971,On or near Wood View,E01018118,Huntingdonshire 010F,Public order,Unable to prosecute suspect,
97e40bc1053d1df964b80eb3509b1ae5b5c91a4aec50c9047dccec729b0b9f37,2022-06,Cambridgeshire Constabulary,Cambridgeshire Constabulary,-0.239059,52.324601,On or near West End,E01018118,Huntingdonshire 010F,Public order,Unable to prosecute suspect,
2614cca6661f46f7f25780b54faa63d9fd96cf6cada3b86d4fbbfd86e602b15c,2022-06,Cambridgeshire Constabulary,Cambridgeshire Constabulary,-0.244096,52.334135,On or near Park/Open Space,E01018118,Huntingdonshire 010F,Vehicle crime,Investigation complete; no suspect identified,
03a24be105b60f2d1b15f6e036e869e642aac4129775f74a13cc7cd14293f82f,2022-06,Cambridgeshire Constabulary,Cambridgeshire Constabulary,-0.241966,52.325282,On or near Hansell Road,E01018118,Huntingdonshire 010F,Violence and sexual offences,Offender given a caution,
,2022-06,Cambridgeshire Constabulary,Cambridgeshire Constabulary,-0.259143,52.368074,On or near Crown Gardens,E01033433,Huntingdonshire 010G,Anti-social behaviour,,
,2022-06,Cambridgeshire Constabulary,Cambridgeshire Constabulary,-0.241646,52.375179,On or near Airport/Airfield,E01033433,Huntingdonshire 010G,Anti-social behaviour,,
,2022-06,Cambridgeshire Constabulary,Cambridgeshire Constabulary,-0.256084,52.369648,On or near Bramble End,E01033433,Huntingdonshire 010G,Anti-social behaviour,,
,2022-06,Cambridgeshire Constabulary,Cambridgeshire Constabulary,-0.238953,52.371210,On or near Park/Open Space,E01033433,Huntingdonshire 010G,Anti-social behaviour,,
,2022-06,Cambridgeshire Constabulary,Cambridgeshire Constabulary,-0.255441,52.370699,On or near Manor Lane,E01033433,Huntingdonshire 010G,Anti-social behaviour,,
,2022-06,Cambridgeshire Constabulary,Cambridgeshire Constabulary,-0.241646,52.375179,On or near Airport/Airfield,E01033433,Huntingdonshire 010G,Anti-social behaviour,,
,2022-06,Cambridgeshire Constabulary,Cambridgeshire Constabulary,-0.241646,52.375179,On or near Airport/Airfield,E01033433,Huntingdonshire 010G,Anti-social behaviour,,
,2022-06,Cambridgeshire Constabulary,Cambridgeshire Constabulary,-0.241646,52.375179,On or near Airport/Airfield,E01033433,Huntingdonshire 010G,Anti-social behaviour,,
,2022-06,Cambridgeshire Constabulary,Cambridgeshire Constabulary,-0.259516,52.368664,On or near Bell Lane,E01033433,Huntingdonshire 010G,Anti-social behaviour,,
,2022-06,Cambridgeshire Constabulary,Cambridgeshire Constabulary,-0.241646,52.375179,On or near Airport/Airfield,E01033433,Huntingdonshire 010G,Anti-social behaviour,,
0c574f8d6dbe2e46ec32843a3a70a3b7d035d7b959b1969637ee77edf009958f,2022-06,Cambridgeshire Constabulary,Cambridgeshire Constabulary,-0.195279,52.347470,On or near Hurricane Close,E01033433,Huntingdonshire 010G,Burglary,Investigation complete; no suspect identified,
a9ad222b5325f1ccb6f38746e8e7925a11dca21867efc06bf25342e10e63643a,2022-06,Cambridgeshire Constabulary,Cambridgeshire Constabulary,-0.197930,52.346540,On or near Lancaster Way,E01033433,Huntingdonshire 010G,Burglary,Action to be taken by another organisation,
8bbc6568c1267ea6df65127527861fba99ad690138d37bea4755c91e212733cf,2022-06,Cambridgeshire Constabulary,Cambridgeshire Constabulary,-0.253188,52.369704,On or near Rusts Lane,E01033433,Huntingdonshire 010G,Criminal damage and arson,Unable to prosecute suspect,
22f1a39227119c6e26fe4909b4e85c96590938d1ab4dc572d8b09549b4c78ea4,2022-06,Cambridgeshire Constabulary,Cambridgeshire Constabulary,-0.241646,52.375179,On or near Airport/Airfield,E01033433,Huntingdonshire 010G,Other theft,Investigation complete; no suspect identified,
8d60281488c11952593327034e6ba6da6b1e5fa50d35da7c3aa584691891acd8,2022-06,Cambridgeshire Constabulary,Cambridgeshire Constabulary,-0.241646,52.375179,On or near Airport/Airfield,E01033433,Huntingdonshire 010G,Public order,Unable to prosecute suspect,
cf5ce08249b1a5af92f8c74a9b82e7df816b8f967a8882cb949b66a4f1a0243c,2022-06,Cambridgeshire Constabulary,Cambridgeshire Constabulary,-0.190718,52.348434,On or near Spittals Way,E01033433,Huntingdonshire 010G,Vehicle crime,Investigation complete; no suspect identified,
bd1e7137df46e488dad48b9abcafdcb316d00af34545873c398bfe77183f8b35,2022-06,Cambridgeshire Constabulary,Cambridgeshire Constabulary,-0.259143,52.368074,On or near Crown Gardens,E01033433,Huntingdonshire 010G,Violence and sexual offences,Action to be taken by another organisation,
3f29d45cf285db1567143cd68afee298eb611874d0a9184b8dd5fdf5cad7a7dc,2022-06,Cambridgeshire Constabulary,Cambridgeshire Constabulary,-0.259143,52.368074,On or near Crown Gardens,E01033433,Huntingdonshire 010G,Violence and sexual offences,Investigation complete; no suspect identified,
4f6fc00641cd40d6080a0775a0e56cde5252a3db13351627e4e5290a794847f8,2022-06,Cambridgeshire Constabulary,Cambridgeshire Constabulary,-0.225974,52.333288,On or near Parking Area,E01033433,Huntingdonshire 010G,Violence and sexual offences,Unable to prosecute suspect,
c8b3f7194900133f0cd13cc23b2aad66eedf57f5da3c6691df327cb0f1cb21dd,2022-06,Cambridgeshire Constabulary,Cambridgeshire Constabulary,-0.213621,52.356839,On or near Camoys Close,E01033433,Huntingdonshire 010G,Violence and sexual offences,Unable to prosecute suspect,
5831039c442cece06ce67cfb80c073570716a68b4898a7c1baeb8a9592b0af2f,2022-06,Cambridgeshire Constabulary,Cambridgeshire Constabulary,-0.259143,52.368074,On or near Crown Gardens,E01033433,Huntingdonshire 010G,Violence and sexual offences,Unable to prosecute suspect,
4ce4c0eae26bf66a987289506c29f5bb049356f43245d2930cf2e730dbdbbfdf,2022-06,Cambridgeshire Constabulary,Cambridgeshire Constabulary,-0.238953,52.371210,On or near Park/Open Space,E01033433,Huntingdonshire 010G,Violence and sexual offences,Unable to prosecute suspect,
8f9584bafbace53795ae9b4665b0e4bf7204cab2a84d6c7c500214d72b2f1b0b,2022-06,Cambridgeshire Constabulary,Cambridgeshire Constabulary,-0.229407,52.364180,On or near Mill Close,E01033433,Huntingdonshire 010G,Violence and sexual offences,Unable to prosecute suspect,
,2022-06,Cambridgeshire Constabulary,Cambridgeshire Constabulary,-0.083248,52.341543,On or near Heron Way,E01018161,Huntingdonshire 011A,Anti-social behaviour,,
7f990ba1bcf390ed5d5ca6d1bda621a2765a10db2e2a63432a0845abe523aa87,2022-06,Cambridgeshire Constabulary,Cambridgeshire Constabulary,-0.084358,52.342676,On or near Bittern Close,E01018161,Huntingdonshire 011A,Other theft,Unable to prosecute suspect,
0e27c79856dbcf4af566980b6f19b3bfb9722e588ecbc56be322419ee368be3c,2022-06,Cambridgeshire Constabulary,Cambridgeshire Constabulary,-0.074668,52.343040,On or near Monet Close,E01018162,Huntingdonshire 011B,Public order,Unable to prosecute suspect,
4f8909f61aa5f05ab266a0f7054d925b3ab16263b23e626cddb9dfbaad2d985f,2022-06,Cambridgeshire Constabulary,Cambridgeshire Constabulary,-0.075300,52.343023,On or near Constable Road,E01018162,Huntingdonshire 011B,Shoplifting,Investigation complete; no suspect identified,
fdb1900a8a62c590cef52aed85c684826ec33cfedf5a20e4e6133c3ca4c1ca55,2022-06,Cambridgeshire Constabulary,Cambridgeshire Constabulary,-0.075300,52.343023,On or near Constable Road,E01018162,Huntingdonshire 011B,Shoplifting,Investigation complete; no suspect identified,
,2022-06,Cambridgeshire Constabulary,Cambridgeshire Constabulary,-0.067621,52.340020,On or near Chelmer Close,E01018163,Huntingdonshire 011C,Anti-social behaviour,,
,2022-06,Cambridgeshire Constabulary,Cambridgeshire Constabulary,-0.067621,52.340020,On or near Chelmer Close,E01018163,Huntingdonshire 011C,Anti-social behaviour,,
8a6f48eee27fa91150491c05105e8db7847af682cd7262637f458cbabaee75a3,2022-06,Cambridgeshire Constabulary,Cambridgeshire Constabulary,-0.062818,52.337046,On or near Nuffield Road,E01018163,Huntingdonshire 011C,Burglary,Investigation complete; no suspect identified,
bd366303e69424a00ea3f79f3d5df830cc86be134af158807701ae923a83d47e,2022-06,Cambridgeshire Constabulary,Cambridgeshire Constabulary,-0.071582,52.339725,On or near Stour Close,E01018163,Huntingdonshire 011C,Criminal damage and arson,Unable to prosecute suspect,
faf00ff1905e6dae8767bcefb72e4dafaf81c21e33a47d006725c6f5b3590a29,2022-06,Cambridgeshire Constabulary,Cambridgeshire Constabulary,-0.071582,52.339725,On or near Stour Close,E01018163,Huntingdonshire 011C,Drugs,Status update unavailable,
3a90aa048b6f788931f217721853482b535af4591ed24c9271adc947bcfa099e,2022-06,Cambridgeshire Constabulary,Cambridgeshire Constabulary,-0.071582,52.339725,On or near Stour Close,E01018163,Huntingdonshire 011C,Drugs,Status update unavailable,
1faae04e6501834fc332aede4132d6f297e52f6b965dae0711ed963ae71bba6a,2022-06,Cambridgeshire Constabulary,Cambridgeshire Constabulary,-0.063959,52.333774,On or near Harding Way,E01018163,Huntingdonshire 011C,Vehicle crime,Investigation complete; no suspect identified,
ef68f2407c5160a13b04f54370c9c6652745de2da7e29311afa0a280e8cbea3c,2022-06,Cambridgeshire Constabulary,Cambridgeshire Constabulary,-0.069430,52.339591,On or near Granta Close,E01018163,Huntingdonshire 011C,Vehicle crime,Investigation complete; no suspect identified,
8b4f39e190acc77d6bef82ce0104b8329ca707d3f282a88120f2b966f34a5d48,2022-06,Cambridgeshire Constabulary,Cambridgeshire Constabulary,-0.069102,52.340054,On or near Waveney Road,E01018163,Huntingdonshire 011C,Violence and sexual offences,Investigation complete; no suspect identified,
a46f7587e5297e4a55484a8e356e0a0f5cdb212c8acda29f4a05b8df2a6e0b10,2022-06,Cambridgeshire Constabulary,Cambridgeshire Constabulary,-0.069475,52.340248,On or near Redmoor Close,E01018163,Huntingdonshire 011C,Violence and sexual offences,Unable to prosecute suspect,
5c9d46eedeeb721baf7336554a771f552566fa7b0dd9739c770d42ed54335ba6,2022-06,Cambridgeshire Constabulary,Cambridgeshire Constabulary,-0.067484,52.338436,On or near Derwent Close,E01018163,Huntingdonshire 011C,Violence and sexual offences,Unable to prosecute suspect,
6ab5582fc806f59f8c64f53641673f8ba64f60dc683f65ed5d7797421cfb47bb,2022-06,Cambridgeshire Constabulary,Cambridgeshire Constabulary,-0.071582,52.339725,On or near Stour Close,E01018163,Huntingdonshire 011C,Other crime,Status update unavailable,
,2022-06,Cambridgeshire Constabulary,Cambridgeshire Constabulary,-0.077796,52.335906,On or near Ramsey Road,E01018164,Huntingdonshire 011D,Anti-social behaviour,,
e72b3aa02d29a23c1d8e578ade5bdb8cd7e41952ea06c44f546481561633a34e,2022-06,Cambridgeshire Constabulary,Cambridgeshire Constabulary,-0.077796,52.335906,On or near Ramsey Road,E01018164,Huntingdonshire 011D,Public order,Investigation complete; no suspect identified,
b484f3c4fc59f585f0444f47fe909477a775fe0bec82e25599e3023fcd568fac,2022-06,Cambridgeshire Constabulary,Cambridgeshire Constabulary,-0.078747,52.339024,On or near Lincoln Avenue,E01018164,Huntingdonshire 011D,Violence and sexual offences,Status update unavailable,
effe3d3ad65dc979317dcaf3b5ba0a9cd40ec21e73f5546218fc2d796d637862,2022-06,Cambridgeshire Constabulary,Cambridgeshire Constabulary,-0.075249,52.340810,On or near Gainsborough Drive,E01018164,Huntingdonshire 011D,Violence and sexual offences,Unable to prosecute suspect,
8648e880f70c6a8d04109075fea3a8f898e6ca4a3d36c72924bc08eb9fd7c481,2022-06,Cambridgeshire Constabulary,Cambridgeshire Constabulary,-0.077200,52.336778,On or near Abbots Crescent,E01018164,Huntingdonshire 011D,Violence and sexual offences,Status update unavailable,
d43068fbeb8ad9750897fda79f5553137d0f7428857e487172f88aaa3b32e8b9,2022-06,Cambridgeshire Constabulary,Cambridgeshire Constabulary,-0.078747,52.339024,On or near Lincoln Avenue,E01018164,Huntingdonshire 011D,Violence and sexual offences,Unable to prosecute suspect,
67ac9961904f53511717a168485b3397834fa4c9fe92b1ff9a85a0351b7ae0b7,2022-06,Cambridgeshire Constabulary,Cambridgeshire Constabulary,-0.077200,52.336778,On or near Abbots Crescent,E01018164,Huntingdonshire 011D,Other crime,Investigation complete; no suspect identified,
,2022-06,Cambridgeshire Constabulary,Cambridgeshire Constabulary,-0.075904,52.334869,On or near Leger Close,E01018165,Huntingdonshire 011E,Anti-social behaviour,,
,2022-06,Cambridgeshire Constabulary,Cambridgeshire Constabulary,-0.070334,52.336360,On or near Ilex Road,E01018165,Huntingdonshire 011E,Anti-social behaviour,,
c9a74a4b60760eac950bbb4dea20d4b1f2dbe2694ec9aac4071c06309797274f,2022-06,Cambridgeshire Constabulary,Cambridgeshire Constabulary,-0.075904,52.334869,On or near Leger Close,E01018165,Huntingdonshire 011E,Violence and sexual offences,Offender given a caution,
06fa31f32f3505b4ee54e429eebf196dc070836175f085aa8ab37a13c8b41afc,2022-06,Cambridgeshire Constabulary,Cambridgeshire Constabulary,-0.074820,52.334815,On or near All Saints Green,E01018165,Huntingdonshire 011E,Violence and sexual offences,Investigation complete; no suspect identified,
8b3458d3a7c859ba1eb3c6eee355e450492fac0d7f516afb7e0d86188fcf48bf,2022-06,Cambridgeshire Constabulary,Cambridgeshire Constabulary,-0.073193,52.335427,On or near Gosslan Close,E01018165,Huntingdonshire 011E,Violence and sexual offences,Unable to prosecute suspect,
97e4d3df05c6eeb230d543edf044b3fa48674604004ecb5f4c59287e9dbbcb8b,2022-06,Cambridgeshire Constabulary,Cambridgeshire Constabulary,-0.073193,52.335427,On or near Gosslan Close,E01018165,Huntingdonshire 011E,Violence and sexual offences,Unable to prosecute suspect,
8b62255180e8a2e4ac6f5a277a119f86a2534c5398ac586fba2e2e5eb8bab99f,2022-06,Cambridgeshire Constabulary,Cambridgeshire Constabulary,-0.077994,52.334390,On or near Hurstingstone,E01018170,Huntingdonshire 011F,Drugs,Unable to prosecute suspect,
ff85eccceed43d94b0fc14660e2fc2eabd95ed149d31470479eee65029c7d5ed,2022-06,Cambridgeshire Constabulary,Cambridgeshire Constabulary,-0.088366,52.338263,On or near Thorndown Close,E01018170,Huntingdonshire 011F,Violence and sexual offences,Investigation complete; no suspect identified,
bbe797db7019037c6d10013c62edf0fc8254fce669b0f2651051550d70313f5c,2022-06,Cambridgeshire Constabulary,Cambridgeshire Constabulary,-0.085297,52.338959,On or near Green How,E01018170,Huntingdonshire 011F,Violence and sexual offences,Unable to prosecute suspect,
c22fbae678ec6f9107a1d9eb59e063718e7056468d1abfea206961b65d47b17c,2022-06,Cambridgeshire Constabulary,Cambridgeshire Constabulary,-0.088366,52.338263,On or near Thorndown Close,E01018170,Huntingdonshire 011F,Violence and sexual offences,Unable to prosecute suspect,
768c34d01b32acec91f2a86b508b2121e71146bda1439c80a86330247e105b74,2022-06,Cambridgeshire Constabulary,Cambridgeshire Constabulary,-0.081445,52.336047,On or near Chestnut Close,E01018170,Huntingdonshire 011F,Violence and sexual offences,Unable to prosecute suspect,
4be3da80a43f9629c4be7e422755bfadf55e6144dba96fc1491dbb8380918e04,2022-06,Cambridgeshire Constabulary,Cambridgeshire Constabulary,-0.085151,52.334174,On or near Bury Close,E01018171,Huntingdonshire 011G,Drugs,Local resolution,
d69ea1e2c1ea0d835168d95434c8f73be8cde29760f4648565a5018eb8ed052a,2022-06,Cambridgeshire Constabulary,Cambridgeshire Constabulary,-0.091884,52.334624,On or near Audley Close,E01018171,Huntingdonshire 011G,Violence and sexual offences,Local resolution,
5ee831591974b95d67f5d0b40f6cbdb8c29b1fe741156c26ba321c934e91c7dd,2022-06,Cambridgeshire Constabulary,Cambridgeshire Constabulary,-0.091884,52.334624,On or near Audley Close,E01018171,Huntingdonshire 011G,Violence and sexual offences,Unable to prosecute suspect,
dafead40ee681d991d9c5a7f4344cdd01081e9c988b55eca4cbb5bbd6a3a4521,2022-06,Cambridgeshire Constabulary,Cambridgeshire Constabulary,-0.091884,52.334624,On or near Audley Close,E01018171,Huntingdonshire 011G,Violence and sexual offences,Unable to prosecute suspect,
0870f7ddb7156b6692b3d262f5d255a113f6d9439a84fa16208fcab569b21ddd,2022-06,Cambridgeshire Constabulary,Cambridgeshire Constabulary,-0.091884,52.334624,On or near Audley Close,E01018171,Huntingdonshire 011G,Violence and sexual offences,Local resolution,
,2022-06,Cambridgeshire Constabulary,Cambridgeshire Constabulary,-0.174530,52.332595,On or near West Street,E01018138,Huntingdonshire 012A,Anti-social behaviour,,
,2022-06,Cambridgeshire Constabulary,Cambridgeshire Constabulary,-0.173186,52.332430,On or near South Street,E01018138,Huntingdonshire 012A,Anti-social behaviour,,
,2022-06,Cambridgeshire Constabulary,Cambridgeshire Constabulary,-0.179379,52.328884,On or near St Clements Passage,E01018138,Huntingdonshire 012A,Anti-social behaviour,,
,2022-06,Cambridgeshire Constabulary,Cambridgeshire Constabulary,-0.181992,52.333519,On or near Avenue Road,E01018138,Huntingdonshire 012A,Anti-social behaviour,,
d1f41742ad2d1d2cb8d707c26f7c7ddca7ee3c771f8080a4f992e36347139e65,2022-06,Cambridgeshire Constabulary,Cambridgeshire Constabulary,-0.176609,52.329498,On or near The Mews,E01018138,Huntingdonshire 012A,Burglary,Status update unavailable,
569c7b4cdd7a096dcbe7a1f6a51581ffe21da01a709c590d554a1a8850a798ee,2022-06,Cambridgeshire Constabulary,Cambridgeshire Constabulary,-0.179379,52.328884,On or near St Clements Passage,E01018138,Huntingdonshire 012A,Burglary,Investigation complete; no suspect identified,
aec8c26205a58608a890fa6e2698823915f7b9ab94a960d3541e2ff08f982eea,2022-06,Cambridgeshire Constabulary,Cambridgeshire Constabulary,-0.186726,52.335462,On or near Mulberry Close,E01018138,Huntingdonshire 012A,Criminal damage and arson,Investigation complete; no suspect identified,
4c3442814f898fdc94f249ac431dae24235080f3cd04efed08df5f27ebb1c7d3,2022-06,Cambridgeshire Constabulary,Cambridgeshire Constabulary,-0.184631,52.333928,On or near Ashton Gardens,E01018138,Huntingdonshire 012A,Criminal damage and arson,Investigation complete; no suspect identified,
c49ca2d130d5bc747d7826ca173fbc4b2893f5adae0d3a2b243463d7987f0d74,2022-06,Cambridgeshire Constabulary,Cambridgeshire Constabulary,-0.178950,52.328958,On or near Parking Area,E01018138,Huntingdonshire 012A,Criminal damage and arson,Unable to prosecute suspect,
4e53a03707bac033dd5089a3af2d65eb0ab1f6c40de1f9328ee7e632f45afa4f,2022-06,Cambridgeshire Constabulary,Cambridgeshire Constabulary,-0.177825,52.328842,On or near Temple Close,E01018138,Huntingdonshire 012A,Criminal damage and arson,Offender given a caution,
65165459a1cab5310fc37a1339e1586b0139ca9dbb04e728fa8ab6b60b749911,2022-06,Cambridgeshire Constabulary,Cambridgeshire Constabulary,-0.176264,52.332891,On or near Primrose Lane,E01018138,Huntingdonshire 012A,Other theft,Investigation complete; no suspect identified,
3f257a3a2ad3312d01c99a997247dd179f1fc3d84c36bae6378d93654cede94b,2022-06,Cambridgeshire Constabulary,Cambridgeshire Constabulary,-0.176264,52.332891,On or near Primrose Lane,E01018138,Huntingdonshire 012A,Public order,Investigation complete; no suspect identified,
5ec507aa69bd4e2eb22ab85d6c3c6ae5132be96d0f9518b3f02c8b8ab23d5401,2022-06,Cambridgeshire Constabulary,Cambridgeshire Constabulary,-0.178113,52.331832,On or near Tennis Court Avenue,E01018138,Huntingdonshire 012A,Public order,Status update unavailable,
7985ca6e2dabb8fa8497547b9633aa440e41f188fc1d6d2b2001e4704bc65562,2022-06,Cambridgeshire Constabulary,Cambridgeshire Constabulary,-0.178113,52.331832,On or near Tennis Court Avenue,E01018138,Huntingdonshire 012A,Violence and sexual offences,Court result unavailable,
ccd3e7c55b6e190b7f39bd9a819c6153dc1a39a075acb8e918f7b4ce74ab8ed0,2022-06,Cambridgeshire Constabulary,Cambridgeshire Constabulary,-0.181992,52.333519,On or near Avenue Road,E01018138,Huntingdonshire 012A,Violence and sexual offences,Unable to prosecute suspect,
d047cb12a2a23fcf34b7084db9335937fcb3384814c939149d02f6e30653fd6b,2022-06,Cambridgeshire Constabulary,Cambridgeshire Constabulary,-0.181992,52.333519,On or near Avenue Road,E01018138,Huntingdonshire 012A,Violence and sexual offences,Unable to prosecute suspect,
b2f3a7d87e09bdf90ffdb6a4ad342c715a8b30b5da1f539ad56bf1c4be48f1dc,2022-06,Cambridgeshire Constabulary,Cambridgeshire Constabulary,-0.178644,52.327839,On or near B1044,E01018138,Huntingdonshire 012A,Violence and sexual offences,Further action is not in the public interest,
9a72c15ac5f21f34dd6adf376dce7fb7dce5acba7d7613d961f4198b419b7316,2022-06,Cambridgeshire Constabulary,Cambridgeshire Constabulary,-0.180168,52.329328,On or near Wood Street,E01018138,Huntingdonshire 012A,Violence and sexual offences,Unable to prosecute suspect,
202ad229f331314a544be0cb6ef46f135d8e06a2316f1bb990fea24e06c7c602,2022-06,Cambridgeshire Constabulary,Cambridgeshire Constabulary,-0.178644,52.327839,On or near B1044,E01018138,Huntingdonshire 012A,Violence and sexual offences,Court result unavailable,
64a444a92cafe416dd5e643a9c3b4458a8410f7fa01e2310cf61ca4902cfd6a5,2022-06,Cambridgeshire Constabulary,Cambridgeshire Constabulary,-0.178644,52.327839,On or near B1044,E01018138,Huntingdonshire 012A,Violence and sexual offences,Status update unavailable,
3422d291be7e5510f0febcd4473d66c1e454bd0589a13baa6957bdb7ced4dbee,2022-06,Cambridgeshire Constabulary,Cambridgeshire Constabulary,-0.174173,52.330917,On or near Parking Area,E01018138,Huntingdonshire 012A,Violence and sexual offences,Unable to prosecute suspect,
278e33846b4724c794a6d5ede8598ce6d7cae1a452baeaa9c272d5b39bb85ffd,2022-06,Cambridgeshire Constabulary,Cambridgeshire Constabulary,-0.184631,52.333928,On or near Ashton Gardens,E01018138,Huntingdonshire 012A,Violence and sexual offences,Unable to prosecute suspect,
fc4b2f1aa1aac98c639a561bdde8b537d0fcc8c9785f82a6fa764f81ddbabdea,2022-06,Cambridgeshire Constabulary,Cambridgeshire Constabulary,-0.174173,52.330917,On or near Parking Area,E01018138,Huntingdonshire 012A,Violence and sexual offences,Unable to prosecute suspect,
4ba5647e03b5b8cc982bdbec6497795ea220bc66421121657163cfaec11e412a,2022-06,Cambridgeshire Constabulary,Cambridgeshire Constabulary,-0.186726,52.335462,On or near Mulberry Close,E01018138,Huntingdonshire 012A,Violence and sexual offences,Unable to prosecute suspect,
9d822702f322df3f96b57baa749d0a7ae3b430229a35aa805192eaafe1ab74ef,2022-06,Cambridgeshire Constabulary,Cambridgeshire Constabulary,-0.178113,52.331832,On or near Tennis Court Avenue,E01018138,Huntingdonshire 012A,Violence and sexual offences,Court result unavailable,
,2022-06,Cambridgeshire Constabulary,Cambridgeshire Constabulary,-0.207370,52.334932,On or near Cromwell Drive,E01018148,Huntingdonshire 012B,Anti-social behaviour,,
d155cc403af7cc09071ac5332f1381c1585c4c04278e0f13ad84ffd3aff068df,2022-06,Cambridgeshire Constabulary,Cambridgeshire Constabulary,-0.204211,52.329947,On or near Snowdonia Way,E01018148,Huntingdonshire 012B,Bicycle theft,Further action is not in the public interest,
432f7ae787e2db039dc265f5af1b109d3abc48d4b39e665954119a7b6981c494,2022-06,Cambridgeshire Constabulary,Cambridgeshire Constabulary,-0.206433,52.331600,On or near Brecon Way,E01018148,Huntingdonshire 012B,Criminal damage and arson,Unable to prosecute suspect,
e76e91daef66fe02026e0caaf603188a3b2c87d8bbafc48dab1cb7e5dd4fa0b1,2022-06,Cambridgeshire Constabulary,Cambridgeshire Constabulary,-0.203524,52.341823,On or near Whinfell Close,E01018148,Huntingdonshire 012B,Other theft,Status update unavailable,
9f30db89de1db09db6ae07378211129217d670172ff151e5c234e445a14676d5,2022-06,Cambridgeshire Constabulary,Cambridgeshire Constabulary,-0.213128,52.335567,On or near Bliss Close,E01018148,Huntingdonshire 012B,Public order,Status update unavailable,
c7a2dd9dff5a79d877ac528e88a4c2cc3605648342452fd7be8dc2497fe9269e,2022-06,Cambridgeshire Constabulary,Cambridgeshire Constabulary,-0.208782,52.338136,On or near Kingfisher Way,E01018148,Huntingdonshire 012B,Public order,Unable to prosecute suspect,
6d76cbf5e9b9e0e355e2904fcbd99f53d06afd2e97087916dc5e8c8973cf34f0,2022-06,Cambridgeshire Constabulary,Cambridgeshire Constabulary,-0.209448,52.334010,On or near Christie Drive,E01018148,Huntingdonshire 012B,Public order,Investigation complete; no suspect identified,
3d3ec459e07068fef7e76a560b775a63b234d08aca22802f3dfc1b8364d509a7,2022-06,Cambridgeshire Constabulary,Cambridgeshire Constabulary,-0.210671,52.336061,On or near Dyson Close,E01018148,Huntingdonshire 012B,Public order,Investigation complete; no suspect identified,
9e4a052506ed317cf151f5407a4ccd9090bae3d46fed789a0fb2f8dbe5c57a12,2022-06,Cambridgeshire Constabulary,Cambridgeshire Constabulary,-0.211269,52.335782,On or near Flamsteed Drive,E01018148,Huntingdonshire 012B,Violence and sexual offences,Unable to prosecute suspect,
032deac35125d3f845cacc8a241455f5e7918d771749ebec359ac3d9e9ef4ccf,2022-06,Cambridgeshire Constabulary,Cambridgeshire Constabulary,-0.213128,52.335567,On or near Bliss Close,E01018148,Huntingdonshire 012B,Violence and sexual offences,Unable to prosecute suspect,
16f5edc3e1d3851464bc5dd28c25e140c108b502a4cd80cbbc463ae5cece1496,2022-06,Cambridgeshire Constabulary,Cambridgeshire Constabulary,-0.204211,52.329947,On or near Snowdonia Way,E01018148,Huntingdonshire 012B,Violence and sexual offences,Unable to prosecute suspect,
b087ad0121867cd02bbc0f9c869d34665adbdde928ee676a6cbc7a75dc649d89,2022-06,Cambridgeshire Constabulary,Cambridgeshire Constabulary,-0.203756,52.340460,On or near Provence Road,E01018149,Huntingdonshire 012C,Violence and sexual offences,Status update unavailable,
4644286ac50f329fae756dad5cbd1a607fdfe0f1d2427f8b27b7b18fcfa72907,2022-06,Cambridgeshire Constabulary,Cambridgeshire Constabulary,-0.200802,52.340532,On or near Bassenthwaite,E01018149,Huntingdonshire 012C,Other crime,Status update unavailable,
ed00c040e05db97da0cf71b6480cf309d23017659bb4a01de65b6c1e7613607a,2022-06,Cambridgeshire Constabulary,Cambridgeshire Constabulary,-0.196984,52.340195,On or near Windermere,E01018149,Huntingdonshire 012C,Other crime,Status update unavailable,
8e622c7f65784c29c09af9a0a4653f9c439f85bca65659988467f2fc6f0b75d4,2022-06,Cambridgeshire Constabulary,Cambridgeshire Constabulary,-0.197494,52.336697,On or near Blea Water,E01018149,Huntingdonshire 012C,Other crime,Status update unavailable,
,2022-06,Cambridgeshire Constabulary,Cambridgeshire Constabulary,-0.195956,52.342742,On or near Petrol Station,E01018150,Huntingdonshire 012D,Anti-social behaviour,,
318266e9913cc975d71550056fdaf6fa7adfdfe43f1762f3c233451c6fb5bdc9,2022-06,Cambridgeshire Constabulary,Cambridgeshire Constabulary,-0.191709,52.337103,On or near Thomas King Drive,E01018150,Huntingdonshire 012D,Public order,Unable to prosecute suspect,
e1cccba51470da26ba36b7beadc4c3d43efb50a93b35813b6d162c0e079ccbed,2022-06,Cambridgeshire Constabulary,Cambridgeshire Constabulary,-0.191709,52.337103,On or near Thomas King Drive,E01018150,Huntingdonshire 012D,Public order,Investigation complete; no suspect identified,
d72107cac39c478e4f4aa1ca6cbc082e915496cf2f29689ef72b0b8b331d0ecf,2022-06,Cambridgeshire Constabulary,Cambridgeshire Constabulary,-0.189167,52.336434,On or near Cherry Tree Close,E01018150,Huntingdonshire 012D,Public order,Unable to prosecute suspect,
88d7738114535ba957486d45c91ef530473ff5f0ff38d48507d2c735bf9e5ff4,2022-06,Cambridgeshire Constabulary,Cambridgeshire Constabulary,-0.186622,52.337654,On or near Sports/Recreation Area,E01018150,Huntingdonshire 012D,Shoplifting,Unable to prosecute suspect,
3946d12a516c2e2586df51b66362f3d143e53f67f4075d318313e2672c9b84be,2022-06,Cambridgeshire Constabulary,Cambridgeshire Constabulary,-0.186622,52.337654,On or near Sports/Recreation Area,E01018150,Huntingdonshire 012D,Shoplifting,Investigation complete; no suspect identified,
8bb20ccbcf6777fd483cbbe33a82c7cdb4f86ba9b2938c49088d909e6951936a,2022-06,Cambridgeshire Constabulary,Cambridgeshire Constabulary,-0.191614,52.338711,On or near Stanton Way,E01018150,Huntingdonshire 012D,Shoplifting,Investigation complete; no suspect identified,
6d1fe526e728162f79c57fc7145499c6a4b0898137490d85453ae45cf6122fe1,2022-06,Cambridgeshire Constabulary,Cambridgeshire Constabulary,-0.191837,52.342940,On or near Chancellor Close,E01018150,Huntingdonshire 012D,Vehicle crime,Investigation complete; no suspect identified,
dc88a3ecf4b6b1fab41e120dfe4d40c3b3461a603c97608d53dae82153af49e1,2022-06,Cambridgeshire Constabulary,Cambridgeshire Constabulary,-0.191709,52.337103,On or near Thomas King Drive,E01018150,Huntingdonshire 012D,Violence and sexual offences,Unable to prosecute suspect,
19077ee4613604f84829bcf6c67e7c018223ac41f151e950fc76944cc15150d3,2022-06,Cambridgeshire Constabulary,Cambridgeshire Constabulary,-0.191709,52.337103,On or near Thomas King Drive,E01018150,Huntingdonshire 012D,Violence and sexual offences,Unable to prosecute suspect,
0a55834fad262c03465e8ccf99eee2451d927bdbe9c61b5336845eb35af26c8a,2022-06,Cambridgeshire Constabulary,Cambridgeshire Constabulary,-0.195956,52.342742,On or near Petrol Station,E01018150,Huntingdonshire 012D,Violence and sexual offences,Unable to prosecute suspect,
e835d511c7d7d3723c061a2e7742e418b5177f6168704c385f5c954775644360,2022-06,Cambridgeshire Constabulary,Cambridgeshire Constabulary,-0.191614,52.338711,On or near Stanton Way,E01018150,Huntingdonshire 012D,Violence and sexual offences,Investigation complete; no suspect identified,
7a2ae9e0f7c28ab685eb3e9587db17e03f4cbc09606e120fa753427734b17852,2022-06,Cambridgeshire Constabulary,Cambridgeshire Constabulary,-0.195956,52.342742,On or near Petrol Station,E01018150,Huntingdonshire 012D,Violence and sexual offences,Unable to prosecute suspect,
0cbe52afe8adbd755c724e7919ec753f7844eadc3f63a0e0aedf4b8cc2dadc4b,2022-06,Cambridgeshire Constabulary,Cambridgeshire Constabulary,-0.186622,52.337654,On or near Sports/Recreation Area,E01018150,Huntingdonshire 012D,Violence and sexual offences,Further action is not in the public interest,
590dc60f1a710f08a895325d86bfe8dbd53b8526a350034592f83e981a1191e6,2022-06,Cambridgeshire Constabulary,Cambridgeshire Constabulary,-0.188868,52.335486,On or near Rowan Close,E01018150,Huntingdonshire 012D,Violence and sexual offences,Unable to prosecute suspect,
049ce24222c3809249550f1d833879cdd42b969dbeb7a930dbf26ab92b000ab0,2022-06,Cambridgeshire Constabulary,Cambridgeshire Constabulary,-0.191614,52.338711,On or near Stanton Way,E01018150,Huntingdonshire 012D,Other crime,Unable to prosecute suspect,
,2022-06,Cambridgeshire Constabulary,Cambridgeshire Constabulary,-0.181423,52.329860,On or near Parking Area,E01018151,Huntingdonshire 012E,Anti-social behaviour,,
,2022-06,Cambridgeshire Constabulary,Cambridgeshire Constabulary,-0.183638,52.330586,On or near Supermarket,E01018151,Huntingdonshire 012E,Anti-social behaviour,,
,2022-06,Cambridgeshire Constabulary,Cambridgeshire Constabulary,-0.183638,52.330586,On or near Supermarket,E01018151,Huntingdonshire 012E,Anti-social behaviour,,
,2022-06,Cambridgeshire Constabulary,Cambridgeshire Constabulary,-0.195940,52.332663,On or near Park/Open Space,E01018151,Huntingdonshire 012E,Anti-social behaviour,,
,2022-06,Cambridgeshire Constabulary,Cambridgeshire Constabulary,-0.184685,52.331915,On or near Parking Area,E01018151,Huntingdonshire 012E,Anti-social behaviour,,
,2022-06,Cambridgeshire Constabulary,Cambridgeshire Constabulary,-0.185177,52.330987,On or near High Street,E01018151,Huntingdonshire 012E,Anti-social behaviour,,
,2022-06,Cambridgeshire Constabulary,Cambridgeshire Constabulary,-0.195940,52.332663,On or near Park/Open Space,E01018151,Huntingdonshire 012E,Anti-social behaviour,,
,2022-06,Cambridgeshire Constabulary,Cambridgeshire Constabulary,-0.183361,52.329476,On or near Parking Area,E01018151,Huntingdonshire 012E,Anti-social behaviour,,
,2022-06,Cambridgeshire Constabulary,Cambridgeshire Constabulary,-0.185177,52.330987,On or near High Street,E01018151,Huntingdonshire 012E,Anti-social behaviour,,
,2022-06,Cambridgeshire Constabulary,Cambridgeshire Constabulary,-0.184685,52.331915,On or near Parking Area,E01018151,Huntingdonshire 012E,Anti-social behaviour,,
,2022-06,Cambridgeshire Constabulary,Cambridgeshire Constabulary,-0.187719,52.331656,On or near St John'S Street,E01018151,Huntingdonshire 012E,Anti-social behaviour,,
,2022-06,Cambridgeshire Constabulary,Cambridgeshire Constabulary,-0.187412,52.334483,On or near Great Northern Street,E01018151,Huntingdonshire 012E,Anti-social behaviour,,
,2022-06,Cambridgeshire Constabulary,Cambridgeshire Constabulary,-0.183600,52.329722,On or near Parking Area,E01018151,Huntingdonshire 012E,Anti-social behaviour,,
,2022-06,Cambridgeshire Constabulary,Cambridgeshire Constabulary,-0.184222,52.329957,On or near Nightclub,E01018151,Huntingdonshire 012E,Anti-social behaviour,,
,2022-06,Cambridgeshire Constabulary,Cambridgeshire Constabulary,-0.181423,52.329860,On or near Parking Area,E01018151,Huntingdonshire 012E,Anti-social behaviour,,
,2022-06,Cambridgeshire Constabulary,Cambridgeshire Constabulary,-0.183600,52.329722,On or near Parking Area,E01018151,Huntingdonshire 012E,Anti-social behaviour,,
87749095c646a3e86a722db418655070722fe160c07164d6d2c29e8f585a8e6d,2022-06,Cambridgeshire Constabulary,Cambridgeshire Constabulary,-0.181423,52.329860,On or near Parking Area,E01018151,Huntingdonshire 012E,Burglary,Investigation complete; no suspect identified,
abc52a6e76f0bbc805cf9f3decdbb63a1f4f3c51d71e9791a78dd42fd07d13a9,2022-06,Cambridgeshire Constabulary,Cambridgeshire Constabulary,-0.183361,52.329476,On or near Parking Area,E01018151,Huntingdonshire 012E,Burglary,Status update unavailable,
d6f37f2919bd546e4d550a93205d3c47ffb1a59700694b5aa03dbcc4f330e682,2022-06,Cambridgeshire Constabulary,Cambridgeshire Constabulary,-0.181147,52.330125,On or near Parking Area,E01018151,Huntingdonshire 012E,Criminal damage and arson,Unable to prosecute suspect,
521495f5c4fbb11db64223268acc9f60dc275d5005f2b6f726dadf937a830633,2022-06,Cambridgeshire Constabulary,Cambridgeshire Constabulary,-0.185912,52.333489,On or near Cromwell Walk,E01018151,Huntingdonshire 012E,Criminal damage and arson,Investigation complete; no suspect identified,
e2080b32888ced50d65463e59b24a613818d848035b8cf320475ebef8affcc93,2022-06,Cambridgeshire Constabulary,Cambridgeshire Constabulary,-0.187337,52.330211,On or near George Street,E01018151,Huntingdonshire 012E,Criminal damage and arson,Investigation complete; no suspect identified,
314fa18ad1e486e7e2fbf283061cd9ce876faa1c894a01b2cb4efcd8454eee87,2022-06,Cambridgeshire Constabulary,Cambridgeshire Constabulary,-0.185912,52.333489,On or near Cromwell Walk,E01018151,Huntingdonshire 012E,Criminal damage and arson,Investigation complete; no suspect identified,
64af67fd40620845a2733c89b2b8185746cf33a22566858af0b323fb0a53be88,2022-06,Cambridgeshire Constabulary,Cambridgeshire Constabulary,-0.187412,52.334483,On or near Great Northern Street,E01018151,Huntingdonshire 012E,Criminal damage and arson,Court result unavailable,
fffdfcff4f8ddcc28a840bdec7f5b7e62a1ebc162644fa6f33a2ebbc7b62fd07,2022-06,Cambridgeshire Constabulary,Cambridgeshire Constabulary,-0.185177,52.330987,On or near High Street,E01018151,Huntingdonshire 012E,Criminal damage and arson,Offender given a caution,
b143627580cc2b9cbd272441059a91479a98e0ec84f5dc9b3d332051e3b1b73f,2022-06,Cambridgeshire Constabulary,Cambridgeshire Constabulary,-0.188798,52.332535,On or near Police Station,E01018151,Huntingdonshire 012E,Criminal damage and arson,Court result unavailable,
263e0c5a21053651ebe5c64ac52dc237a9ce008edd1b525908cc70d5972af5bc,2022-06,Cambridgeshire Constabulary,Cambridgeshire Constabulary,-0.181423,52.329860,On or near Parking Area,E01018151,Huntingdonshire 012E,Criminal damage and arson,Investigation complete; no suspect identified,
800499528a56f6cf69e84c28fa8e82cc66ffa50602a9936e8f23ada093e50ca6,2022-06,Cambridgeshire Constabulary,Cambridgeshire Constabulary,-0.180537,52.331761,On or near Petrol Station,E01018151,Huntingdonshire 012E,Other theft,Investigation complete; no suspect identified,
de1623934670b0d9cc994cf3871ad4297dc9505ab74f7ab3f8e9f1a846e24bb7,2022-06,Cambridgeshire Constabulary,Cambridgeshire Constabulary,-0.183638,52.330586,On or near Supermarket,E01018151,Huntingdonshire 012E,Other theft,Investigation complete; no suspect identified,
2398b0dc9a78839970b0fe588b62bc30e5a7703ccabe35910505cac3b6668ccf,2022-06,Cambridgeshire Constabulary,Cambridgeshire Constabulary,-0.183361,52.329476,On or near Parking Area,E01018151,Huntingdonshire 012E,Other theft,Investigation complete; no suspect identified,
52c4a549d2c8c2d1a9b5467a9baf36ed07382c7320ac0c80365b76b83c858615,2022-06,Cambridgeshire Constabulary,Cambridgeshire Constabulary,-0.181423,52.329860,On or near Parking Area,E01018151,Huntingdonshire 012E,Other theft,Investigation complete; no suspect identified,
9e8e1e937757dfd2ed616b243e81732dc344a75fd0c38e37ccec86def1b583bd,2022-06,Cambridgeshire Constabulary,Cambridgeshire Constabulary,-0.181423,52.329860,On or near Parking Area,E01018151,Huntingdonshire 012E,Possession of weapons,Investigation complete; no suspect identified,
0fddd3568eda455049414fe41be25227661df218a8d09c8a8d1a89a25fbf9f98,2022-06,Cambridgeshire Constabulary,Cambridgeshire Constabulary,-0.183638,52.330586,On or near Supermarket,E01018151,Huntingdonshire 012E,Public order,Court result unavailable,
1604083ac77bd934ccf4e32514432cc1db18b173a5b4b79e4dd2a827d5392843,2022-06,Cambridgeshire Constabulary,Cambridgeshire Constabulary,-0.183600,52.329722,On or near Parking Area,E01018151,Huntingdonshire 012E,Public order,Status update unavailable,
b3bbe0b732c73895a18785343fe054f329d1eed57a14d094de62aca1342c978e,2022-06,Cambridgeshire Constabulary,Cambridgeshire Constabulary,-0.183638,52.330586,On or near Supermarket,E01018151,Huntingdonshire 012E,Public order,Investigation complete; no suspect identified,
f39d1812789d223d67b120c4296318e9aa5a5524ba7c1550d941d141b566a32e,2022-06,Cambridgeshire Constabulary,Cambridgeshire Constabulary,-0.188788,52.334576,On or near Ermine Street,E01018151,Huntingdonshire 012E,Public order,Unable to prosecute suspect,
324d18a46ad1e36b3bf15c8a02ada67aa0df2887f80e51f807b4502981b99ad0,2022-06,Cambridgeshire Constabulary,Cambridgeshire Constabulary,-0.185177,52.330987,On or near High Street,E01018151,Huntingdonshire 012E,Public order,Unable to prosecute suspect,
5ecd6f1f8d518bd2526dda05b666ef750908d227acc931d3cd983bdd7b7b6116,2022-06,Cambridgeshire Constabulary,Cambridgeshire Constabulary,-0.185177,52.330987,On or near High Street,E01018151,Huntingdonshire 012E,Public order,Investigation complete; no suspect identified,
4aa9ef27566b091b9527cbca9a2601f437664bfbea889b50d33a4e29ca5e3647,2022-06,Cambridgeshire Constabulary,Cambridgeshire Constabulary,-0.181423,52.329860,On or near Parking Area,E01018151,Huntingdonshire 012E,Public order,Unable to prosecute suspect,
6de38ccefa55287592c9365958c6946cb21fbe26813f250dda363f184267a148,2022-06,Cambridgeshire Constabulary,Cambridgeshire Constabulary,-0.185177,52.330987,On or near High Street,E01018151,Huntingdonshire 012E,Public order,Investigation complete; no suspect identified,
49b4dc6e92b15655fc7f885432416e9ba641fa6f67886a15607ccc1cb45f5cbc,2022-06,Cambridgeshire Constabulary,Cambridgeshire Constabulary,-0.180537,52.331761,On or near Petrol Station,E01018151,Huntingdonshire 012E,Public order,Unable to prosecute suspect,
1a08f9814c7e5a4a05cae5aef9c0f15fa3ae735fb4693a5b804996b78f42aa33,2022-06,Cambridgeshire Constabulary,Cambridgeshire Constabulary,-0.185177,52.330987,On or near High Street,E01018151,Huntingdonshire 012E,Public order,Investigation complete; no suspect identified,
7c87a1ce5a3c0a5354f49c4255c9c5a695c7bbaef2a73550556a92b00f1367db,2022-06,Cambridgeshire Constabulary,Cambridgeshire Constabulary,-0.185177,52.330987,On or near High Street,E01018151,Huntingdonshire 012E,Public order,Investigation complete; no suspect identified,
cdba18797c21ea5a4dbd42db3c9fc7d8d50d075a516e77828ef585b7ad0111c5,2022-06,Cambridgeshire Constabulary,Cambridgeshire Constabulary,-0.183600,52.329722,On or near Parking Area,E01018151,Huntingdonshire 012E,Public order,Status update unavailable,
78f1d1c237d2fb492dd7921c8c841fc5da91e8f684c31476e0e0591b299d24f2,2022-06,Cambridgeshire Constabulary,Cambridgeshire Constabulary,-0.185452,52.329301,On or near Walden Road,E01018151,Huntingdonshire 012E,Public order,Status update unavailable,
c2b58407d4eff46c8d31cdd92b6f8d27d4d426b6f2fe587303b81255c4385dd6,2022-06,Cambridgeshire Constabulary,Cambridgeshire Constabulary,-0.181423,52.329860,On or near Parking Area,E01018151,Huntingdonshire 012E,Public order,Unable to prosecute suspect,
28df42ab6a52b668d93126057ec9775cc2c6eed6eb49b20f739631d2e42f85f3,2022-06,Cambridgeshire Constabulary,Cambridgeshire Constabulary,-0.183638,52.330586,On or near Supermarket,E01018151,Huntingdonshire 012E,Public order,Investigation complete; no suspect identified,
5d27d91b0129dacfcc06c9801471b5d199c4ea98ff39125def501a5e0194b1ef,2022-06,Cambridgeshire Constabulary,Cambridgeshire Constabulary,-0.187412,52.334483,On or near Great Northern Street,E01018151,Huntingdonshire 012E,Public order,Unable to prosecute suspect,
3f7726c92e77ea7e8fc18b4c671a4963d422917db687a33572c644fd3ee6bfbb,2022-06,Cambridgeshire Constabulary,Cambridgeshire Constabulary,-0.180537,52.331761,On or near Petrol Station,E01018151,Huntingdonshire 012E,Shoplifting,Investigation complete; no suspect identified,
fadac8ef042a5acef43aabc37d4160a599cfb78ffb29285fd15bb3c23f65b430,2022-06,Cambridgeshire Constabulary,Cambridgeshire Constabulary,-0.182678,52.331093,On or near Shopping Area,E01018151,Huntingdonshire 012E,Shoplifting,Court result unavailable,
5e931cd78569483b822a11969e02acc3e1744011b2a30cc65de0cf5bd0b208fa,2022-06,Cambridgeshire Constabulary,Cambridgeshire Constabulary,-0.182678,52.331093,On or near Shopping Area,E01018151,Huntingdonshire 012E,Shoplifting,Investigation complete; no suspect identified,
0e8702c065e65b5ca6866bd80ce9a7e68e3a0a4efcbea12b138b0d0c50d4f577,2022-06,Cambridgeshire Constabulary,Cambridgeshire Constabulary,-0.181147,52.330125,On or near Parking Area,E01018151,Huntingdonshire 012E,Shoplifting,Investigation complete; no suspect identified,
087ec8b0629a66a3d45fbe486cb05a5fdc36fd48f8138475cee9bb801bce0ab2,2022-06,Cambridgeshire Constabulary,Cambridgeshire Constabulary,-0.181423,52.329860,On or near Parking Area,E01018151,Huntingdonshire 012E,Shoplifting,Unable to prosecute suspect,
35fb40776f68abc808a7038531b61def6e141a0f8e7aa7bcd377aca578b67b68,2022-06,Cambridgeshire Constabulary,Cambridgeshire Constabulary,-0.181423,52.329860,On or near Parking Area,E01018151,Huntingdonshire 012E,Shoplifting,Investigation complete; no suspect identified,
b244ec064ad6b74b263d520e218396ca606afc55e086c1a06e02e14c5776343a,2022-06,Cambridgeshire Constabulary,Cambridgeshire Constabulary,-0.202679,52.333350,On or near Hospital,E01018151,Huntingdonshire 012E,Theft from the person,Status update unavailable,
d33ee34a23f1881862888dd0e197f48ec8b26e3a74707f0eb31a44920a6c8914,2022-06,Cambridgeshire Constabulary,Cambridgeshire Constabulary,-0.184222,52.329957,On or near Nightclub,E01018151,Huntingdonshire 012E,Vehicle crime,Investigation complete; no suspect identified,
db2a48685b4e394fcd593b3fce27946a99e7933fbbdeab45ec72b208b45b09d4,2022-06,Cambridgeshire Constabulary,Cambridgeshire Constabulary,-0.185177,52.330987,On or near High Street,E01018151,Huntingdonshire 012E,Violence and sexual offences,Local resolution,
3adb41b0d1b9696a06ae44ccc6f55bd46090bb1e9c043801afd2dd2bab14a4bd,2022-06,Cambridgeshire Constabulary,Cambridgeshire Constabulary,-0.183638,52.330586,On or near Supermarket,E01018151,Huntingdonshire 012E,Violence and sexual offences,Unable to prosecute suspect,
f9bf75e08de409523d7b4bd0df05448246e0262918b26d6edd7e52303791ca22,2022-06,Cambridgeshire Constabulary,Cambridgeshire Constabulary,-0.184685,52.331915,On or near Parking Area,E01018151,Huntingdonshire 012E,Violence and sexual offences,Unable to prosecute suspect,
086fb348424ef0edcd51ec62488d737a631b7cbec04a329e1405811ea0b16e9a,2022-06,Cambridgeshire Constabulary,Cambridgeshire Constabulary,-0.202679,52.333350,On or near Hospital,E01018151,Huntingdonshire 012E,Violence and sexual offences,Offender given a caution,
7dc90ae1d185fa810a8dcc40bd8f69d85647b5aeffa148296bca614298859c1a,2022-06,Cambridgeshire Constabulary,Cambridgeshire Constabulary,-0.194594,52.327886,On or near Headlands,E01018151,Huntingdonshire 012E,Violence and sexual offences,Unable to prosecute suspect,
397f7e412e75b6a4d77ac9fe1825d25df31d2797052a4b65b22d1a6a4a76cdb0,2022-06,Cambridgeshire Constabulary,Cambridgeshire Constabulary,-0.183361,52.329476,On or near Parking Area,E01018151,Huntingdonshire 012E,Violence and sexual offences,Unable to prosecute suspect,
10fa84959f351a30baa51f0ba3f187baca69551ba3774fa151413724e8335c08,2022-06,Cambridgeshire Constabulary,Cambridgeshire Constabulary,-0.202679,52.333350,On or near Hospital,E01018151,Huntingdonshire 012E,Violence and sexual offences,Offender given a caution,
da4891835b3b3fb1139f8682e227dbfa129353d595d64e8a77f9fc4b95a41e34,2022-06,Cambridgeshire Constabulary,Cambridgeshire Constabulary,-0.202679,52.333350,On or near Hospital,E01018151,Huntingdonshire 012E,Violence and sexual offences,Unable to prosecute suspect,
57d0ced3e18d2fbb57b9fe6c14128315a6c8b4958b422d6d14adf941439ec0eb,2022-06,Cambridgeshire Constabulary,Cambridgeshire Constabulary,-0.183361,52.329476,On or near Parking Area,E01018151,Huntingdonshire 012E,Violence and sexual offences,Unable to prosecute suspect,
b6a243d73bd32e6ff07f60c50d796684298be9c4df2bb456bf2b44f5b33f5c5f,2022-06,Cambridgeshire Constabulary,Cambridgeshire Constabulary,-0.194594,52.327886,On or near Headlands,E01018151,Huntingdonshire 012E,Violence and sexual offences,Unable to prosecute suspect,
decf3c60346ea963efd0dc6d2de88af17ca14949f51da2b75116216ef453e2ac,2022-06,Cambridgeshire Constabulary,Cambridgeshire Constabulary,-0.187337,52.330211,On or near George Street,E01018151,Huntingdonshire 012E,Violence and sexual offences,Unable to prosecute suspect,
881e553f461a37a3db21b1039707c065ace694683a8d2c4e53f9fa170e454b21,2022-06,Cambridgeshire Constabulary,Cambridgeshire Constabulary,-0.188798,52.332535,On or near Police Station,E01018151,Huntingdonshire 012E,Violence and sexual offences,Court result unavailable,
dbf188baefe0349e36b5bbf44a3bb800b36892eef70d83ca3c1d11b9e53267ad,2022-06,Cambridgeshire Constabulary,Cambridgeshire Constabulary,-0.194594,52.327886,On or near Headlands,E01018151,Huntingdonshire 012E,Violence and sexual offences,Local resolution,
b2a0561e2cd52efd13d10d0a1f7c5c5249ab6219be73e3b55b5bcf4c4aa07b33,2022-06,Cambridgeshire Constabulary,Cambridgeshire Constabulary,-0.194594,52.327886,On or near Headlands,E01018151,Huntingdonshire 012E,Violence and sexual offences,Unable to prosecute suspect,
77fab4716c780c0221f50809fe7f7917bf519b6935e2d0399a3bb5840353ba65,2022-06,Cambridgeshire Constabulary,Cambridgeshire Constabulary,-0.181423,52.329860,On or near Parking Area,E01018151,Huntingdonshire 012E,Violence and sexual offences,Unable to prosecute suspect,
edb7f206d0ac9f724080d4d088dd4699d39ac9da23a4992d5bb5c57a35ab7e21,2022-06,Cambridgeshire Constabulary,Cambridgeshire Constabulary,-0.188335,52.334524,On or near Parking Area,E01018151,Huntingdonshire 012E,Violence and sexual offences,Investigation complete; no suspect identified,
e2e59557fdb02e0460f4651fe23e045cf38c8341d91ea4a1ee632659bf5029b4,2022-06,Cambridgeshire Constabulary,Cambridgeshire Constabulary,-0.187412,52.334483,On or near Great Northern Street,E01018151,Huntingdonshire 012E,Violence and sexual offences,Investigation complete; no suspect identified,
ead0f0a9a80a6cbc156724b8b83fcaaee3ee255d6f24aae00f26a0d13680caf4,2022-06,Cambridgeshire Constabulary,Cambridgeshire Constabulary,-0.180969,52.329817,On or near Trinity Place,E01018151,Huntingdonshire 012E,Violence and sexual offences,Unable to prosecute suspect,
2dfb60e2b3fd89744bc68c5462f27357fdcdadea6c97088801969ffd7d517ddf,2022-06,Cambridgeshire Constabulary,Cambridgeshire Constabulary,-0.185177,52.330987,On or near High Street,E01018151,Huntingdonshire 012E,Violence and sexual offences,Investigation complete; no suspect identified,
cb336257f2cf9fa66ef1c7a235f6cbdf180caa6ca26f878613b7e5266810db10,2022-06,Cambridgeshire Constabulary,Cambridgeshire Constabulary,-0.181423,52.329860,On or near Parking Area,E01018151,Huntingdonshire 012E,Violence and sexual offences,Investigation complete; no suspect identified,
18f985e57f5986faf2fc17932304b2fb544320acfc8e2ba758a09f88c43d6443,2022-06,Cambridgeshire Constabulary,Cambridgeshire Constabulary,-0.187337,52.330211,On or near George Street,E01018151,Huntingdonshire 012E,Violence and sexual offences,Unable to prosecute suspect,
bbe5a446c3ab471a11d081f193db4d4097d1fbe9f2cb38e7bea17ce84b369d5a,2022-06,Cambridgeshire Constabulary,Cambridgeshire Constabulary,-0.188350,52.332735,On or near Ferrars Road,E01018151,Huntingdonshire 012E,Violence and sexual offences,Court result unavailable,
7a13741653579502d4084b21df9e4adad7fcf5ae957d3429ad23f294321614ae,2022-06,Cambridgeshire Constabulary,Cambridgeshire Constabulary,-0.183638,52.330586,On or near Supermarket,E01018151,Huntingdonshire 012E,Violence and sexual offences,Court result unavailable,
29227b279cbc6b9cb5060d5985d4c87696631d722aa1f898a5a848cf4416cafd,2022-06,Cambridgeshire Constabulary,Cambridgeshire Constabulary,-0.180537,52.331761,On or near Petrol Station,E01018151,Huntingdonshire 012E,Violence and sexual offences,Unable to prosecute suspect,
f8abd6a7838b26a5f42685628e52e21dbe9ba8cbdd18a33ffa9d94fe96c26dec,2022-06,Cambridgeshire Constabulary,Cambridgeshire Constabulary,-0.187337,52.330211,On or near George Street,E01018151,Huntingdonshire 012E,Violence and sexual offences,Unable to prosecute suspect,
40f90510f243627f3243484963160acc3e88c6c40462fc66357438a4bd8ce4fe,2022-06,Cambridgeshire Constabulary,Cambridgeshire Constabulary,-0.183638,52.330586,On or near Supermarket,E01018151,Huntingdonshire 012E,Violence and sexual offences,Unable to prosecute suspect,
b5c17999c383341a8b50f3fd510ddcbec01ae1fa7cd0c26912881a741515264b,2022-06,Cambridgeshire Constabulary,Cambridgeshire Constabulary,-0.183638,52.330586,On or near Supermarket,E01018151,Huntingdonshire 012E,Violence and sexual offences,Local resolution,
e7fe1bd10df7292dcfd4bb10c2ce64713efb039d4a78b9b1b238956563b5b52a,2022-06,Cambridgeshire Constabulary,Cambridgeshire Constabulary,-0.183638,52.330586,On or near Supermarket,E01018151,Huntingdonshire 012E,Violence and sexual offences,Local resolution,
486800041189452f18ba57d077613e8ff3736310184408840e2eb421dd021278,2022-06,Cambridgeshire Constabulary,Cambridgeshire Constabulary,-0.188798,52.332535,On or near Police Station,E01018151,Huntingdonshire 012E,Violence and sexual offences,Unable to prosecute suspect,
e390e1bd17c92326d746282100e3f2cf9419f023b84119b3ffd52fd7f0e5e329,2022-06,Cambridgeshire Constabulary,Cambridgeshire Constabulary,-0.185820,52.330700,On or near George Street,E01018151,Huntingdonshire 012E,Violence and sexual offences,Unable to prosecute suspect,
8104d3baad80dd65ee13e2f7283cfc777dee195141e4a63f06cbf85c4ed38fc8,2022-06,Cambridgeshire Constabulary,Cambridgeshire Constabulary,-0.202679,52.333350,On or near Hospital,E01018151,Huntingdonshire 012E,Violence and sexual offences,Investigation complete; no suspect identified,
d4d2a82625e0bbb3f46a95ec410f160710804cf363cbc8dbadecb884b20da767,2022-06,Cambridgeshire Constabulary,Cambridgeshire Constabulary,-0.189334,52.331627,On or near Roscrea Court,E01018151,Huntingdonshire 012E,Violence and sexual offences,Court result unavailable,
41f06e3ea82b38f91500ea5bf15f27d6771a8a4f244867e5d2181355a5f4fc95,2022-06,Cambridgeshire Constabulary,Cambridgeshire Constabulary,-0.187337,52.330211,On or near George Street,E01018151,Huntingdonshire 012E,Violence and sexual offences,Investigation complete; no suspect identified,
3eab6c287df72eb4138afa6c07b98ad25423b474f98c8cce317b58901c4b7d12,2022-06,Cambridgeshire Constabulary,Cambridgeshire Constabulary,-0.184222,52.329957,On or near Nightclub,E01018151,Huntingdonshire 012E,Violence and sexual offences,Unable to prosecute suspect,
634ffbfeb4a385cc1eb5197e9866142f18f57ae198777255e7ea09cffb597fdf,2022-06,Cambridgeshire Constabulary,Cambridgeshire Constabulary,-0.181423,52.329860,On or near Parking Area,E01018151,Huntingdonshire 012E,Violence and sexual offences,Investigation complete; no suspect identified,
7743620fd6cc73b496a158de8c46700b2ee8f8da4991d3258c57fbc4ad40bd57,2022-06,Cambridgeshire Constabulary,Cambridgeshire Constabulary,-0.194594,52.327886,On or near Headlands,E01018151,Huntingdonshire 012E,Violence and sexual offences,Local resolution,
f3fa286c61e1701931d239b20e25807f6dc22ef86239d4619baac1a324db3d0e,2022-06,Cambridgeshire Constabulary,Cambridgeshire Constabulary,-0.195940,52.332663,On or near Park/Open Space,E01018151,Huntingdonshire 012E,Violence and sexual offences,Status update unavailable,
3ec05d07da6f531efcc99e074f102018ea6c7554dd306d1ffec299d7e9d74a9c,2022-06,Cambridgeshire Constabulary,Cambridgeshire Constabulary,-0.185820,52.330700,On or near George Street,E01018151,Huntingdonshire 012E,Violence and sexual offences,Offender given a caution,
e4b2c7faf78550b5f706c66313178e664f80673bd85f545d6736b6ed7252c1c2,2022-06,Cambridgeshire Constabulary,Cambridgeshire Constabulary,-0.183361,52.329476,On or near Parking Area,E01018151,Huntingdonshire 012E,Violence and sexual offences,Investigation complete; no suspect identified,
3aa98f24b10689f767dfa7fabcb85268083318507c335be82a031d98b79d366d,2022-06,Cambridgeshire Constabulary,Cambridgeshire Constabulary,-0.202679,52.333350,On or near Hospital,E01018151,Huntingdonshire 012E,Violence and sexual offences,Investigation complete; no suspect identified,
8f83cf3346b4f93b6c7931cd353f708c6cb1bdf7eb067c2ff4d6727e713a87a6,2022-06,Cambridgeshire Constabulary,Cambridgeshire Constabulary,-0.181423,52.329860,On or near Parking Area,E01018151,Huntingdonshire 012E,Violence and sexual offences,Unable to prosecute suspect,
ab2ca4db489238d2db980869788af9dbcad135eed59be26a2ffcf6cb5b5c4f7b,2022-06,Cambridgeshire Constabulary,Cambridgeshire Constabulary,-0.185177,52.330987,On or near High Street,E01018151,Huntingdonshire 012E,Other crime,Court result unavailable,
05a3c3ffd8c3e53807d550232d507c2294e79bca7405476494f8b7a112b15709,2022-06,Cambridgeshire Constabulary,Cambridgeshire Constabulary,-0.070833,52.324895,On or near Parking Area,E01018166,Huntingdonshire 013A,Drugs,Local resolution,
caa90c8c079da7f7dd73a4216212cfcc4042f84f33e0c715a905103a6b7e0292,2022-06,Cambridgeshire Constabulary,Cambridgeshire Constabulary,-0.070833,52.324895,On or near Parking Area,E01018166,Huntingdonshire 013A,Drugs,Unable to prosecute suspect,
29f291195c9dbe94137a11f9f333fbe7a847e7e985636a7b557df12414258abd,2022-06,Cambridgeshire Constabulary,Cambridgeshire Constabulary,-0.061103,52.327595,On or near Brookway,E01018166,Huntingdonshire 013A,Public order,Investigation complete; no suspect identified,
00a04e76edbc89326c346d404a1c5c425cfb89f8e288784b0aed388aafbaa504,2022-06,Cambridgeshire Constabulary,Cambridgeshire Constabulary,-0.063949,52.327291,On or near Farthing Lane,E01018166,Huntingdonshire 013A,Violence and sexual offences,Investigation complete; no suspect identified,
ec257d7c4e097ee332003c0b2abaf1a163dc17a009e31d07f3c01b11279d24e0,2022-06,Cambridgeshire Constabulary,Cambridgeshire Constabulary,-0.072066,52.326912,On or near Oxford Road,E01018166,Huntingdonshire 013A,Violence and sexual offences,Unable to prosecute suspect,
acfff671b63c467d004f86e0830bb8043be2bc8c9d30363d8ef7d5681085f49a,2022-06,Cambridgeshire Constabulary,Cambridgeshire Constabulary,-0.070833,52.324895,On or near Parking Area,E01018166,Huntingdonshire 013A,Violence and sexual offences,Unable to prosecute suspect,
,2022-06,Cambridgeshire Constabulary,Cambridgeshire Constabulary,-0.062246,52.331669,On or near A1123,E01018167,Huntingdonshire 013B,Anti-social behaviour,,
,2022-06,Cambridgeshire Constabulary,Cambridgeshire Constabulary,-0.071544,52.323729,On or near Oliver Road,E01018168,Huntingdonshire 013C,Anti-social behaviour,,
,2022-06,Cambridgeshire Constabulary,Cambridgeshire Constabulary,-0.074609,52.322781,On or near The Quay,E01018168,Huntingdonshire 013C,Anti-social behaviour,,
,2022-06,Cambridgeshire Constabulary,Cambridgeshire Constabulary,-0.073250,52.324000,On or near Conference/Exhibition Centre,E01018168,Huntingdonshire 013C,Anti-social behaviour,,
,2022-06,Cambridgeshire Constabulary,Cambridgeshire Constabulary,-0.074609,52.322781,On or near The Quay,E01018168,Huntingdonshire 013C,Anti-social behaviour,,
,2022-06,Cambridgeshire Constabulary,Cambridgeshire Constabulary,-0.075553,52.321645,On or near Enderbys Wharf,E01018168,Huntingdonshire 013C,Anti-social behaviour,,
6d927f4c39fbafed270ee35a746d7df0e448672e418bb735ec4725c6bc07555f,2022-06,Cambridgeshire Constabulary,Cambridgeshire Constabulary,-0.073201,52.323091,On or near Market Lane,E01018168,Huntingdonshire 013C,Bicycle theft,Investigation complete; no suspect identified,
4b80d3d575f2a12552c6ad1f53b39339ffae3d564f7819cd9a0c84607cb6b237,2022-06,Cambridgeshire Constabulary,Cambridgeshire Constabulary,-0.073250,52.324000,On or near Conference/Exhibition Centre,E01018168,Huntingdonshire 013C,Drugs,Court result unavailable,
8cca659d8cdac6f298a12d4206177f8ffbe855046f75fd7f186605483b97e420,2022-06,Cambridgeshire Constabulary,Cambridgeshire Constabulary,-0.074106,52.324553,On or near Nightclub,E01018168,Huntingdonshire 013C,Other theft,Investigation complete; no suspect identified,
8939914f63a287908a2c321e2bbab770501398d22814489a7152d0c5d84e5c76,2022-06,Cambridgeshire Constabulary,Cambridgeshire Constabulary,-0.073250,52.324000,On or near Conference/Exhibition Centre,E01018168,Huntingdonshire 013C,Possession of weapons,Court result unavailable,
b430ecdb68a4092a9e4a750e0c8434392337f505ca8f74cb50152fe2c6688d03,2022-06,Cambridgeshire Constabulary,Cambridgeshire Constabulary,-0.069119,52.324508,On or near Meadow Close,E01018168,Huntingdonshire 013C,Public order,Unable to prosecute suspect,
2bc80951b17db4596fc14261b3120a4cd30d50440ed53fbcbeb6957ef8a38a33,2022-06,Cambridgeshire Constabulary,Cambridgeshire Constabulary,-0.069119,52.324508,On or near Meadow Close,E01018168,Huntingdonshire 013C,Public order,Local resolution,
3fd84f21482556b8d41e6e2eda4b65f27c553f51c0c511757bfcfa69accbb7a1,2022-06,Cambridgeshire Constabulary,Cambridgeshire Constabulary,-0.075558,52.322545,On or near London Road,E01018168,Huntingdonshire 013C,Public order,Investigation complete; no suspect identified,
447d614ae469cb5afd1159c6bc2413e2aef187026c689d4fb2210c178e4fd638,2022-06,Cambridgeshire Constabulary,Cambridgeshire Constabulary,-0.071544,52.323729,On or near Oliver Road,E01018168,Huntingdonshire 013C,Public order,Unable to prosecute suspect,
72f0deada7abb2eeaa7bc49bad465dddbc79cb78878780f7ff8247dc24dfbe92,2022-06,Cambridgeshire Constabulary,Cambridgeshire Constabulary,-0.074106,52.324553,On or near Nightclub,E01018168,Huntingdonshire 013C,Shoplifting,Local resolution,
fbe0f42e7fd35f0d90750040804d332ca196a19a35a8079f3ed747bfa06aa090,2022-06,Cambridgeshire Constabulary,Cambridgeshire Constabulary,-0.072983,52.323384,On or near The Pavement,E01018168,Huntingdonshire 013C,Shoplifting,Court result unavailable,
47c0c5b4c895572ad57476d742d86c6b59e9a87a67258306d21b28eac7164b69,2022-06,Cambridgeshire Constabulary,Cambridgeshire Constabulary,-0.071377,52.323187,On or near Market Road,E01018168,Huntingdonshire 013C,Theft from the person,Investigation complete; no suspect identified,
9765617b68a212fbf517f2d31e56a4503c76d4293c593918940e7dde857ba91d,2022-06,Cambridgeshire Constabulary,Cambridgeshire Constabulary,-0.076079,52.324738,On or near The Broadway,E01018168,Huntingdonshire 013C,Violence and sexual offences,Unable to prosecute suspect,
42e86f690926fd9e0fb75c5d46f8dc1874a313a2779766dd56ea4f4460511ca8,2022-06,Cambridgeshire Constabulary,Cambridgeshire Constabulary,-0.071377,52.323187,On or near Market Road,E01018168,Huntingdonshire 013C,Violence and sexual offences,Court result unavailable,
bd58c86ecf7d2e2354a278f50ed75b591c59bfab2b824039e77f1c95e384c88f,2022-06,Cambridgeshire Constabulary,Cambridgeshire Constabulary,-0.073055,52.322405,On or near Birt Lane,E01018168,Huntingdonshire 013C,Violence and sexual offences,Unable to prosecute suspect,
00ad1f71b4f3b4f7ee03ecc687d0ced71e23d7c83370d78029b23f09cbe6bbe0,2022-06,Cambridgeshire Constabulary,Cambridgeshire Constabulary,-0.074553,52.327429,On or near Norris Road,E01018168,Huntingdonshire 013C,Violence and sexual offences,Unable to prosecute suspect,
484073dbad442cb10d7291a62cfac3952bb9e09e89e0751bd8856a25bbfd0e64,2022-06,Cambridgeshire Constabulary,Cambridgeshire Constabulary,-0.073055,52.322405,On or near Birt Lane,E01018168,Huntingdonshire 013C,Violence and sexual offences,Unable to prosecute suspect,
25e07ef77e98e7cee0249b4b3f5f1ff61639dd14bcb7875d4b09842821f28608,2022-06,Cambridgeshire Constabulary,Cambridgeshire Constabulary,-0.074553,52.327429,On or near Norris Road,E01018168,Huntingdonshire 013C,Violence and sexual offences,Unable to prosecute suspect,
7e6f2e3d368e9b8800e5c7f03d30a9615e2a31e9d46dc36df599db9ce769db5a,2022-06,Cambridgeshire Constabulary,Cambridgeshire Constabulary,-0.073250,52.324000,On or near Conference/Exhibition Centre,E01018168,Huntingdonshire 013C,Violence and sexual offences,Court result unavailable,
12d12e52a04e105a51f17732945febbcf5c3dd57105a70d950f791aa262ebf39,2022-06,Cambridgeshire Constabulary,Cambridgeshire Constabulary,-0.074609,52.322781,On or near The Quay,E01018168,Huntingdonshire 013C,Violence and sexual offences,Investigation complete; no suspect identified,
,2022-06,Cambridgeshire Constabulary,Cambridgeshire Constabulary,-0.083499,52.332672,On or near High Leys,E01018169,Huntingdonshire 013D,Anti-social behaviour,,
,2022-06,Cambridgeshire Constabulary,Cambridgeshire Constabulary,-0.077192,52.330556,On or near Paragon Road,E01018169,Huntingdonshire 013D,Anti-social behaviour,,
,2022-06,Cambridgeshire Constabulary,Cambridgeshire Constabulary,-0.086467,52.333611,On or near Houghton Road,E01018169,Huntingdonshire 013D,Anti-social behaviour,,
b2d83ace30a1c669738070a4f0c4c9127aec473e4a1b8d62ec0c39fb42ce67d5,2022-06,Cambridgeshire Constabulary,Cambridgeshire Constabulary,-0.078976,52.327303,On or near Church Street,E01018169,Huntingdonshire 013D,Criminal damage and arson,Investigation complete; no suspect identified,
d3fcd48da5878c6e86286f8453f036f6fe8759f7b6d1306b0279e8de2b61d3ba,2022-06,Cambridgeshire Constabulary,Cambridgeshire Constabulary,-0.082295,52.330315,On or near Sports/Recreation Area,E01018169,Huntingdonshire 013D,Drugs,Offender given a caution,
4b656caba188f2dbcdce6e9227ee69808a2bdf36ebad1f15a60e14440f0f8861,2022-06,Cambridgeshire Constabulary,Cambridgeshire Constabulary,-0.082295,52.330315,On or near Sports/Recreation Area,E01018169,Huntingdonshire 013D,Drugs,Local resolution,
14c0d133280414bca7abc881be7a9d5b1b881f6ad4178b776ae0bab67325d141,2022-06,Cambridgeshire Constabulary,Cambridgeshire Constabulary,-0.077417,52.332475,On or near Petrol Station,E01018169,Huntingdonshire 013D,Other theft,Investigation complete; no suspect identified,
b17e368e89a533cf49bdbd588929b315bf29b3d7a99557c1ed95d5c633a24146,2022-06,Cambridgeshire Constabulary,Cambridgeshire Constabulary,-0.077417,52.332475,On or near Petrol Station,E01018169,Huntingdonshire 013D,Other theft,Investigation complete; no suspect identified,
642b86356c44aec717a35e0b4184dc9bb55212d50759f5a5474f9fee088af7cd,2022-06,Cambridgeshire Constabulary,Cambridgeshire Constabulary,-0.077417,52.332475,On or near Petrol Station,E01018169,Huntingdonshire 013D,Other theft,Investigation complete; no suspect identified,
6023911b10c352ade431f7fe6eed9f2ae6f826fa985fa2688758a3ff9679886f,2022-06,Cambridgeshire Constabulary,Cambridgeshire Constabulary,-0.082295,52.330315,On or near Sports/Recreation Area,E01018169,Huntingdonshire 013D,Vehicle crime,Investigation complete; no suspect identified,
5698ec9471e788ff3d60bb3399b5bf36ce63e39494b707c6a7e4fe193cd43f1d,2022-06,Cambridgeshire Constabulary,Cambridgeshire Constabulary,-0.079657,52.331585,On or near Green Leys,E01018169,Huntingdonshire 013D,Violence and sexual offences,Unable to prosecute suspect,
c10bca22bd250c36c062e877e426e3cb7dc54482ba141d4b3ad3030e7b00618a,2022-06,Cambridgeshire Constabulary,Cambridgeshire Constabulary,-0.086467,52.333611,On or near Houghton Road,E01018169,Huntingdonshire 013D,Violence and sexual offences,Investigation complete; no suspect identified,
1d5628b158a64c00bc696e0cbf7d6e38a8b9d1b55e3c3613d06bc4767f6726be,2022-06,Cambridgeshire Constabulary,Cambridgeshire Constabulary,-0.082295,52.330315,On or near Sports/Recreation Area,E01018169,Huntingdonshire 013D,Violence and sexual offences,Unable to prosecute suspect,
76f3c7dbab7ccb1aa71ecdab15b750af3910f411580bb95dda11360eb416dbc1,2022-06,Cambridgeshire Constabulary,Cambridgeshire Constabulary,-0.082295,52.330315,On or near Sports/Recreation Area,E01018169,Huntingdonshire 013D,Other crime,Unable to prosecute suspect,
,2022-06,Cambridgeshire Constabulary,Cambridgeshire Constabulary,-0.163024,52.315557,On or near Ravenshoe,E01018131,Huntingdonshire 014A,Anti-social behaviour,,
0ee8ebc375eac64f22a57cac7080ecb9aee47f201f8508c48b819231bd65c316,2022-06,Cambridgeshire Constabulary,Cambridgeshire Constabulary,-0.164116,52.319665,On or near Cambridge Road,E01018131,Huntingdonshire 014A,Criminal damage and arson,Investigation complete; no suspect identified,
018957deeddfa1be4e0c3810f8f2eccae910dadf9c067f02da3de7fc2b74f6a7,2022-06,Cambridgeshire Constabulary,Cambridgeshire Constabulary,-0.167149,52.320468,On or near Rectory Gardens,E01018131,Huntingdonshire 014A,Public order,Investigation complete; no suspect identified,
bbde70da9219229a0dddd1d3cb50f52ef74ceb1386af415f05bc4dbcb030de28,2022-06,Cambridgeshire Constabulary,Cambridgeshire Constabulary,-0.162881,52.316877,On or near Pettit Road,E01018131,Huntingdonshire 014A,Public order,Investigation complete; no suspect identified,
caa71ab8fc7da4f446dbf78e85710aa71b9305ae437e0ee5850278fc8a9b61a5,2022-06,Cambridgeshire Constabulary,Cambridgeshire Constabulary,-0.165390,52.315468,On or near Bascraft Way,E01018131,Huntingdonshire 014A,Violence and sexual offences,Further action is not in the public interest,
a219173d91e206f14385d9856e6cd9e712c2ee46e1e031b89fbd924dc646ed17,2022-06,Cambridgeshire Constabulary,Cambridgeshire Constabulary,-0.163024,52.315557,On or near Ravenshoe,E01018131,Huntingdonshire 014A,Violence and sexual offences,Unable to prosecute suspect,
,2022-06,Cambridgeshire Constabulary,Cambridgeshire Constabulary,-0.175911,52.320783,On or near Post Street,E01018132,Huntingdonshire 014B,Anti-social behaviour,,
8ba26ddb829a334e955f16059f24415fe5dae98a0d49ad5eb07f866a8f83bac0,2022-06,Cambridgeshire Constabulary,Cambridgeshire Constabulary,-0.159119,52.315973,On or near Chester Way,E01018132,Huntingdonshire 014B,Other theft,Investigation complete; no suspect identified,
e682d7fdfec1c91df8187e9f653fcff4a09d80068e02a4ccba31b46e3cc69082,2022-06,Cambridgeshire Constabulary,Cambridgeshire Constabulary,-0.159119,52.315973,On or near Chester Way,E01018132,Huntingdonshire 014B,Other theft,Investigation complete; no suspect identified,
fa99544494b4d398f5086923baf519d8f3bbc2135222b466f4d4aeb9dcbbc1f1,2022-06,Cambridgeshire Constabulary,Cambridgeshire Constabulary,-0.159119,52.315973,On or near Chester Way,E01018132,Huntingdonshire 014B,Other theft,Investigation complete; no suspect identified,
bcd47d4f58f7009ec82c85c4f5c6dc83fca484b32a8805201b3d96a4e49229e8,2022-06,Cambridgeshire Constabulary,Cambridgeshire Constabulary,-0.159119,52.315973,On or near Chester Way,E01018132,Huntingdonshire 014B,Other theft,Investigation complete; no suspect identified,
2e8821be302ef205819d82c248fc1c4c920eaa273e065ee0b49d4d394a468a5d,2022-06,Cambridgeshire Constabulary,Cambridgeshire Constabulary,-0.159119,52.315973,On or near Chester Way,E01018132,Huntingdonshire 014B,Other theft,Investigation complete; no suspect identified,
a39b3a2c9d9b7f4c4c8bacd450d4da28ffef537c9dc346c533a0b6749163f73b,2022-06,Cambridgeshire Constabulary,Cambridgeshire Constabulary,-0.159119,52.315973,On or near Chester Way,E01018132,Huntingdonshire 014B,Other theft,Investigation complete; no suspect identified,
b776166233600045f06f5de83e8f804385c2e6001b1f701ad105f44a90faab41,2022-06,Cambridgeshire Constabulary,Cambridgeshire Constabulary,-0.159119,52.315973,On or near Chester Way,E01018132,Huntingdonshire 014B,Other theft,Investigation complete; no suspect identified,
1179a9dc7c20f9a41c681d600e14a5a1567add2fac57517f7c8666e9339f2271,2022-06,Cambridgeshire Constabulary,Cambridgeshire Constabulary,-0.159119,52.315973,On or near Chester Way,E01018132,Huntingdonshire 014B,Other theft,Investigation complete; no suspect identified,
9d77c79bbaaa11df2e28256254f2003ae9460ed310cfe88c5af0b7fd15efcf96,2022-06,Cambridgeshire Constabulary,Cambridgeshire Constabulary,-0.159119,52.315973,On or near Chester Way,E01018132,Huntingdonshire 014B,Other theft,Investigation complete; no suspect identified,
85130d2a790a6e1d1d98a85aa8b8ebdd8f6f1b9160ecb6d053ef0f929d258ada,2022-06,Cambridgeshire Constabulary,Cambridgeshire Constabulary,-0.174277,52.317701,On or near Granary Close,E01018132,Huntingdonshire 014B,Public order,Unable to prosecute suspect,
58edbe0616cf30b95abe02b5666daaaf8fc2d42e5110c4be172a32144e909a1f,2022-06,Cambridgeshire Constabulary,Cambridgeshire Constabulary,-0.175401,52.319265,On or near Parking Area,E01018132,Huntingdonshire 014B,Public order,Unable to prosecute suspect,
d6c68b06431724d4a8a7061de68f48376e444b712eccd13da4f85b06aafc800d,2022-06,Cambridgeshire Constabulary,Cambridgeshire Constabulary,-0.190960,52.314073,On or near Berry Lane,E01018132,Huntingdonshire 014B,Public order,Unable to prosecute suspect,
520e3a2db22de3bb6166b7a1276504f865b7c5e0506f4d25d87b8da92af76e0a,2022-06,Cambridgeshire Constabulary,Cambridgeshire Constabulary,-0.175228,52.315630,On or near Allen Farm Close,E01018132,Huntingdonshire 014B,Vehicle crime,Investigation complete; no suspect identified,
d1635d24ffb7e3f30cb307b535e6f2324f5495244d8390dfd3de839072d70d9b,2022-06,Cambridgeshire Constabulary,Cambridgeshire Constabulary,-0.159119,52.315973,On or near Chester Way,E01018132,Huntingdonshire 014B,Violence and sexual offences,Unable to prosecute suspect,
61b86c633de098c1e136a7155c949b0ca09ced6cd50978dce4bbb499cbc306bc,2022-06,Cambridgeshire Constabulary,Cambridgeshire Constabulary,-0.173221,52.317343,On or near Oakleigh Crescent,E01018132,Huntingdonshire 014B,Violence and sexual offences,Investigation complete; no suspect identified,
196f56b4916405a15b3dd39e4328c9fcdd0638a6cc3fc7e815a874d1f6989d3f,2022-06,Cambridgeshire Constabulary,Cambridgeshire Constabulary,-0.173221,52.317343,On or near Oakleigh Crescent,E01018132,Huntingdonshire 014B,Violence and sexual offences,Investigation complete; no suspect identified,
bcafb09618f0b8256ce917bbe4611cee1586dd3f0d00a2d27cac31a306504557,2022-06,Cambridgeshire Constabulary,Cambridgeshire Constabulary,-0.159119,52.315973,On or near Chester Way,E01018132,Huntingdonshire 014B,Violence and sexual offences,Investigation complete; no suspect identified,
,2022-06,Cambridgeshire Constabulary,Cambridgeshire Constabulary,-0.167915,52.318627,On or near Supermarket,E01018133,Huntingdonshire 014C,Anti-social behaviour,,
,2022-06,Cambridgeshire Constabulary,Cambridgeshire Constabulary,-0.167915,52.318627,On or near Supermarket,E01018133,Huntingdonshire 014C,Anti-social behaviour,,
ea5872c7d078eaa104c560e4f3f9cd41db09463085b9905ad5cedf6802198a0c,2022-06,Cambridgeshire Constabulary,Cambridgeshire Constabulary,-0.165152,52.311293,On or near Sports/Recreation Area,E01018133,Huntingdonshire 014C,Criminal damage and arson,Unable to prosecute suspect,
024b9666dc30b20f8b28ad04aa7245bfc330fcefe7844f1b351b508340df8401,2022-06,Cambridgeshire Constabulary,Cambridgeshire Constabulary,-0.165152,52.311293,On or near Sports/Recreation Area,E01018133,Huntingdonshire 014C,Criminal damage and arson,Investigation complete; no suspect identified,
c05ddf0aefab2d00922b36fb7a444a4377d0822e802a9101931a65bb85ba838f,2022-06,Cambridgeshire Constabulary,Cambridgeshire Constabulary,-0.165152,52.311293,On or near Sports/Recreation Area,E01018133,Huntingdonshire 014C,Criminal damage and arson,Investigation complete; no suspect identified,
383bba73e442b3879f5d0207ee1c5c153f23762bcc078fe2c227003c73363967,2022-06,Cambridgeshire Constabulary,Cambridgeshire Constabulary,-0.165152,52.311293,On or near Sports/Recreation Area,E01018133,Huntingdonshire 014C,Criminal damage and arson,Investigation complete; no suspect identified,
53eb3d026a81f7e19129026cb91e6ddfaba94189c36c01f882019950f170aeaa,2022-06,Cambridgeshire Constabulary,Cambridgeshire Constabulary,-0.166296,52.313432,On or near Roman Way,E01018133,Huntingdonshire 014C,Criminal damage and arson,Investigation complete; no suspect identified,
f6eb09e1e7fecf41b5c02cd2468ef55ca1f442a376565ccda1ec2f52f3e21051,2022-06,Cambridgeshire Constabulary,Cambridgeshire Constabulary,-0.168008,52.315311,On or near Peate Close,E01018133,Huntingdonshire 014C,Drugs,Court result unavailable,
d5728c4ee237d756cca4bdae061a8e559e74a7c8188cd6c33b3f65037fdb8a9b,2022-06,Cambridgeshire Constabulary,Cambridgeshire Constabulary,-0.168008,52.315311,On or near Peate Close,E01018133,Huntingdonshire 014C,Public order,Unable to prosecute suspect,
659fcb7c0cefecd3c5d9b1cfb26e8716ad8bacd16f99f7eedc8434983fd3c722,2022-06,Cambridgeshire Constabulary,Cambridgeshire Constabulary,-0.169010,52.315192,On or near Croftfield Road,E01018133,Huntingdonshire 014C,Public order,Investigation complete; no suspect identified,
de7393b73a45747da6f82a44f5731315282717c50679c17c6677eafd4461eb11,2022-06,Cambridgeshire Constabulary,Cambridgeshire Constabulary,-0.166296,52.313432,On or near Roman Way,E01018133,Huntingdonshire 014C,Public order,Unable to prosecute suspect,
ceb54beeefa0c555ee1a1dbf6b4fa999d164f7a269609ea1cd45458202b345ff,2022-06,Cambridgeshire Constabulary,Cambridgeshire Constabulary,-0.165152,52.311293,On or near Sports/Recreation Area,E01018133,Huntingdonshire 014C,Public order,Unable to prosecute suspect,
8752fdfa5015402501be3c129c0bc977d8bc7a64fb651c451e2c165161a01248,2022-06,Cambridgeshire Constabulary,Cambridgeshire Constabulary,-0.165152,52.311293,On or near Sports/Recreation Area,E01018133,Huntingdonshire 014C,Shoplifting,Investigation complete; no suspect identified,
39567468d768a3ccda3f8dfc0fe8117e26a74d14a2780c8e5cd4367e93fc0cac,2022-06,Cambridgeshire Constabulary,Cambridgeshire Constabulary,-0.165152,52.311293,On or near Sports/Recreation Area,E01018133,Huntingdonshire 014C,Violence and sexual offences,Unable to prosecute suspect,
dddc6eb917850cd63116c9233e8d780f64b747185aa3ba529c1c5c56b144d32d,2022-06,Cambridgeshire Constabulary,Cambridgeshire Constabulary,-0.166331,52.314710,On or near Dovehouse Close,E01018133,Huntingdonshire 014C,Violence and sexual offences,Unable to prosecute suspect,
f9ea9a3541a2b3ab72ac550d4e233ff663ebda63de8126d5a92d4eaf6532dea8,2022-06,Cambridgeshire Constabulary,Cambridgeshire Constabulary,-0.166296,52.313432,On or near Roman Way,E01018133,Huntingdonshire 014C,Violence and sexual offences,Unable to prosecute suspect,
0833cb888c3f75b8d772b80882c00539a81d07a00bc6a48b3882bec276abdbd6,2022-06,Cambridgeshire Constabulary,Cambridgeshire Constabulary,-0.165152,52.311293,On or near Sports/Recreation Area,E01018133,Huntingdonshire 014C,Violence and sexual offences,Unable to prosecute suspect,
7455d5ae7677d97a1eeeb1bc81e2c749a44356dd8d0469350064f87ede7abab5,2022-06,Cambridgeshire Constabulary,Cambridgeshire Constabulary,-0.166846,52.310761,On or near Martin Close,E01018133,Huntingdonshire 014C,Violence and sexual offences,Local resolution,
eb7eb70015c3f6004e83cf92216f1123b7ba6087dd1b1ea27d5cc1c1a820409a,2022-06,Cambridgeshire Constabulary,Cambridgeshire Constabulary,-0.166331,52.314710,On or near Dovehouse Close,E01018133,Huntingdonshire 014C,Violence and sexual offences,Unable to prosecute suspect,
16c07bbc7196fca3929b18a7d2c8161ef217ea1ed80bc4b38a17648275315305,2022-06,Cambridgeshire Constabulary,Cambridgeshire Constabulary,-0.165152,52.311293,On or near Sports/Recreation Area,E01018133,Huntingdonshire 014C,Other crime,Local resolution,
21b29b7a0fdadfd231e3b9a3c6f9528b1a94066fbdad97c7234b4eb6542fa8da,2022-06,Cambridgeshire Constabulary,Cambridgeshire Constabulary,-0.165152,52.311293,On or near Sports/Recreation Area,E01018133,Huntingdonshire 014C,Other crime,Local resolution,
099290555c714efd6fd0ecab2b84fb019d37eec4a1bcf95c2bb7d93cbfed9cc9,2022-06,Cambridgeshire Constabulary,Cambridgeshire Constabulary,-0.166331,52.314710,On or near Dovehouse Close,E01018133,Huntingdonshire 014C,Other crime,Unable to prosecute suspect,
82fac5dea86fac9447ba49fb40b4fe84fc9c336f9473b98daf58b0585709dfd4,2022-06,Cambridgeshire Constabulary,Cambridgeshire Constabulary,-0.171994,52.315427,On or near Betts Close,E01018134,Huntingdonshire 014D,Theft from the person,Investigation complete; no suspect identified,
058165e0f9dc42a10c4a5d8e97dc3f5e9c474b3a8351cb1bd533430b0b0cbffa,2022-06,Cambridgeshire Constabulary,Cambridgeshire Constabulary,-0.169588,52.311514,On or near Brick Kilns,E01018134,Huntingdonshire 014D,Violence and sexual offences,Status update unavailable,
4c624947a9238a9a6ae64edf53451d7d532a8b8cc62e6ae52440abc713f56856,2022-06,Cambridgeshire Constabulary,Cambridgeshire Constabulary,-0.169588,52.311514,On or near Brick Kilns,E01018134,Huntingdonshire 014D,Violence and sexual offences,Status update unavailable,
85249dfd295a3a97956a48c9566b37a96e45b83e143e8e329f9e730946711a80,2022-06,Cambridgeshire Constabulary,Cambridgeshire Constabulary,-0.170099,52.308007,On or near Hudpool,E01018134,Huntingdonshire 014D,Violence and sexual offences,Unable to prosecute suspect,
63715b39a7b3b1b66250981f22cc29599bf8e797e880156da14da0cac38b3b34,2022-06,Cambridgeshire Constabulary,Cambridgeshire Constabulary,-0.170099,52.308007,On or near Hudpool,E01018134,Huntingdonshire 014D,Other crime,Local resolution,
,2022-06,Cambridgeshire Constabulary,Cambridgeshire Constabulary,-0.314342,52.376949,On or near Church Road,E01018125,Huntingdonshire 015A,Anti-social behaviour,,
43fab42260738500e0c407b2371bb44320146ea9ab75a1bc99a669a517b7b4ab,2022-06,Cambridgeshire Constabulary,Cambridgeshire Constabulary,-0.314342,52.376949,On or near Church Road,E01018125,Huntingdonshire 015A,Public order,Status update unavailable,
c8a4d00d84f5a5603608cdce397c2011e59c830a5e8a37e07412efaa7e143e71,2022-06,Cambridgeshire Constabulary,Cambridgeshire Constabulary,-0.314342,52.376949,On or near Church Road,E01018125,Huntingdonshire 015A,Public order,Status update unavailable,
61cc014649041785ac0332495dd14ba4bffc1b703d03ba8e1589b28a5722ac8e,2022-06,Cambridgeshire Constabulary,Cambridgeshire Constabulary,-0.345276,52.341727,On or near Church Lane,E01018125,Huntingdonshire 015A,Vehicle crime,Investigation complete; no suspect identified,
695a1b32d202e984a49e285126e7b8a06d61d6db21f6c880724c51c13cdfd865,2022-06,Cambridgeshire Constabulary,Cambridgeshire Constabulary,-0.314342,52.376949,On or near Church Road,E01018125,Huntingdonshire 015A,Violence and sexual offences,Unable to prosecute suspect,
,2022-06,Cambridgeshire Constabulary,Cambridgeshire Constabulary,-0.406315,52.346189,On or near High Street,E01018126,Huntingdonshire 015B,Anti-social behaviour,,
4f8828f5b238729bd370398bf4aa7f27fa0b92cc9ac2c8d01f21429f1443423b,2022-06,Cambridgeshire Constabulary,Cambridgeshire Constabulary,-0.411007,52.369683,On or near Church Lane,E01018126,Huntingdonshire 015B,Criminal damage and arson,Investigation complete; no suspect identified,
0ca6be7d0080332912429f5726834b878dbb96d19ba0ebb4ab456e1021e89f02,2022-06,Cambridgeshire Constabulary,Cambridgeshire Constabulary,-0.407989,52.362522,On or near Brington Gorse,E01018126,Huntingdonshire 015B,Drugs,Unable to prosecute suspect,
f0d1e9867fe2238c911e0a3e8c730e3ce8c2622dfe3f4501f691381d416fdcc4,2022-06,Cambridgeshire Constabulary,Cambridgeshire Constabulary,-0.409827,52.394770,On or near Cockbrook Lane,E01018126,Huntingdonshire 015B,Other theft,Investigation complete; no suspect identified,
a95f77cbc0a4e6a81fc6a122ab68132b8e52018d224ce0a7b4b76877469e29dd,2022-06,Cambridgeshire Constabulary,Cambridgeshire Constabulary,-0.411007,52.369683,On or near Church Lane,E01018126,Huntingdonshire 015B,Other theft,Investigation complete; no suspect identified,
55ea12f0ef55d103aee439eb38d283a3a35b1f5bb444381979e9b741872142c7,2022-06,Cambridgeshire Constabulary,Cambridgeshire Constabulary,-0.407989,52.362522,On or near Brington Gorse,E01018126,Huntingdonshire 015B,Public order,Court result unavailable,
1613530309d100724855d13041df823b3afe4b49bd889f51b65ad739170ad671,2022-06,Cambridgeshire Constabulary,Cambridgeshire Constabulary,-0.476678,52.379584,On or near Parking Area,E01018126,Huntingdonshire 015B,Vehicle crime,Investigation complete; no suspect identified,
d636d83113d226c215f54ef24daa3ab3df06659a680d4286153cd20ff0615646,2022-06,Cambridgeshire Constabulary,Cambridgeshire Constabulary,-0.448872,52.370204,On or near School Lane,E01018126,Huntingdonshire 015B,Vehicle crime,Investigation complete; no suspect identified,
,2022-06,Cambridgeshire Constabulary,Cambridgeshire Constabulary,-0.342695,52.274904,On or near The Green,E01018152,Huntingdonshire 015C,Anti-social behaviour,,
7e7a12c39b5d0e2804f91c9c0c17df84d8a0defb5eafc67d79b438ec52284e59,2022-06,Cambridgeshire Constabulary,Cambridgeshire Constabulary,-0.293333,52.245762,On or near Ford End,E01018152,Huntingdonshire 015C,Criminal damage and arson,Investigation complete; no suspect identified,
0b39ef386ddca686601862b7c69bdafa765ac4865f445b6b7b4f7da2ebfd7bf2,2022-06,Cambridgeshire Constabulary,Cambridgeshire Constabulary,-0.296931,52.243233,On or near Kimbolton Road,E01018152,Huntingdonshire 015C,Violence and sexual offences,Unable to prosecute suspect,
8f9f7687772c2a4bbed47506a4bfc7d3c8a087e57f83cf032e069609f6616e11,2022-06,Cambridgeshire Constabulary,Cambridgeshire Constabulary,-0.296931,52.243233,On or near Kimbolton Road,E01018152,Huntingdonshire 015C,Violence and sexual offences,Unable to prosecute suspect,
4a5d8932fd78ea0dd3d341949f8ff4db202f3ae14de7c229584adce6c6acb688,2022-06,Cambridgeshire Constabulary,Cambridgeshire Constabulary,-0.300603,52.246406,On or near Crown Close,E01018152,Huntingdonshire 015C,Other crime,Unable to prosecute suspect,
56fb5b79b03fb8176ddc664ed6ea95c32ca675a6e16859f0a025b3cc358b3059,2022-06,Cambridgeshire Constabulary,Cambridgeshire Constabulary,-0.393952,52.301660,On or near Station Road,E01018153,Huntingdonshire 015D,Criminal damage and arson,Local resolution,
bf8a933b7c5f990bdecf7225e769d48826a3fa4e9592b29d0de5cf0d5804d161,2022-06,Cambridgeshire Constabulary,Cambridgeshire Constabulary,-0.390438,52.299059,On or near Petrol Station,E01018153,Huntingdonshire 015D,Other theft,Investigation complete; no suspect identified,
b586c0e111006c3eb40cf9ec532ab876b91996afbbeeeacf10ecd9c7282027e1,2022-06,Cambridgeshire Constabulary,Cambridgeshire Constabulary,-0.390438,52.299059,On or near Petrol Station,E01018153,Huntingdonshire 015D,Other theft,Investigation complete; no suspect identified,
65cc5cdbb0f39b1b07d823e32b8b593a11c380774e72ef25ded70dea0010504a,2022-06,Cambridgeshire Constabulary,Cambridgeshire Constabulary,-0.393359,52.302245,On or near Maurice Close,E01018153,Huntingdonshire 015D,Possession of weapons,Offender given a caution,
76aad864291408e748073776628d7284ba3f806835057e769ac50db49edb8907,2022-06,Cambridgeshire Constabulary,Cambridgeshire Constabulary,-0.390438,52.299059,On or near Petrol Station,E01018153,Huntingdonshire 015D,Public order,Investigation complete; no suspect identified,
8e2f7cbb82c423c938e6da2ecfd941499bb90deff33d32e845d2dee0485e851a,2022-06,Cambridgeshire Constabulary,Cambridgeshire Constabulary,-0.391689,52.301782,On or near Tudor Court,E01018153,Huntingdonshire 015D,Vehicle crime,Investigation complete; no suspect identified,
54625a100d1159af5319f8963b6e5b68e0d95e2878bcdcab71d933e3b8b343e6,2022-06,Cambridgeshire Constabulary,Cambridgeshire Constabulary,-0.393359,52.302245,On or near Maurice Close,E01018153,Huntingdonshire 015D,Violence and sexual offences,Status update unavailable,
7d4451cdab8fe0c1570833e87dacfa005c410b160a61a355e5f9d1ffd180d4a6,2022-06,Cambridgeshire Constabulary,Cambridgeshire Constabulary,-0.393952,52.301660,On or near Station Road,E01018153,Huntingdonshire 015D,Violence and sexual offences,Unable to prosecute suspect,
d0d6fd73b79b40ce1f3a9736a19d7ee0d44d8d06b672f1b291e73993dbfe4e8b,2022-06,Cambridgeshire Constabulary,Cambridgeshire Constabulary,-0.059372,52.292707,On or near Huntingdon Road,E01018129,Huntingdonshire 016A,Burglary,Investigation complete; no suspect identified,
308b2c8f84a6906beac233f00a2ce28cc8d22f047b641562302dc0a83907ff91,2022-06,Cambridgeshire Constabulary,Cambridgeshire Constabulary,-0.079192,52.294883,On or near Pear Tree Close,E01018129,Huntingdonshire 016A,Other theft,Investigation complete; no suspect identified,
1a0bdc89015a3bef531325607ff4d5edff78e1e9f286418aea19bff400a85b71,2022-06,Cambridgeshire Constabulary,Cambridgeshire Constabulary,-0.069044,52.299267,On or near Cherry Tree Way,E01018129,Huntingdonshire 016A,Public order,Investigation complete; no suspect identified,
d70c8a8d1c5ec94061d95843a365556208a0e4e9738e7deefb4bae7cbc9dd3f7,2022-06,Cambridgeshire Constabulary,Cambridgeshire Constabulary,-0.081846,52.314564,On or near Maytrees,E01018129,Huntingdonshire 016A,Violence and sexual offences,Unable to prosecute suspect,
e7adf3ad381470fc7755b773052afea3cdd7e3f3abb3060d6c29facfd147ce17,2022-06,Cambridgeshire Constabulary,Cambridgeshire Constabulary,-0.081846,52.314564,On or near Maytrees,E01018129,Huntingdonshire 016A,Violence and sexual offences,Unable to prosecute suspect,
19871cbeba460b792f372b51ec994273dd9101e2c14b2323f70989873e28ae6d,2022-06,Cambridgeshire Constabulary,Cambridgeshire Constabulary,-0.081846,52.314564,On or near Maytrees,E01018129,Huntingdonshire 016A,Violence and sexual offences,Unable to prosecute suspect,
926ae64be95b50b0c90140cb66c297f1785d2cd0b9ca5dc3046348e74b736e16,2022-06,Cambridgeshire Constabulary,Cambridgeshire Constabulary,-0.081846,52.314564,On or near Maytrees,E01018129,Huntingdonshire 016A,Violence and sexual offences,Unable to prosecute suspect,
9ad6aab9f261711e324ffae6a046d200e0a1dabf0d3af30f9dd9693bbebc8e6f,2022-06,Cambridgeshire Constabulary,Cambridgeshire Constabulary,-0.081846,52.314564,On or near Maytrees,E01018129,Huntingdonshire 016A,Violence and sexual offences,Unable to prosecute suspect,
14cd9e889e08df8ab06795f343ae5de0da8daec94480ae799c2f2511d2b9b0a7,2022-06,Cambridgeshire Constabulary,Cambridgeshire Constabulary,-0.062785,52.295154,On or near Cambridge Road,E01018129,Huntingdonshire 016A,Violence and sexual offences,Unable to prosecute suspect,
5a4e66b0301d25f05f4bcc6ea70a964635e878c1e5f76bc5254441470f11ff6e,2022-06,Cambridgeshire Constabulary,Cambridgeshire Constabulary,-0.065669,52.297270,On or near Rookery Way,E01018129,Huntingdonshire 016A,Violence and sexual offences,Unable to prosecute suspect,
,2022-06,Cambridgeshire Constabulary,Cambridgeshire Constabulary,-0.070726,52.300374,On or near Chequer Street,E01018130,Huntingdonshire 016B,Anti-social behaviour,,
,2022-06,Cambridgeshire Constabulary,Cambridgeshire Constabulary,-0.063718,52.296617,On or near Tythe Piece,E01018130,Huntingdonshire 016B,Anti-social behaviour,,
5194229a0fc98a64c1bee3ab76a5fc6533bb9be457e694dae042704f2a2d67ff,2022-06,Cambridgeshire Constabulary,Cambridgeshire Constabulary,-0.074334,52.302402,On or near Sports/Recreation Area,E01018130,Huntingdonshire 016B,Other theft,Investigation complete; no suspect identified,
d4543f68e5693735ae22a978d9e204b47e3fd2ce9b3460a549eba771977393b4,2022-06,Cambridgeshire Constabulary,Cambridgeshire Constabulary,-0.074334,52.302402,On or near Sports/Recreation Area,E01018130,Huntingdonshire 016B,Other theft,Investigation complete; no suspect identified,
cd03d448acc1e1b659a1b6a7f3f59ec13bd2f21528c96d303a17415be47b4aa2,2022-06,Cambridgeshire Constabulary,Cambridgeshire Constabulary,-0.074334,52.302402,On or near Sports/Recreation Area,E01018130,Huntingdonshire 016B,Other theft,Investigation complete; no suspect identified,
44b4721673e060ae6e02e60aada38ac4a0c4c25cb0ce43621e5ef8053f4471eb,2022-06,Cambridgeshire Constabulary,Cambridgeshire Constabulary,-0.067445,52.296903,On or near Oaklands,E01018130,Huntingdonshire 016B,Public order,Unable to prosecute suspect,
480517c9a194706e8209c3f95fd8b517d423a798a9f9f602cc4921d18c8ea9b8,2022-06,Cambridgeshire Constabulary,Cambridgeshire Constabulary,-0.075720,52.298513,On or near Cambridge Road,E01018130,Huntingdonshire 016B,Public order,Investigation complete; no suspect identified,
90594865c08c1ac10153ca9f5bd5839ab9c6583be30a3f63c96c1012ba3f0e49,2022-06,Cambridgeshire Constabulary,Cambridgeshire Constabulary,-0.069816,52.301402,On or near Manor Drive,E01018130,Huntingdonshire 016B,Theft from the person,Unable to prosecute suspect,
b3060732ed980c2d035553f87f9182671d2cacd7821c574390e5e516e2b10e47,2022-06,Cambridgeshire Constabulary,Cambridgeshire Constabulary,-0.067249,52.302079,On or near Honey Hill,E01018130,Huntingdonshire 016B,Vehicle crime,Investigation complete; no suspect identified,
6f16e56ef59f86573e10c193ddf5dcab89e080440b384ddec091e17b4e2243e1,2022-06,Cambridgeshire Constabulary,Cambridgeshire Constabulary,-0.061415,52.295285,On or near Pitfield Close,E01018130,Huntingdonshire 016B,Violence and sexual offences,Unable to prosecute suspect,
0194175cf7c77940c84c248ab795572fdfb1ba2c64e1a4ec100b15018acf4793,2022-06,Cambridgeshire Constabulary,Cambridgeshire Constabulary,-0.063019,52.296498,On or near Simmer Piece,E01018130,Huntingdonshire 016B,Violence and sexual offences,Investigation complete; no suspect identified,
3e9a216cdb2b0c9f3795be149fd094972a14f0561bcef8cb2b85696156e7980b,2022-06,Cambridgeshire Constabulary,Cambridgeshire Constabulary,-0.061415,52.295285,On or near Pitfield Close,E01018130,Huntingdonshire 016B,Violence and sexual offences,Unable to prosecute suspect,
539af1696c4396903e6653e0baa86703ca2f030010c6cafec3b7d4591af8918f,2022-06,Cambridgeshire Constabulary,Cambridgeshire Constabulary,-0.061415,52.295285,On or near Pitfield Close,E01018130,Huntingdonshire 016B,Violence and sexual offences,Unable to prosecute suspect,
7aad911d97c5513db87521118770afc0dd08a4ba958c21fb207f16ee36b13a88,2022-06,Cambridgeshire Constabulary,Cambridgeshire Constabulary,-0.069816,52.301402,On or near Manor Drive,E01018130,Huntingdonshire 016B,Violence and sexual offences,Unable to prosecute suspect,
ecfec950e3d9d7c9242b42d17893d819fe736be7d79607e7d62ba5d791a7fdc9,2022-06,Cambridgeshire Constabulary,Cambridgeshire Constabulary,-0.105464,52.315646,On or near Burlington Way,E01018202,Huntingdonshire 016C,Public order,Status update unavailable,
9d4c376ec06d4e3e4b1535ba730c0ab82410a635e3e92f1b96dda4649158c3ee,2022-06,Cambridgeshire Constabulary,Cambridgeshire Constabulary,-0.105464,52.315646,On or near Burlington Way,E01018202,Huntingdonshire 016C,Public order,Status update unavailable,
3a34af5ffdf2caa20659200035b9db1a8682baa05fe011e182eb5ede6db27b40,2022-06,Cambridgeshire Constabulary,Cambridgeshire Constabulary,-0.095578,52.319012,On or near St Ives Road,E01018203,Huntingdonshire 016D,Other theft,Investigation complete; no suspect identified,
,2022-06,Cambridgeshire Constabulary,Cambridgeshire Constabulary,-0.101255,52.304645,On or near Park/Open Space,E01018204,Huntingdonshire 016E,Anti-social behaviour,,
6b807c91fe13d9e959c0a87771f068266d99c3c6e4186cadb4e3c273185ec9be,2022-06,Cambridgeshire Constabulary,Cambridgeshire Constabulary,-0.111391,52.277734,On or near Flackdale Road,E01018204,Huntingdonshire 016E,Violence and sexual offences,Unable to prosecute suspect,
7f93af9af2fbb6ed6f9ce56e08b6d6d6e676a53ccab5b5af7d912346b09ae5f8,2022-06,Cambridgeshire Constabulary,Cambridgeshire Constabulary,-0.114020,52.282110,On or near Chequers Croft,E01018204,Huntingdonshire 016E,Violence and sexual offences,Unable to prosecute suspect,
1b82350ee474af8dbd6249ab14b54cfd15f0126c750b0ca5caf40621c1ec7a37,2022-06,Cambridgeshire Constabulary,Cambridgeshire Constabulary,-0.111145,52.278701,On or near Church Lane,E01018204,Huntingdonshire 016E,Violence and sexual offences,Unable to prosecute suspect,
d2abc52bf816274e8a944609dde046377ae16c9d6a00b56b4ddffc2ab46dc375,2022-06,Cambridgeshire Constabulary,Cambridgeshire Constabulary,-0.111391,52.277734,On or near Flackdale Road,E01018204,Huntingdonshire 016E,Violence and sexual offences,Unable to prosecute suspect,
c2f154d088521dac31907e5ee10dd06e57f5f3cbbcab1adc8581c5679dd3df98,2022-06,Cambridgeshire Constabulary,Cambridgeshire Constabulary,-0.111391,52.277734,On or near Flackdale Road,E01018204,Huntingdonshire 016E,Violence and sexual offences,Unable to prosecute suspect,
52e40e8e08f1f67ce3d16ddb3cabc9ab966d9d5608908e9494b80b0bb7e1a2e7,2022-06,Cambridgeshire Constabulary,Cambridgeshire Constabulary,-0.111391,52.277734,On or near Flackdale Road,E01018204,Huntingdonshire 016E,Violence and sexual offences,Unable to prosecute suspect,
,2022-06,Cambridgeshire Constabulary,Cambridgeshire Constabulary,-0.141347,52.337787,On or near Huntingdon Road,E01018205,Huntingdonshire 016F,Anti-social behaviour,,
299dfc534235201ab02775b48ffa829b53d3cb1910b3f158ad56f5b98c1b77e6,2022-06,Cambridgeshire Constabulary,Cambridgeshire Constabulary,-0.120302,52.333893,On or near Laughton'S Lane,E01018205,Huntingdonshire 016F,Criminal damage and arson,Investigation complete; no suspect identified,
32d2a2bcc528cdcd843d17b7a7049f3284bb2022034b9a5d40c76a7ea371befd,2022-06,Cambridgeshire Constabulary,Cambridgeshire Constabulary,-0.299262,52.309425,On or near Cedar Close,E01018115,Huntingdonshire 017A,Burglary,Investigation complete; no suspect identified,
2754c7bb9e8343b434d2a4d20774fee7b6bbc5bb185d202e5503444c171b887d,2022-06,Cambridgeshire Constabulary,Cambridgeshire Constabulary,-0.321674,52.289299,On or near West Perry,E01018115,Huntingdonshire 017A,Other theft,Investigation complete; no suspect identified,
2fefe3c1bf3fd0c087b49875be74427e11cb17cfc8283a874e63c0eeffacb188,2022-06,Cambridgeshire Constabulary,Cambridgeshire Constabulary,-0.318330,52.281969,On or near Park/Open Space,E01018115,Huntingdonshire 017A,Violence and sexual offences,Court result unavailable,
0bdc2e803041bbe1c3b159b9fb865fda7bfbc985d6fa8031208baae614728d5b,2022-06,Cambridgeshire Constabulary,Cambridgeshire Constabulary,-0.318330,52.281969,On or near Park/Open Space,E01018115,Huntingdonshire 017A,Violence and sexual offences,Status update unavailable,
79d5e92602c1e1ac02e4d1c76067846a0c52c56ace345f5414878a3511e723c4,2022-06,Cambridgeshire Constabulary,Cambridgeshire Constabulary,-0.318330,52.281969,On or near Park/Open Space,E01018115,Huntingdonshire 017A,Violence and sexual offences,Unable to prosecute suspect,
a98df82ac5ccf059deaf9936d7cec7e08bf770d329f905fffceb2283fcef50e6,2022-06,Cambridgeshire Constabulary,Cambridgeshire Constabulary,-0.318330,52.281969,On or near Park/Open Space,E01018115,Huntingdonshire 017A,Violence and sexual offences,Status update unavailable,
1be4bca08a8c951a637da5fdbb3d6bf8e2f2dfa39bc04b82037b34c7e3f4f32b,2022-06,Cambridgeshire Constabulary,Cambridgeshire Constabulary,-0.318330,52.281969,On or near Park/Open Space,E01018115,Huntingdonshire 017A,Violence and sexual offences,Unable to prosecute suspect,
8e2b9450e74c19af2a7ba669c2261a9cf42f90d7dadda26c3477550421e601ba,2022-06,Cambridgeshire Constabulary,Cambridgeshire Constabulary,-0.318330,52.281969,On or near Park/Open Space,E01018115,Huntingdonshire 017A,Violence and sexual offences,Status update unavailable,
86f0570e74e7b860c6b599c598fd36de36863ea5f4211de99ad81f4c3b2447d1,2022-06,Cambridgeshire Constabulary,Cambridgeshire Constabulary,-0.318330,52.281969,On or near Park/Open Space,E01018115,Huntingdonshire 017A,Violence and sexual offences,Unable to prosecute suspect,
e9bafb6eab36bfb37d2cffd19365d1398d1877f06c0af2df7f192a76befef6ae,2022-06,Cambridgeshire Constabulary,Cambridgeshire Constabulary,-0.318330,52.281969,On or near Park/Open Space,E01018115,Huntingdonshire 017A,Other crime,Action to be taken by another organisation,
0e6e7de7a2ad56d825664c4db06a7005f8b6d6671c6957600ba9680116a3e55d,2022-06,Cambridgeshire Constabulary,Cambridgeshire Constabulary,-0.255296,52.292680,On or near Ivelbury Close,E01018119,Huntingdonshire 017B,Public order,Unable to prosecute suspect,
,2022-06,Cambridgeshire Constabulary,Cambridgeshire Constabulary,-0.213610,52.284243,On or near High Street,E01018137,Huntingdonshire 017D,Anti-social behaviour,,
67228882620240ec2a81caebff7db01b3d7168055ddab1ad78e0590a7f602b80,2022-06,Cambridgeshire Constabulary,Cambridgeshire Constabulary,-0.213079,52.286870,On or near The Cranny,E01018137,Huntingdonshire 017D,Criminal damage and arson,Investigation complete; no suspect identified,
4454a62cc6d87475ce96ed44c56a6a809b7e638c8db73793865ac9227cb7d826,2022-06,Cambridgeshire Constabulary,Cambridgeshire Constabulary,-0.207986,52.287008,On or near The Glebe,E01018137,Huntingdonshire 017D,Violence and sexual offences,Unable to prosecute suspect,
479cb1959702895243554bded4320a85d5af01446450b88e69662fb1dd5ba31a,2022-06,Cambridgeshire Constabulary,Cambridgeshire Constabulary,-0.213079,52.286870,On or near The Cranny,E01018137,Huntingdonshire 017D,Violence and sexual offences,Investigation complete; no suspect identified,
9895eab651ba326666cf3aaf4e9c71f9bc3cf23765d1bc810fab929cd8ff9967,2022-06,Cambridgeshire Constabulary,Cambridgeshire Constabulary,-0.213689,52.277537,On or near Blenheim Grove,E01018137,Huntingdonshire 017D,Violence and sexual offences,Unable to prosecute suspect,
ac184a24f10a597f18858fa9141c652c29222980b43edc33df18fed2abc3a0a5,2022-06,Cambridgeshire Constabulary,Cambridgeshire Constabulary,-0.213848,52.285254,On or near Rectory Leys,E01018137,Huntingdonshire 017D,Other crime,Unable to prosecute suspect,
,2022-06,Cambridgeshire Constabulary,Cambridgeshire Constabulary,-0.241901,52.234343,On or near Woodridge Crescent,E01018135,Huntingdonshire 018A,Anti-social behaviour,,
,2022-06,Cambridgeshire Constabulary,Cambridgeshire Constabulary,-0.243782,52.236772,On or near Priory Hill,E01018135,Huntingdonshire 018A,Anti-social behaviour,,
a09add144507485f81a8d5eedc638d43efa7d4d39ce3721fb39729ed150f63b6,2022-06,Cambridgeshire Constabulary,Cambridgeshire Constabulary,-0.242938,52.231077,On or near Great High Ground,E01018135,Huntingdonshire 018A,Criminal damage and arson,Investigation complete; no suspect identified,
a76bbfef8d031deaffb95326a480b0113d8be2c188cbcbc1ad2388c85f8cb967,2022-06,Cambridgeshire Constabulary,Cambridgeshire Constabulary,-0.249330,52.200349,On or near Potton Road,E01018135,Huntingdonshire 018A,Criminal damage and arson,Investigation complete; no suspect identified,
a752c7e04f8888dc207171b74fdadc67370b9b2b4b1c7c41b793aaa40264c085,2022-06,Cambridgeshire Constabulary,Cambridgeshire Constabulary,-0.241913,52.231817,On or near Oliver Way,E01018135,Huntingdonshire 018A,Other theft,Local resolution,
f7f3e70b2ae1f1e5a718cb05ec00e951745f593a3246c4b77c05d66cdd172979,2022-06,Cambridgeshire Constabulary,Cambridgeshire Constabulary,-0.244805,52.231635,On or near School Drive,E01018135,Huntingdonshire 018A,Public order,Investigation complete; no suspect identified,
bc8c710171856ad5622210b2a4df078bee6e6745c35ef954527c0db96256f39b,2022-06,Cambridgeshire Constabulary,Cambridgeshire Constabulary,-0.245197,52.228359,On or near Sports/Recreation Area,E01018135,Huntingdonshire 018A,Public order,Unable to prosecute suspect,
a2a299282fd61f19caf2b33604e7cb2f3aae36c17d7f3fae859787f331da6316,2022-06,Cambridgeshire Constabulary,Cambridgeshire Constabulary,-0.244805,52.231635,On or near School Drive,E01018135,Huntingdonshire 018A,Public order,Investigation complete; no suspect identified,
c0ea0a058ffb0128841323f5e32355b0865db9aff31b2c59fdb30be563b4fa4e,2022-06,Cambridgeshire Constabulary,Cambridgeshire Constabulary,-0.241253,52.229613,On or near Fox Covert,E01018135,Huntingdonshire 018A,Public order,Unable to prosecute suspect,
b7842d6600a0a7e0226cbac07218061a48b05baf55e365be59427e8389085b79,2022-06,Cambridgeshire Constabulary,Cambridgeshire Constabulary,-0.243542,52.235438,On or near Bargroves Avenue,E01018135,Huntingdonshire 018A,Public order,Unable to prosecute suspect,
53ab8a9d436a7be7af8b9b52fd49c2a6cb9857352eba068beb6138f0bb03bc04,2022-06,Cambridgeshire Constabulary,Cambridgeshire Constabulary,-0.243542,52.235438,On or near Bargroves Avenue,E01018135,Huntingdonshire 018A,Public order,Investigation complete; no suspect identified,
901e11ac8a116fecd618adae406be1813ab75390710d2676606b10f51e5c85c9,2022-06,Cambridgeshire Constabulary,Cambridgeshire Constabulary,-0.245197,52.228359,On or near Sports/Recreation Area,E01018135,Huntingdonshire 018A,Public order,Court result unavailable,
e2fdd55e99692dc0a1a56a0b21a56f98554af60265971040a490eda6b6f6eafa,2022-06,Cambridgeshire Constabulary,Cambridgeshire Constabulary,-0.245197,52.228359,On or near Sports/Recreation Area,E01018135,Huntingdonshire 018A,Public order,Unable to prosecute suspect,
8bd9374cf68ea075328831a2f9aa5d7b4322d470b83cc57e96aa2ad708681804,2022-06,Cambridgeshire Constabulary,Cambridgeshire Constabulary,-0.245197,52.228359,On or near Sports/Recreation Area,E01018135,Huntingdonshire 018A,Violence and sexual offences,Unable to prosecute suspect,
6292e46d38e8853c12b8293bb29f05cca5a3501bc0d42a94979f76c47b65f9bf,2022-06,Cambridgeshire Constabulary,Cambridgeshire Constabulary,-0.241253,52.229613,On or near Fox Covert,E01018135,Huntingdonshire 018A,Violence and sexual offences,Unable to prosecute suspect,
d7656f05b684844c9e7f9ae467a7e378031ff79a8d4e7a9458e88b104b1a22ed,2022-06,Cambridgeshire Constabulary,Cambridgeshire Constabulary,-0.239859,52.230051,On or near Whiston Way,E01018135,Huntingdonshire 018A,Violence and sexual offences,Status update unavailable,
54e8893a42786c45237ccb19cd0864b5026848d6a43c4d9f8d66e5d7185a0f8b,2022-06,Cambridgeshire Constabulary,Cambridgeshire Constabulary,-0.239521,52.227133,On or near Cambridge Road,E01018135,Huntingdonshire 018A,Violence and sexual offences,Investigation complete; no suspect identified,
31cd6700503d693a36ee34e6eeb61d41e48d5f3f400f93ff118ccbc064094e40,2022-06,Cambridgeshire Constabulary,Cambridgeshire Constabulary,-0.241253,52.229613,On or near Fox Covert,E01018135,Huntingdonshire 018A,Violence and sexual offences,Unable to prosecute suspect,
981f8956e7963c4c747b4ba007f417d9931859b21dee07cf09b624a30c94d01e,2022-06,Cambridgeshire Constabulary,Cambridgeshire Constabulary,-0.242938,52.231077,On or near Great High Ground,E01018135,Huntingdonshire 018A,Violence and sexual offences,Unable to prosecute suspect,
6e79539009737d981a79db6404b48292515cd7195e47842dec313f7f30fab864,2022-06,Cambridgeshire Constabulary,Cambridgeshire Constabulary,-0.242938,52.231077,On or near Great High Ground,E01018135,Huntingdonshire 018A,Violence and sexual offences,Unable to prosecute suspect,
e25fd7686261c735f4f328aebb85118bc1544f739a1ccc1910df3f77f7c8837c,2022-06,Cambridgeshire Constabulary,Cambridgeshire Constabulary,-0.241901,52.234343,On or near Woodridge Crescent,E01018135,Huntingdonshire 018A,Violence and sexual offences,Unable to prosecute suspect,
c397a0a3d8f70bfe280c0083a5557ae67b1a90165922d871c2cf935efa75b0ab,2022-06,Cambridgeshire Constabulary,Cambridgeshire Constabulary,-0.242732,52.230714,On or near Pattison Court,E01018135,Huntingdonshire 018A,Violence and sexual offences,Unable to prosecute suspect,
68a39e31fe06d9cf81fe03df9f08cc6dbb8a0226e10c267e7dec6f626375788a,2022-06,Cambridgeshire Constabulary,Cambridgeshire Constabulary,-0.240743,52.235468,On or near Paddock Close,E01018135,Huntingdonshire 018A,Violence and sexual offences,Unable to prosecute suspect,
e7d511be43bd1660cc908b2e165ad4a6dcd8fa0af761c859f082861287e6bd11,2022-06,Cambridgeshire Constabulary,Cambridgeshire Constabulary,-0.242732,52.230714,On or near Pattison Court,E01018135,Huntingdonshire 018A,Violence and sexual offences,Status update unavailable,
16fafbff7099a4fc5f7c0316f3f37dd824a70465ceeaa14a9faff3c29c00059b,2022-06,Cambridgeshire Constabulary,Cambridgeshire Constabulary,-0.239859,52.230051,On or near Whiston Way,E01018135,Huntingdonshire 018A,Violence and sexual offences,Status update unavailable,
99f79a88cde626cd71ca8be961eef90d84269758601db7d6c5de3575f9a166ed,2022-06,Cambridgeshire Constabulary,Cambridgeshire Constabulary,-0.241913,52.231817,On or near Oliver Way,E01018135,Huntingdonshire 018A,Violence and sexual offences,Unable to prosecute suspect,
e470be7d7b8dc6f08a4633620fd290c473a8aa159398bb8394f7be6236a3f841,2022-06,Cambridgeshire Constabulary,Cambridgeshire Constabulary,-0.241253,52.229613,On or near Fox Covert,E01018135,Huntingdonshire 018A,Other crime,Court result unavailable,
,2022-06,Cambridgeshire Constabulary,Cambridgeshire Constabulary,-0.205537,52.194072,On or near Vicarage Farm Yard,E01018136,Huntingdonshire 018B,Anti-social behaviour,,
,2022-06,Cambridgeshire Constabulary,Cambridgeshire Constabulary,-0.205537,52.194072,On or near Vicarage Farm Yard,E01018136,Huntingdonshire 018B,Anti-social behaviour,,
,2022-06,Cambridgeshire Constabulary,Cambridgeshire Constabulary,-0.205537,52.194072,On or near Vicarage Farm Yard,E01018136,Huntingdonshire 018B,Anti-social behaviour,,
6d665691997266c9270532e77de9c039f347ab40bf52146206c493bb27fc5b33,2022-06,Cambridgeshire Constabulary,Cambridgeshire Constabulary,-0.157961,52.188996,On or near Meadow Road,E01018136,Huntingdonshire 018B,Burglary,Investigation complete; no suspect identified,
006f7cb44ef4c12525790d2847d1fd859f0751ac6f5bd73891a9c9588f731151,2022-06,Cambridgeshire Constabulary,Cambridgeshire Constabulary,-0.207885,52.193532,On or near Hardwicke Lane,E01018136,Huntingdonshire 018B,Other theft,Investigation complete; no suspect identified,
6dc8e6f2e7749802d5f5de9c1d414d95495b1530c49386017ef11f2cb6af8299,2022-06,Cambridgeshire Constabulary,Cambridgeshire Constabulary,-0.202240,52.193113,On or near Top Lane,E01018136,Huntingdonshire 018B,Violence and sexual offences,Unable to prosecute suspect,
,2022-06,Cambridgeshire Constabulary,Cambridgeshire Constabulary,-0.260467,52.252394,On or near Field Close,E01018154,Huntingdonshire 018C,Anti-social behaviour,,
,2022-06,Cambridgeshire Constabulary,Cambridgeshire Constabulary,-0.266197,52.243703,On or near Samuel Jones Crescent,E01018154,Huntingdonshire 018C,Anti-social behaviour,,
35722c701427a1fa9be326bcba27f5d1577b0e1769b23280c6d59b3b56829aa2,2022-06,Cambridgeshire Constabulary,Cambridgeshire Constabulary,-0.258208,52.246103,On or near The Crofts,E01018154,Huntingdonshire 018C,Criminal damage and arson,Unable to prosecute suspect,
f63429dd881623a67e945e1ad3741170b1ff42e701f5c7946f32818981b1fb45,2022-06,Cambridgeshire Constabulary,Cambridgeshire Constabulary,-0.266886,52.245952,On or near Bloomfield Close,E01018154,Huntingdonshire 018C,Other theft,Investigation complete; no suspect identified,
5f3200be94f2a9c8f219824f268a089f4abf6fe7ec5a820b53ca378893c0cc15,2022-06,Cambridgeshire Constabulary,Cambridgeshire Constabulary,-0.257179,52.251429,On or near Lakefield Avenue,E01018154,Huntingdonshire 018C,Other theft,Investigation complete; no suspect identified,
dcf48bd4455500bdbd1686b7e978bf0d8e8536950108b9a290982aadb966e930,2022-06,Cambridgeshire Constabulary,Cambridgeshire Constabulary,-0.266886,52.245952,On or near Bloomfield Close,E01018154,Huntingdonshire 018C,Other theft,Unable to prosecute suspect,
03574a5a07a1b502ac9214c2b48bce119f44c21afcebb6d8461be769f23f6250,2022-06,Cambridgeshire Constabulary,Cambridgeshire Constabulary,-0.266197,52.243703,On or near Samuel Jones Crescent,E01018154,Huntingdonshire 018C,Public order,Unable to prosecute suspect,
70a2541614643e14fef7c4608e382ea23663946205b28f83782f5f97551e5786,2022-06,Cambridgeshire Constabulary,Cambridgeshire Constabulary,-0.258208,52.246103,On or near The Crofts,E01018154,Huntingdonshire 018C,Public order,Unable to prosecute suspect,
176def98f53b0ececf1f05040ba3d118b56a1a994b5d0c7397cb1342344754a4,2022-06,Cambridgeshire Constabulary,Cambridgeshire Constabulary,-0.262823,52.247583,On or near Park Avenue,E01018154,Huntingdonshire 018C,Public order,Unable to prosecute suspect,
9815b7e22f79260b9abc6f9dd5e8b52ad20863d8b6e1e402460760bf668982a5,2022-06,Cambridgeshire Constabulary,Cambridgeshire Constabulary,-0.258506,52.250468,On or near High Street,E01018154,Huntingdonshire 018C,Violence and sexual offences,Investigation complete; no suspect identified,
9461fe47b66e32ef25235475882340bc5766201ab87b74cfc64673607910caad,2022-06,Cambridgeshire Constabulary,Cambridgeshire Constabulary,-0.262823,52.247583,On or near Park Avenue,E01018154,Huntingdonshire 018C,Violence and sexual offences,Unable to prosecute suspect,
,2022-06,Cambridgeshire Constabulary,Cambridgeshire Constabulary,-0.260553,52.251694,On or near The Rookery,E01018155,Huntingdonshire 018D,Anti-social behaviour,,
bdcdb35140b7bc5403f620d6ecd2dc764a20e58c2916f7907abb05e498231566,2022-06,Cambridgeshire Constabulary,Cambridgeshire Constabulary,-0.253633,52.255180,On or near Park/Open Space,E01018155,Huntingdonshire 018D,Other theft,Investigation complete; no suspect identified,
529d69d10c159f4aba91c75433f430578392e1716e0bd2a170a81d3bb9efe489,2022-06,Cambridgeshire Constabulary,Cambridgeshire Constabulary,-0.244424,52.254647,On or near Park/Open Space,E01018155,Huntingdonshire 018D,Violence and sexual offences,Unable to prosecute suspect,
,2022-06,Cambridgeshire Constabulary,Cambridgeshire Constabulary,-0.266792,52.230701,On or near Bedford Street,E01018187,Huntingdonshire 019A,Anti-social behaviour,,
,2022-06,Cambridgeshire Constabulary,Cambridgeshire Constabulary,-0.271480,52.226868,On or near River Terrace,E01018187,Huntingdonshire 019A,Anti-social behaviour,,
,2022-06,Cambridgeshire Constabulary,Cambridgeshire Constabulary,-0.269336,52.227394,On or near South Street,E01018187,Huntingdonshire 019A,Anti-social behaviour,,
,2022-06,Cambridgeshire Constabulary,Cambridgeshire Constabulary,-0.271480,52.226868,On or near River Terrace,E01018187,Huntingdonshire 019A,Anti-social behaviour,,
,2022-06,Cambridgeshire Constabulary,Cambridgeshire Constabulary,-0.269484,52.228115,On or near Shopping Area,E01018187,Huntingdonshire 019A,Anti-social behaviour,,
,2022-06,Cambridgeshire Constabulary,Cambridgeshire Constabulary,-0.268683,52.228014,On or near High Street,E01018187,Huntingdonshire 019A,Anti-social behaviour,,
cf70e655d6d1c083e5454cfce0670429fb53028dde8f8d04d863246172643f3a,2022-06,Cambridgeshire Constabulary,Cambridgeshire Constabulary,-0.270537,52.227016,On or near Fishers Yard,E01018187,Huntingdonshire 019A,Criminal damage and arson,Investigation complete; no suspect identified,
f24a7704dd41877324435189fb9bb8b8825ef475e8d92502efe001eaf2b54807,2022-06,Cambridgeshire Constabulary,Cambridgeshire Constabulary,-0.271947,52.228043,On or near The Priory,E01018187,Huntingdonshire 019A,Criminal damage and arson,Offender given a caution,
0e4c46460714d05e4d5676bc4e79c0616c5a49d32c3aa2aa8c0c71e2f6afbf2d,2022-06,Cambridgeshire Constabulary,Cambridgeshire Constabulary,-0.271480,52.226868,On or near River Terrace,E01018187,Huntingdonshire 019A,Criminal damage and arson,Investigation complete; no suspect identified,
32e2dd828629fc54dd93d745a18d0cc01a1c1435b2774c986a3881226f0e8328,2022-06,Cambridgeshire Constabulary,Cambridgeshire Constabulary,-0.271480,52.226868,On or near River Terrace,E01018187,Huntingdonshire 019A,Criminal damage and arson,Investigation complete; no suspect identified,
d2348d9b394f72ca5f44754f2653a3f2f82cafe4c9a85e3797b83e8e674c949b,2022-06,Cambridgeshire Constabulary,Cambridgeshire Constabulary,-0.268683,52.228014,On or near High Street,E01018187,Huntingdonshire 019A,Criminal damage and arson,Offender given a caution,
26b23efcf8c8e1eeb3f73f5e3a6517297af3e20ccb1577c84eb8e25fbe388711,2022-06,Cambridgeshire Constabulary,Cambridgeshire Constabulary,-0.270955,52.228326,On or near Priory Lane,E01018187,Huntingdonshire 019A,Drugs,Unable to prosecute suspect,
90adca43f89bede854c1f1543a1ba90076aa7290cc2f8e0a93667ef04c75b57e,2022-06,Cambridgeshire Constabulary,Cambridgeshire Constabulary,-0.267053,52.232252,On or near Barnes Close,E01018187,Huntingdonshire 019A,Drugs,Status update unavailable,
ac0788dc7f50c99870493715fde1c1f0b84c12c38fa071b337211d8292f418ae,2022-06,Cambridgeshire Constabulary,Cambridgeshire Constabulary,-0.266956,52.230245,On or near Russell Street,E01018187,Huntingdonshire 019A,Other theft,Investigation complete; no suspect identified,
5f9cc7841892aaf28dc6417c74fb4a2f3a5d0de270a9787542d03b43b5b7baa1,2022-06,Cambridgeshire Constabulary,Cambridgeshire Constabulary,-0.269484,52.228115,On or near Shopping Area,E01018187,Huntingdonshire 019A,Other theft,Investigation complete; no suspect identified,
5422d20ca994325c431f297b8df4d9149ba6ed66569e914369caa8d7f10effee,2022-06,Cambridgeshire Constabulary,Cambridgeshire Constabulary,-0.271480,52.226868,On or near River Terrace,E01018187,Huntingdonshire 019A,Possession of weapons,Status update unavailable,
dd0a4170a9ae72733030c55d8d7dea3c7cc1f64e362eb490bdaa77fda07c4638,2022-06,Cambridgeshire Constabulary,Cambridgeshire Constabulary,-0.266195,52.229856,On or near Parking Area,E01018187,Huntingdonshire 019A,Public order,Court result unavailable,
b1cbc801045180743fc5621b4b203c79cdf05faac7112e22f064a4e6571d4151,2022-06,Cambridgeshire Constabulary,Cambridgeshire Constabulary,-0.270357,52.227517,On or near Parking Area,E01018187,Huntingdonshire 019A,Public order,Unable to prosecute suspect,
709d05fa976b0249d92327465df3a7915390f2be3842e6ece7ae80af028c6ea8,2022-06,Cambridgeshire Constabulary,Cambridgeshire Constabulary,-0.270537,52.227016,On or near Fishers Yard,E01018187,Huntingdonshire 019A,Public order,Investigation complete; no suspect identified,
d9d799ea0246958af489022177ba81c361e73e36b5231e1ea1d5b57e5ec0e8a2,2022-06,Cambridgeshire Constabulary,Cambridgeshire Constabulary,-0.271480,52.226868,On or near River Terrace,E01018187,Huntingdonshire 019A,Public order,Unable to prosecute suspect,
f5e240babe9c6829f6a9eca4285df10c9e0ee9e0716aaacd71f52a99f3f5a5e5,2022-06,Cambridgeshire Constabulary,Cambridgeshire Constabulary,-0.271480,52.226868,On or near River Terrace,E01018187,Huntingdonshire 019A,Public order,Unable to prosecute suspect,
bd642f98942db298807cb7dbe4090aad657ad1b1a72b68ea2580c21fa3961dea,2022-06,Cambridgeshire Constabulary,Cambridgeshire Constabulary,-0.271480,52.226868,On or near River Terrace,E01018187,Huntingdonshire 019A,Public order,Unable to prosecute suspect,
a2ad0b5ebba332ad7ad2d2b2fbcb98621c5cfcc839c043caa149002a1ebd4ad7,2022-06,Cambridgeshire Constabulary,Cambridgeshire Constabulary,-0.270357,52.227517,On or near Parking Area,E01018187,Huntingdonshire 019A,Public order,Unable to prosecute suspect,
5ff1da62a1bd13d5498466111fcb74bbc9488f5d005cad365fb94e68e3b47702,2022-06,Cambridgeshire Constabulary,Cambridgeshire Constabulary,-0.270467,52.228822,On or near Bec Road,E01018187,Huntingdonshire 019A,Shoplifting,Investigation complete; no suspect identified,
b2092446ad73481b4a7a0e31ee7478cb50c86cd90dd0e2482a3282be12b4fb0d,2022-06,Cambridgeshire Constabulary,Cambridgeshire Constabulary,-0.270467,52.228822,On or near Bec Road,E01018187,Huntingdonshire 019A,Theft from the person,Investigation complete; no suspect identified,
443a52542c2c7157367769e3ce41a8cb273d774d2a4edb9d13ca5bbcbdd7c4e8,2022-06,Cambridgeshire Constabulary,Cambridgeshire Constabulary,-0.269484,52.228115,On or near Shopping Area,E01018187,Huntingdonshire 019A,Theft from the person,Investigation complete; no suspect identified,
1363d99d011d1a34ad80c5fd6832cd3cf24183985998da4d0be2d2db1bb17f35,2022-06,Cambridgeshire Constabulary,Cambridgeshire Constabulary,-0.271947,52.228043,On or near The Priory,E01018187,Huntingdonshire 019A,Violence and sexual offences,Unable to prosecute suspect,
e728e034cf24c8f6f15cb77f330b756f7bcca0441632e5932ca6d78a053b4b7c,2022-06,Cambridgeshire Constabulary,Cambridgeshire Constabulary,-0.264092,52.228953,On or near Parking Area,E01018187,Huntingdonshire 019A,Violence and sexual offences,Unable to prosecute suspect,
f6f51b3347ca97b04bd00e0c3719e5a9b90f7e6425b085a586ad8f0b8f8e2642,2022-06,Cambridgeshire Constabulary,Cambridgeshire Constabulary,-0.271480,52.226868,On or near River Terrace,E01018187,Huntingdonshire 019A,Violence and sexual offences,Status update unavailable,
ae5f51bf8bc7e92dc4d8933d50b1e035e513990d6551afae0d7aa1472972f80b,2022-06,Cambridgeshire Constabulary,Cambridgeshire Constabulary,-0.267053,52.232252,On or near Barnes Close,E01018187,Huntingdonshire 019A,Violence and sexual offences,Unable to prosecute suspect,
c9b477ef9cbde26d71f24392795a16970755acc4c2201900766970cabf78bcf2,2022-06,Cambridgeshire Constabulary,Cambridgeshire Constabulary,-0.268683,52.228014,On or near High Street,E01018187,Huntingdonshire 019A,Violence and sexual offences,Court result unavailable,
aa11bb395abc73bf9dbd1ffff5c19fa0e4dedaf0e9f19af7f08f5fd12949a9e3,2022-06,Cambridgeshire Constabulary,Cambridgeshire Constabulary,-0.271947,52.228043,On or near The Priory,E01018187,Huntingdonshire 019A,Violence and sexual offences,Offender given a caution,
2d6aca4fb973b86f5546cb7df4a08f9ba6f1854efd97ff91e0cf8bd256fed45b,2022-06,Cambridgeshire Constabulary,Cambridgeshire Constabulary,-0.266620,52.230977,On or near Phoenix Square,E01018187,Huntingdonshire 019A,Violence and sexual offences,Unable to prosecute suspect,
1c5641bb35f72fe277d9eeba7fd8b384f37c39dcd787844f02223f24dea01187,2022-06,Cambridgeshire Constabulary,Cambridgeshire Constabulary,-0.267053,52.232252,On or near Barnes Close,E01018187,Huntingdonshire 019A,Violence and sexual offences,Investigation complete; no suspect identified,
b9c251393ffbf6afd6a2cde73089f0cbe60697909454ec4eb29b542367d8f1b0,2022-06,Cambridgeshire Constabulary,Cambridgeshire Constabulary,-0.269484,52.228115,On or near Shopping Area,E01018187,Huntingdonshire 019A,Violence and sexual offences,Investigation complete; no suspect identified,
f1b2181eeb382ea6c9d676353f68d588e61fd7d2d8d4bcf1c66df6adfbcd4551,2022-06,Cambridgeshire Constabulary,Cambridgeshire Constabulary,-0.268771,52.229507,On or near New Street,E01018187,Huntingdonshire 019A,Violence and sexual offences,Unable to prosecute suspect,
58fcf184cccc7824d34c15a39e6f89a0246cd46e1746e27c236252fba140740b,2022-06,Cambridgeshire Constabulary,Cambridgeshire Constabulary,-0.270537,52.227016,On or near Fishers Yard,E01018187,Huntingdonshire 019A,Violence and sexual offences,Offender given a caution,
f38586b6579fe9ce59157a6eecd8276412f516b3122e3f0c2b90b3bde26b05a9,2022-06,Cambridgeshire Constabulary,Cambridgeshire Constabulary,-0.266620,52.230977,On or near Phoenix Square,E01018187,Huntingdonshire 019A,Violence and sexual offences,Unable to prosecute suspect,
c5b77352888216ebeec797dce2dec2a2c03af919a011e8088653f86a9024c0e2,2022-06,Cambridgeshire Constabulary,Cambridgeshire Constabulary,-0.266590,52.228738,On or near Supermarket,E01018187,Huntingdonshire 019A,Other crime,Investigation complete; no suspect identified,
,2022-06,Cambridgeshire Constabulary,Cambridgeshire Constabulary,-0.262819,52.228925,On or near Sports/Recreation Area,E01018188,Huntingdonshire 019B,Anti-social behaviour,,
d7c188d137027a13c84c044fad24cca6423a29e503dff03c8f014f25bf0615b4,2022-06,Cambridgeshire Constabulary,Cambridgeshire Constabulary,-0.248713,52.232044,On or near Swift Close,E01018188,Huntingdonshire 019B,Burglary,Unable to prosecute suspect,
ccfaebafffb528de0e1b48b39657dae588ab162e0ecea7ad7c048a0771964188,2022-06,Cambridgeshire Constabulary,Cambridgeshire Constabulary,-0.258923,52.229345,On or near King'S Lane,E01018188,Huntingdonshire 019B,Drugs,Court result unavailable,
82d6602b450a6029bcc53486913e6bc8d7e533c12cd51b57028d9a035323fc24,2022-06,Cambridgeshire Constabulary,Cambridgeshire Constabulary,-0.258923,52.229345,On or near King'S Lane,E01018188,Huntingdonshire 019B,Drugs,Status update unavailable,
24dea2e84235d3699244dea526d1aafab07bcb6fe94cf6f83198a2a556f00dec,2022-06,Cambridgeshire Constabulary,Cambridgeshire Constabulary,-0.259193,52.228800,On or near Petrol Station,E01018188,Huntingdonshire 019B,Other theft,Investigation complete; no suspect identified,
b1182fd4ab1c05337da6e8c1f7c237295b8e9b63349a66bcbdd0dec3ef13bb34,2022-06,Cambridgeshire Constabulary,Cambridgeshire Constabulary,-0.259193,52.228800,On or near Petrol Station,E01018188,Huntingdonshire 019B,Other theft,Investigation complete; no suspect identified,
a073148db006135e2db8f0ca73daa745c7261c1312a743c91e02fad972bb6585,2022-06,Cambridgeshire Constabulary,Cambridgeshire Constabulary,-0.259193,52.228800,On or near Petrol Station,E01018188,Huntingdonshire 019B,Other theft,Investigation complete; no suspect identified,
f4b681fee0e92aeddee61085b4ad6c3f698c43e34e43ffa5aee18db2ffc82349,2022-06,Cambridgeshire Constabulary,Cambridgeshire Constabulary,-0.259193,52.228800,On or near Petrol Station,E01018188,Huntingdonshire 019B,Other theft,Investigation complete; no suspect identified,
b17b844f939aa3c4a3b6aeb1de733e657258f94b5373a5abbb5bb991ddb038d1,2022-06,Cambridgeshire Constabulary,Cambridgeshire Constabulary,-0.259193,52.228800,On or near Petrol Station,E01018188,Huntingdonshire 019B,Public order,Investigation complete; no suspect identified,
96672607e169f2d6fd5a8759215051cb65fd39e4325b3901adf8b31e694308a3,2022-06,Cambridgeshire Constabulary,Cambridgeshire Constabulary,-0.258923,52.229345,On or near King'S Lane,E01018188,Huntingdonshire 019B,Public order,Investigation complete; no suspect identified,
c2e807290196c6a3739980de539315a4285700f8ed7ab0fb45a4dcc4b8ff81ae,2022-06,Cambridgeshire Constabulary,Cambridgeshire Constabulary,-0.248713,52.232044,On or near Swift Close,E01018188,Huntingdonshire 019B,Violence and sexual offences,Court result unavailable,
f860ed670331fea0c01b35dad4086d71df3170842d09f2f357cd6586d2ac32ff,2022-06,Cambridgeshire Constabulary,Cambridgeshire Constabulary,-0.248713,52.232044,On or near Swift Close,E01018188,Huntingdonshire 019B,Violence and sexual offences,Court result unavailable,
67b90252d1e204968ba876101f8d7c94b1b54449d11e1194a1cf3cadbd69a89d,2022-06,Cambridgeshire Constabulary,Cambridgeshire Constabulary,-0.262819,52.228925,On or near Sports/Recreation Area,E01018188,Huntingdonshire 019B,Violence and sexual offences,Investigation complete; no suspect identified,
2c1e42c958bb6abbeb75a27a8efe3637cfa3becfb61ceacb031dcd2e96d719ec,2022-06,Cambridgeshire Constabulary,Cambridgeshire Constabulary,-0.262819,52.228925,On or near Sports/Recreation Area,E01018188,Huntingdonshire 019B,Violence and sexual offences,Unable to prosecute suspect,
,2022-06,Cambridgeshire Constabulary,Cambridgeshire Constabulary,-0.258066,52.238512,On or near Hatley Close,E01018189,Huntingdonshire 019C,Anti-social behaviour,,
,2022-06,Cambridgeshire Constabulary,Cambridgeshire Constabulary,-0.258066,52.238512,On or near Hatley Close,E01018189,Huntingdonshire 019C,Anti-social behaviour,,
4d9ccb06b818690526c633b739c9ebf4f8c6f3d4bd879c8e91aa4ae4b5b2f9ff,2022-06,Cambridgeshire Constabulary,Cambridgeshire Constabulary,-0.258066,52.238512,On or near Hatley Close,E01018189,Huntingdonshire 019C,Drugs,Investigation complete; no suspect identified,
c516732caf7aa02cac1c56f2bb10b4bc5bfd7dc9921a4c1d5310a3a74fa2432c,2022-06,Cambridgeshire Constabulary,Cambridgeshire Constabulary,-0.258066,52.238512,On or near Hatley Close,E01018189,Huntingdonshire 019C,Other theft,Local resolution,
302e2494d5af35528109b3bf771982033f9daa76b56709ee32d14164f39f41cb,2022-06,Cambridgeshire Constabulary,Cambridgeshire Constabulary,-0.258066,52.238512,On or near Hatley Close,E01018189,Huntingdonshire 019C,Violence and sexual offences,Investigation complete; no suspect identified,
,2022-06,Cambridgeshire Constabulary,Cambridgeshire Constabulary,-0.265010,52.230585,On or near Huntingdon Street,E01018190,Huntingdonshire 019D,Anti-social behaviour,,
,2022-06,Cambridgeshire Constabulary,Cambridgeshire Constabulary,-0.265010,52.230585,On or near Huntingdon Street,E01018190,Huntingdonshire 019D,Anti-social behaviour,,
b642352a99c5376f675f884b4890efcb81e3eaa3898ccb16d2310552daf76d2b,2022-06,Cambridgeshire Constabulary,Cambridgeshire Constabulary,-0.262521,52.232437,On or near Almond Road,E01018190,Huntingdonshire 019D,Criminal damage and arson,Unable to prosecute suspect,
79be2744face17879a178c877c867a2656ff22f329283af15a45c63e3193b98d,2022-06,Cambridgeshire Constabulary,Cambridgeshire Constabulary,-0.262893,52.234537,On or near Park Road,E01018190,Huntingdonshire 019D,Public order,Local resolution,
f72f21dca731270b0321039cdaeeffc39dc63e91a478dfbc9f0f5d603cafe307,2022-06,Cambridgeshire Constabulary,Cambridgeshire Constabulary,-0.261279,52.234235,On or near Parking Area,E01018190,Huntingdonshire 019D,Violence and sexual offences,Court result unavailable,
,2022-06,Cambridgeshire Constabulary,Cambridgeshire Constabulary,-0.279692,52.225019,On or near St Neots Road,E01018172,Huntingdonshire 020A,Anti-social behaviour,,
2fd62f3dc7cbc6e1314f205508186184a75456765d15ee92f2ce5594e7382716,2022-06,Cambridgeshire Constabulary,Cambridgeshire Constabulary,-0.274649,52.226312,On or near Parking Area,E01018172,Huntingdonshire 020A,Criminal damage and arson,Offender given a caution,
be02385a631fef9372532527d8440c7e5ac3477a4281bd4c8a87173644d479fd,2022-06,Cambridgeshire Constabulary,Cambridgeshire Constabulary,-0.280922,52.224641,On or near The Hives,E01018172,Huntingdonshire 020A,Drugs,Offender given a caution,
37bd3b9831cefd60c058627c10b720dd3b90674cb4c7ec383876fd7bbed110f4,2022-06,Cambridgeshire Constabulary,Cambridgeshire Constabulary,-0.280922,52.224641,On or near The Hives,E01018172,Huntingdonshire 020A,Drugs,Offender given a caution,
794282af555762087b9f505b017786eddf4b22c5b656f51dbc189d2e410604a9,2022-06,Cambridgeshire Constabulary,Cambridgeshire Constabulary,-0.272722,52.222768,On or near Park/Open Space,E01018172,Huntingdonshire 020A,Public order,Unable to prosecute suspect,
1414c8ac8581b8e51d0125053c2cb491b606e7aad9317a3290968a02a36d8218,2022-06,Cambridgeshire Constabulary,Cambridgeshire Constabulary,-0.278387,52.227337,On or near Hanover Close,E01018172,Huntingdonshire 020A,Robbery,Unable to prosecute suspect,
bd18a2ba696c594457dc3297d17bef09ecca5c74bf9d190e75d064ecfaa2ec76,2022-06,Cambridgeshire Constabulary,Cambridgeshire Constabulary,-0.277358,52.225560,On or near The Paddock,E01018172,Huntingdonshire 020A,Theft from the person,Investigation complete; no suspect identified,
b2ac4bd27f35a58b6d1be450c9560debb2fcd9a6ecc27e23ba6c11622e4090e3,2022-06,Cambridgeshire Constabulary,Cambridgeshire Constabulary,-0.278612,52.229858,On or near Kipling Place,E01018172,Huntingdonshire 020A,Violence and sexual offences,Unable to prosecute suspect,
6a9578dfff4da8e45b02aad5d132040a1000cd9f41469fd3ea6a2d81202a03cb,2022-06,Cambridgeshire Constabulary,Cambridgeshire Constabulary,-0.290525,52.227343,On or near Axis Way,E01018173,Huntingdonshire 020B,Criminal damage and arson,Investigation complete; no suspect identified,
320a8b76aa1c8483bfa0633eeea42e4f6c49248edf615bbedeba9793295e8a8e,2022-06,Cambridgeshire Constabulary,Cambridgeshire Constabulary,-0.285494,52.221875,On or near Weston Court,E01018174,Huntingdonshire 020C,Other theft,Investigation complete; no suspect identified,
b9cb72740f70f167eb0965a1dcf660e54461e5252776c83fc11426f10e75ec9a,2022-06,Cambridgeshire Constabulary,Cambridgeshire Constabulary,-0.281293,52.227155,On or near Alamein Court,E01018174,Huntingdonshire 020C,Other theft,Investigation complete; no suspect identified,
bceb65c956b058a9b8534405d8a13578fbd6be425bcf252d2048f23a93904751,2022-06,Cambridgeshire Constabulary,Cambridgeshire Constabulary,-0.285494,52.221875,On or near Weston Court,E01018174,Huntingdonshire 020C,Public order,Unable to prosecute suspect,
6299dc87e837b908a2bb2461672acd3fa192fcf148daa513b0be2fad5f1d03ec,2022-06,Cambridgeshire Constabulary,Cambridgeshire Constabulary,-0.285494,52.221875,On or near Weston Court,E01018174,Huntingdonshire 020C,Public order,Court result unavailable,
9992d2a607b53aee330b547de5934970ce2c057296ac0ee963cff68e0ec47fa0,2022-06,Cambridgeshire Constabulary,Cambridgeshire Constabulary,-0.283653,52.222541,On or near Kym Road,E01018174,Huntingdonshire 020C,Shoplifting,Local resolution,
0236ff67a25b78e1ab18f60907d9207547bd17045a74e226e2af5f1ccf19c2b2,2022-06,Cambridgeshire Constabulary,Cambridgeshire Constabulary,-0.286878,52.227749,On or near Supermarket,E01018175,Huntingdonshire 020D,Public order,Investigation complete; no suspect identified,
619fecd4f9d37cdafba1f7d42728794e0e9a26dddf2bcdf73aede1478f535a79,2022-06,Cambridgeshire Constabulary,Cambridgeshire Constabulary,-0.287045,52.227230,On or near The Maltings,E01018175,Huntingdonshire 020D,Violence and sexual offences,Further action is not in the public interest,
4c8446420fd7312f8ea332313151e7a0711c37d33e5bc7c56ff940559da472aa,2022-06,Cambridgeshire Constabulary,Cambridgeshire Constabulary,-0.289721,52.227700,On or near Gazelle Close,E01018175,Huntingdonshire 020D,Violence and sexual offences,Unable to prosecute suspect,
35b3a9ffdb4553621c1f43cc55e8bb3e8fc8cb32f189716bb5776739ea36a324,2022-06,Cambridgeshire Constabulary,Cambridgeshire Constabulary,-0.287045,52.227230,On or near The Maltings,E01018175,Huntingdonshire 020D,Violence and sexual offences,Further action is not in the public interest,
,2022-06,Cambridgeshire Constabulary,Cambridgeshire Constabulary,-0.284019,52.236968,On or near B1048,E01018176,Huntingdonshire 020E,Anti-social behaviour,,
856050f76bb7e4ff21a0b4fc105e90780e1fe1bc2b6739948a535feee5204ab3,2022-06,Cambridgeshire Constabulary,Cambridgeshire Constabulary,-0.284019,52.236968,On or near B1048,E01018176,Huntingdonshire 020E,Other theft,Investigation complete; no suspect identified,
,2022-06,Cambridgeshire Constabulary,Cambridgeshire Constabulary,-0.273513,52.212206,On or near Brittain Close,E01018181,Huntingdonshire 021A,Anti-social behaviour,,
284cd7719e24745199367da2b74d62afd78acece517df547849845348406a116,2022-06,Cambridgeshire Constabulary,Cambridgeshire Constabulary,-0.269985,52.210338,On or near Supermarket,E01018181,Huntingdonshire 021A,Public order,Unable to prosecute suspect,
83e91591011f3895f6280da2bc1b9aadb78c8601ed9dd74edd76aa9d7c4dbf04,2022-06,Cambridgeshire Constabulary,Cambridgeshire Constabulary,-0.259536,52.215156,On or near Howitt'S Gardens,E01018182,Huntingdonshire 021B,Criminal damage and arson,Investigation complete; no suspect identified,
30d643e925351f4699f42451777ecfbc288d2e442e474c9ea7c53cefea0a9cbf,2022-06,Cambridgeshire Constabulary,Cambridgeshire Constabulary,-0.261901,52.212332,On or near Philip Gardens,E01018182,Huntingdonshire 021B,Vehicle crime,Investigation complete; no suspect identified,
3e118cb5e03c4343393d080d16c778818bd947d52acb48ab9a81e4b6bf531e94,2022-06,Cambridgeshire Constabulary,Cambridgeshire Constabulary,-0.261638,52.214935,On or near Potton Road,E01018182,Huntingdonshire 021B,Violence and sexual offences,Status update unavailable,
,2022-06,Cambridgeshire Constabulary,Cambridgeshire Constabulary,-0.258553,52.227936,On or near Shortsands Yard,E01018183,Huntingdonshire 021C,Anti-social behaviour,,
,2022-06,Cambridgeshire Constabulary,Cambridgeshire Constabulary,-0.257980,52.224242,On or near Pepys Road,E01018183,Huntingdonshire 021C,Anti-social behaviour,,
,2022-06,Cambridgeshire Constabulary,Cambridgeshire Constabulary,-0.260152,52.227852,On or near Petrol Station,E01018183,Huntingdonshire 021C,Anti-social behaviour,,
c2045b016a8184318f9f516e40baebe694152d6544a75041da0d8ea2c67f42e5,2022-06,Cambridgeshire Constabulary,Cambridgeshire Constabulary,-0.260907,52.226164,On or near Sandfields Road,E01018183,Huntingdonshire 021C,Public order,Unable to prosecute suspect,
6fc44f777ba0ef8a3fdf9d7f9d860fb00735ab42e454a0144f1f4f0d676d5767,2022-06,Cambridgeshire Constabulary,Cambridgeshire Constabulary,-0.258553,52.227936,On or near Shortsands Yard,E01018183,Huntingdonshire 021C,Public order,Investigation complete; no suspect identified,
d16fbb250eb633dd7b0c96705a7d8672f22aa421c9538c3b10c74407f6a03026,2022-06,Cambridgeshire Constabulary,Cambridgeshire Constabulary,-0.260907,52.226164,On or near Sandfields Road,E01018183,Huntingdonshire 021C,Public order,Unable to prosecute suspect,
61aa016a7bd1316f58a3a115f1b991521293f5306c4c25d43974ec024bec3a43,2022-06,Cambridgeshire Constabulary,Cambridgeshire Constabulary,-0.260152,52.227852,On or near Petrol Station,E01018183,Huntingdonshire 021C,Robbery,Investigation complete; no suspect identified,
aec075d66cff1e14284f30b3ae9d4879cfdb8b5b5bad85f0d2a16e6476aedd46,2022-06,Cambridgeshire Constabulary,Cambridgeshire Constabulary,-0.258553,52.227936,On or near Shortsands Yard,E01018183,Huntingdonshire 021C,Vehicle crime,Investigation complete; no suspect identified,
810f4f06530a59549b51def0c8b44e0fa415f6a816db50f2ce1846c83d4c823f,2022-06,Cambridgeshire Constabulary,Cambridgeshire Constabulary,-0.258553,52.227936,On or near Shortsands Yard,E01018183,Huntingdonshire 021C,Violence and sexual offences,Unable to prosecute suspect,
39e288d84de061b52c24a5204cb56a8b2b3982e5b1c46d2de25d1c7bca6bc09a,2022-06,Cambridgeshire Constabulary,Cambridgeshire Constabulary,-0.259567,52.226351,On or near Musgrave Way,E01018183,Huntingdonshire 021C,Violence and sexual offences,Offender given a caution,
,2022-06,Cambridgeshire Constabulary,Cambridgeshire Constabulary,-0.260136,52.223410,On or near Duck Lane,E01018184,Huntingdonshire 021D,Anti-social behaviour,,
,2022-06,Cambridgeshire Constabulary,Cambridgeshire Constabulary,-0.264846,52.225772,On or near Cemetery Road,E01018184,Huntingdonshire 021D,Anti-social behaviour,,
6cedcf6e3fd1e941ddbcc63b2b91c9f372c52ace97d3a454b82e3897db74a6f5,2022-06,Cambridgeshire Constabulary,Cambridgeshire Constabulary,-0.255689,52.222940,On or near Parking Area,E01018184,Huntingdonshire 021D,Burglary,Investigation complete; no suspect identified,
032d25b2368f9483d1dab5a8f4e13980b736522a8d5aff2cec65c7e960e44575,2022-06,Cambridgeshire Constabulary,Cambridgeshire Constabulary,-0.264623,52.223224,On or near Shirdley Road,E01018184,Huntingdonshire 021D,Criminal damage and arson,Unable to prosecute suspect,
a33a531883ac83621b63588e05fa3b620b93d09d083bd4f3ac3a2d82821540cc,2022-06,Cambridgeshire Constabulary,Cambridgeshire Constabulary,-0.264623,52.223224,On or near Shirdley Road,E01018184,Huntingdonshire 021D,Drugs,Court result unavailable,
8b47007ff4b774f46e4a1dc88d86a37b79f2f7a39fd0b1327619344be8e69abf,2022-06,Cambridgeshire Constabulary,Cambridgeshire Constabulary,-0.264623,52.223224,On or near Shirdley Road,E01018184,Huntingdonshire 021D,Drugs,Action to be taken by another organisation,
86a101a9892959bffe0ad6df3c6775ebd4426bc35737dd476c32dfe7c87fe460,2022-06,Cambridgeshire Constabulary,Cambridgeshire Constabulary,-0.264623,52.223224,On or near Shirdley Road,E01018184,Huntingdonshire 021D,Drugs,Court result unavailable,
7b149020939e77d193590a687ddef9a309e9a3575169bb2a4ed64e8d30adc410,2022-06,Cambridgeshire Constabulary,Cambridgeshire Constabulary,-0.264623,52.223224,On or near Shirdley Road,E01018184,Huntingdonshire 021D,Drugs,Status update unavailable,
7fdc3bb5301ac95eaa866cef426fb7a724f3a3a60090cf5bcb2e860a8c18510f,2022-06,Cambridgeshire Constabulary,Cambridgeshire Constabulary,-0.260136,52.223410,On or near Duck Lane,E01018184,Huntingdonshire 021D,Other theft,Status update unavailable,
e1ff520377786518864ae949dad2af9b24faff3b18261463938bbffbef2565db,2022-06,Cambridgeshire Constabulary,Cambridgeshire Constabulary,-0.260136,52.223410,On or near Duck Lane,E01018184,Huntingdonshire 021D,Other theft,Status update unavailable,
530ab6e8d3531298c950a014e52f3eb3222e27f9b100ef72e7cdb5b58733247f,2022-06,Cambridgeshire Constabulary,Cambridgeshire Constabulary,-0.261490,52.222486,On or near Hen Brook,E01018184,Huntingdonshire 021D,Public order,Investigation complete; no suspect identified,
98ce56fd42b914c0676248905f72524bc608885f303aacfb15772c94d572043b,2022-06,Cambridgeshire Constabulary,Cambridgeshire Constabulary,-0.260136,52.223410,On or near Duck Lane,E01018184,Huntingdonshire 021D,Public order,Unable to prosecute suspect,
2543ca6a367619729b88bfa6e7ac1ad4c6ba60fe013badb0a3b3e709167abaca,2022-06,Cambridgeshire Constabulary,Cambridgeshire Constabulary,-0.264623,52.223224,On or near Shirdley Road,E01018184,Huntingdonshire 021D,Violence and sexual offences,Local resolution,
762ca0c670eda0586ce59f5fc06451b23244729cc5143ff36fd5ea51c23f6fa2,2022-06,Cambridgeshire Constabulary,Cambridgeshire Constabulary,-0.258420,52.222360,On or near Brampton Gardens,E01018184,Huntingdonshire 021D,Violence and sexual offences,Status update unavailable,
fc738b597f408cfdbe591ffe5a7ed9f02c2b738f30120f20ef5fe6c77ededa85,2022-06,Cambridgeshire Constabulary,Cambridgeshire Constabulary,-0.255689,52.222940,On or near Parking Area,E01018184,Huntingdonshire 021D,Violence and sexual offences,Unable to prosecute suspect,
,2022-06,Cambridgeshire Constabulary,Cambridgeshire Constabulary,-0.267588,52.223043,On or near Buckley Road,E01018185,Huntingdonshire 021E,Anti-social behaviour,,
849d0650dbd317950b1ac7ec66b6efb208cc068964d6e8c3fcbe0c1e40b438cf,2022-06,Cambridgeshire Constabulary,Cambridgeshire Constabulary,-0.272858,52.221925,On or near Parking Area,E01018185,Huntingdonshire 021E,Criminal damage and arson,Investigation complete; no suspect identified,
77a1180d818f665654b8e74ea9f56fbd4655c533d7522a677aa121009b0f67b9,2022-06,Cambridgeshire Constabulary,Cambridgeshire Constabulary,-0.268850,52.219951,On or near Caldecote Road,E01018185,Huntingdonshire 021E,Public order,Unable to prosecute suspect,
662bba40aec9a890f1fb0187f4a83631086c94822253ef080ab2ce7c3f0e21ee,2022-06,Cambridgeshire Constabulary,Cambridgeshire Constabulary,-0.269657,52.222543,On or near Montagu Court,E01018185,Huntingdonshire 021E,Public order,Unable to prosecute suspect,
d6b138b426ee778bc25a4f68571dc473fba2f44621b837a3d6c7bbf920124eb9,2022-06,Cambridgeshire Constabulary,Cambridgeshire Constabulary,-0.267588,52.223043,On or near Buckley Road,E01018185,Huntingdonshire 021E,Public order,Unable to prosecute suspect,
7e81aac9ce7a30e3c18cfe6656548ebc122f77147259c04019f8be8524f542fc,2022-06,Cambridgeshire Constabulary,Cambridgeshire Constabulary,-0.268098,52.226117,On or near Navigation Wharf,E01018185,Huntingdonshire 021E,Violence and sexual offences,Investigation complete; no suspect identified,
eca3c25d313a095647f607a9a66e36d47192582ff43796f6111ddce11ba39d39,2022-06,Cambridgeshire Constabulary,Cambridgeshire Constabulary,-0.268098,52.226117,On or near Navigation Wharf,E01018185,Huntingdonshire 021E,Violence and sexual offences,Investigation complete; no suspect identified,
0cb3d584cfdacc53cb6972401cc5e261ef751da24c3c73a457e29dbb1fc54df2,2022-06,Cambridgeshire Constabulary,Cambridgeshire Constabulary,-0.268098,52.226117,On or near Navigation Wharf,E01018185,Huntingdonshire 021E,Violence and sexual offences,Unable to prosecute suspect,
490dd3a6bb3a71a7a5fd064a1bd4a501bade0aaa7c571cb1af98326e10ef3159,2022-06,Cambridgeshire Constabulary,Cambridgeshire Constabulary,-0.264138,52.220268,On or near Hospital,E01018185,Huntingdonshire 021E,Violence and sexual offences,Unable to prosecute suspect,
a7b5313875efcbc1b5513d9c3c2b9d39da3d17d0552f8a64210f5100dc3841bf,2022-06,Cambridgeshire Constabulary,Cambridgeshire Constabulary,-0.268627,52.223409,On or near Glenariff Close,E01018185,Huntingdonshire 021E,Violence and sexual offences,Unable to prosecute suspect,
,2022-06,Cambridgeshire Constabulary,Cambridgeshire Constabulary,-0.271038,52.214120,On or near Cook Drive,E01018186,Huntingdonshire 021F,Anti-social behaviour,,
bdbcbde5c7b518658883564ac199294d4b7d0f9a3346fae08d54cc1c67b3ecf0,2022-06,Cambridgeshire Constabulary,Cambridgeshire Constabulary,-0.265232,52.216984,On or near Cromwell Road,E01018186,Huntingdonshire 021F,Criminal damage and arson,Unable to prosecute suspect,
b25ca842d97d41d3f84d732de57795375dd4268bce2748c6cc39cc8992ef47e4,2022-06,Cambridgeshire Constabulary,Cambridgeshire Constabulary,-0.261605,52.216895,On or near Levellers Lane,E01018186,Huntingdonshire 021F,Criminal damage and arson,Investigation complete; no suspect identified,
23a9020ff9e145bc593c7b5629e62ce7fa3ffd0493633f6e3751ef42eae39423,2022-06,Cambridgeshire Constabulary,Cambridgeshire Constabulary,-0.256988,52.218185,On or near Sports/Recreation Area,E01018186,Huntingdonshire 021F,Criminal damage and arson,Investigation complete; no suspect identified,
df9c0d48c7be49cf846f8e65fbddb998655f8cc64735b77f6eb34d307f1fd4cd,2022-06,Cambridgeshire Constabulary,Cambridgeshire Constabulary,-0.256988,52.218185,On or near Sports/Recreation Area,E01018186,Huntingdonshire 021F,Other theft,Investigation complete; no suspect identified,
c42a23946683a276331eea817695cad2b70d8f82dc29964b955483f44ed7c261,2022-06,Cambridgeshire Constabulary,Cambridgeshire Constabulary,-0.271038,52.214120,On or near Cook Drive,E01018186,Huntingdonshire 021F,Public order,Unable to prosecute suspect,
690f66a04612eba25e222ea2245f65a0822140bb72edf38462ebe5404f831961,2022-06,Cambridgeshire Constabulary,Cambridgeshire Constabulary,-0.264389,52.217961,On or near Mountfort Close,E01018186,Huntingdonshire 021F,Violence and sexual offences,Investigation complete; no suspect identified,
f25d16493c1fc91e60f8d11597ce108bb1777e49e41df15e650015a47ca12455,2022-06,Cambridgeshire Constabulary,Cambridgeshire Constabulary,-0.262931,52.217427,On or near Elm Villa Gardens,E01018186,Huntingdonshire 021F,Violence and sexual offences,Status update unavailable,
d0586dc381ad0ce668cbcd49ed6a7e4239999571e75dfb96ea3e9038ce88b2b5,2022-06,Cambridgeshire Constabulary,Cambridgeshire Constabulary,-0.271038,52.214120,On or near Cook Drive,E01018186,Huntingdonshire 021F,Violence and sexual offences,Unable to prosecute suspect,
3a499626f9c2ceec47b722b1a6e54b50a6d100190ce6bf733eb131b2cff8b80a,2022-06,Cambridgeshire Constabulary,Cambridgeshire Constabulary,-0.261605,52.216895,On or near Levellers Lane,E01018186,Huntingdonshire 021F,Violence and sexual offences,Unable to prosecute suspect,
7dccbab02addabfeba537a0db8a6f72e5dd81f7c58609b31cfd0c8403e1f1524,2022-06,Cambridgeshire Constabulary,Cambridgeshire Constabulary,-0.266530,52.220115,On or near Burnt Close,E01018186,Huntingdonshire 021F,Violence and sexual offences,Unable to prosecute suspect,
02182c441c33cca5da204b3d3524e49572f80c1c1f2b3456dd7e0a8ef4ef34a7,2022-06,Cambridgeshire Constabulary,Cambridgeshire Constabulary,-0.284626,52.217807,On or near Sports/Recreation Area,E01018177,Huntingdonshire 022A,Criminal damage and arson,Investigation complete; no suspect identified,
2c89dcaa7f75f3268abc05e4ea6764843cef50aa88ad4f7517529b97b936950a,2022-06,Cambridgeshire Constabulary,Cambridgeshire Constabulary,-0.285942,52.211389,On or near Howard Road,E01018177,Huntingdonshire 022A,Shoplifting,Investigation complete; no suspect identified,
468c5b30560dd3dcd159d9a887be72e32a9ff2a477fc6784ccc43bba1ea7e71c,2022-06,Cambridgeshire Constabulary,Cambridgeshire Constabulary,-0.288261,52.217321,On or near Hathaway Close,E01018177,Huntingdonshire 022A,Shoplifting,Investigation complete; no suspect identified,
60b2847be5a15e30458af9c05972f5b6c363316ad48a5fe21a49a3d8c51a42ae,2022-06,Cambridgeshire Constabulary,Cambridgeshire Constabulary,-0.285942,52.211389,On or near Howard Road,E01018177,Huntingdonshire 022A,Vehicle crime,Investigation complete; no suspect identified,
eaf55740dae6bc918e4b812ed83ae444d5bb13f935b05827baac17a2aebcc827,2022-06,Cambridgeshire Constabulary,Cambridgeshire Constabulary,-0.289775,52.211426,On or near Petrol Station,E01018177,Huntingdonshire 022A,Violence and sexual offences,Unable to prosecute suspect,
,2022-06,Cambridgeshire Constabulary,Cambridgeshire Constabulary,-0.291864,52.219171,On or near Vicarage Gardens,E01018178,Huntingdonshire 022B,Anti-social behaviour,,
,2022-06,Cambridgeshire Constabulary,Cambridgeshire Constabulary,-0.292940,52.214403,On or near Collingwood Road,E01018178,Huntingdonshire 022B,Anti-social behaviour,,
,2022-06,Cambridgeshire Constabulary,Cambridgeshire Constabulary,-0.296998,52.217753,On or near Popham Close,E01018178,Huntingdonshire 022B,Anti-social behaviour,,
d989defabb88edfff7504c68462b5c8b6007c2f2347a8229096aafba6125ce71,2022-06,Cambridgeshire Constabulary,Cambridgeshire Constabulary,-0.289872,52.215753,On or near Supermarket,E01018178,Huntingdonshire 022B,Bicycle theft,Investigation complete; no suspect identified,
9275491286dc984fd2e0aa6069a181b0f2075165abc384f982818fc0c113581a,2022-06,Cambridgeshire Constabulary,Cambridgeshire Constabulary,-0.289872,52.215753,On or near Supermarket,E01018178,Huntingdonshire 022B,Drugs,Court result unavailable,
fcfe75c0b85aac11d260f427c977808d1bcf6b465d350dfba196ab1438e75106,2022-06,Cambridgeshire Constabulary,Cambridgeshire Constabulary,-0.291864,52.219171,On or near Vicarage Gardens,E01018178,Huntingdonshire 022B,Other theft,Investigation complete; no suspect identified,
4fd8c05386a2dea7eb18cb115690f060209b779ef6775aea09c0ac5d8cce9807,2022-06,Cambridgeshire Constabulary,Cambridgeshire Constabulary,-0.289872,52.215753,On or near Supermarket,E01018178,Huntingdonshire 022B,Possession of weapons,Court result unavailable,
aeae3f016e7aaf7b7d5e31a69ee23bc17e5a6ce23ca25778e6e93527776da2ed,2022-06,Cambridgeshire Constabulary,Cambridgeshire Constabulary,-0.291864,52.219171,On or near Vicarage Gardens,E01018178,Huntingdonshire 022B,Violence and sexual offences,Unable to prosecute suspect,
d50341e965e109a8ceb8740da284f88dcd0c7fee0e4e8713f7b43ba279d270de,2022-06,Cambridgeshire Constabulary,Cambridgeshire Constabulary,-0.289872,52.215753,On or near Supermarket,E01018178,Huntingdonshire 022B,Other crime,Court result unavailable,
2ea1cf70357204df2be04b2828b731995da222af7675c6cafcc5a5a5d9390fd9,2022-06,Cambridgeshire Constabulary,Cambridgeshire Constabulary,-0.296069,52.222136,On or near Viscount Court,E01018179,Huntingdonshire 022C,Burglary,Status update unavailable,
cd44911e861761c7b529accf6e807c91d9a537e5977f504800b0f80bf1e1c07d,2022-06,Cambridgeshire Constabulary,Cambridgeshire Constabulary,-0.296794,52.218119,On or near Cornwallis Drive,E01018179,Huntingdonshire 022C,Other theft,Investigation complete; no suspect identified,
84091c6c199c1e2629c53340a8134e5b2dc693c34b25d401f2a71bbabbe3738c,2022-06,Cambridgeshire Constabulary,Cambridgeshire Constabulary,-0.294547,52.220963,On or near Kings Road,E01018179,Huntingdonshire 022C,Public order,Investigation complete; no suspect identified,
9d7209d53f587aed35bf51b66b540648af3a23cfb7a4963ef342faa1c20d924c,2022-06,Cambridgeshire Constabulary,Cambridgeshire Constabulary,-0.292764,52.222421,On or near Regent Close,E01018179,Huntingdonshire 022C,Public order,Unable to prosecute suspect,
1a35aa0130d8ebe0f3157b98c679e63f3d67160b7ffb450545f1d326965d25bb,2022-06,Cambridgeshire Constabulary,Cambridgeshire Constabulary,-0.292764,52.222421,On or near Regent Close,E01018179,Huntingdonshire 022C,Public order,Unable to prosecute suspect,
12b7928a9efc1baeb26dc2ca00f025a5bdd815f23999348bad53b50c836ad051,2022-06,Cambridgeshire Constabulary,Cambridgeshire Constabulary,-0.290708,52.220692,On or near Queens Court,E01018179,Huntingdonshire 022C,Violence and sexual offences,Status update unavailable,
d05e0491be8c0e1b1e5a98b2f667bea060bfab645a8880b329856040cb5ebdc6,2022-06,Cambridgeshire Constabulary,Cambridgeshire Constabulary,-0.295524,52.218775,On or near Darrington Close,E01018179,Huntingdonshire 022C,Violence and sexual offences,Investigation complete; no suspect identified,
19fbf8eff29622c92e3fb45c8835387fbf4a88a60f331a20da8a058d0455e758,2022-06,Cambridgeshire Constabulary,Cambridgeshire Constabulary,-0.290708,52.220692,On or near Queens Court,E01018179,Huntingdonshire 022C,Violence and sexual offences,Status update unavailable,
,2022-06,Cambridgeshire Constabulary,Cambridgeshire Constabulary,-0.294250,52.224915,On or near Earl Close,E01018180,Huntingdonshire 022D,Anti-social behaviour,,
,2022-06,Cambridgeshire Constabulary,Cambridgeshire Constabulary,-0.292407,52.224871,On or near Lady Way,E01018180,Huntingdonshire 022D,Anti-social behaviour,,
25624ce96df821e59a079030907a379516575fa3b47d27579df0f4b414a1f4d4,2022-06,Cambridgeshire Constabulary,Cambridgeshire Constabulary,-0.293932,52.224803,On or near Monarch Road,E01018180,Huntingdonshire 022D,Other theft,Unable to prosecute suspect,
0e316b50c2ceec2ee4362c9b8802f7a6446fe306e6808033b6070cdbdb1d79c3,2022-06,Cambridgeshire Constabulary,Cambridgeshire Constabulary,-0.294250,52.224915,On or near Earl Close,E01018180,Huntingdonshire 022D,Violence and sexual offences,Court result unavailable,
b419d9aa6b94948da7efc41b504036e35a89d92e58ef2f7e3bd9143b53ef74cc,2022-06,Cambridgeshire Constabulary,Cambridgeshire Constabulary,-0.295037,52.223470,On or near Marchioness Way,E01018180,Huntingdonshire 022D,Violence and sexual offences,Investigation complete; no suspect identified,
00badf865781f8f7c48acae58929a560c38215d68bd3bea763b0db249cdffe02,2022-06,Cambridgeshire Constabulary,Cambridgeshire Constabulary,-0.293096,52.224827,On or near Peer Road,E01018180,Huntingdonshire 022D,Violence and sexual offences,Unable to prosecute suspect,
b4f05a38fa8ba92bfa890d9b9f65598672cfb7030c6934647c964866ef028e79,2022-06,Cambridgeshire Constabulary,Cambridgeshire Constabulary,-0.297232,52.221191,On or near Duchess Close,E01018180,Huntingdonshire 022D,Violence and sexual offences,Further action is not in the public interest,
1c29752f1adf9d23db9fef71954c882cfa8c0f46c33ed71f2ffec5ae5f341e51,2022-06,Cambridgeshire Constabulary,Cambridgeshire Constabulary,-0.293096,52.224827,On or near Peer Road,E01018180,Huntingdonshire 022D,Violence and sexual offences,Unable to prosecute suspect,
7720217b1581dffe78addc22dc0c328256bfa1a2f13abee91b798a459d023e52,2022-06,Cambridgeshire Constabulary,Cambridgeshire Constabulary,-0.294250,52.224915,On or near Earl Close,E01018180,Huntingdonshire 022D,Violence and sexual offences,Unable to prosecute suspect,
e4d332ca9831481d197a034c4132f333133af2daba72554bd485d28619c9fdc3,2022-06,Cambridgeshire Constabulary,Cambridgeshire Constabulary,-0.294250,52.224915,On or near Earl Close,E01018180,Huntingdonshire 022D,Violence and sexual offences,Unable to prosecute suspect,
379516203e6e7350d9aea3146d6a8957a061f99644c5dea29e0d36315a94c22e,2022-06,Cambridgeshire Constabulary,Cambridgeshire Constabulary,1.122030,52.081901,On or near Sports/Recreation Area,E01030035,Ipswich 001D,Violence and sexual offences,Unable to prosecute suspect,
c4d14673d9ddeaf7ee43267c4beac7497568d2ed562c687058524bd0d88423a1,2022-06,Cambridgeshire Constabulary,Cambridgeshire Constabulary,1.122030,52.081901,On or near Sports/Recreation Area,E01030035,Ipswich 001D,Violence and sexual offences,Unable to prosecute suspect,
5d88b60891052b990b5d5a003c793d7841b9367b805e048cf3c202604683d1d3,2022-06,Cambridgeshire Constabulary,Cambridgeshire Constabulary,0.189450,52.637052,On or near Outwell Road,E01026661,King's Lynn and West Norfolk 016C,Criminal damage and arson,Investigation complete; no suspect identified,
3ca564548f815c992cb02c14fb172fdc9d0ce400e58ba39f3d1ec4751fed3301,2022-06,Cambridgeshire Constabulary,Cambridgeshire Constabulary,0.206677,52.641624,On or near Coates Court,E01026661,King's Lynn and West Norfolk 016C,Violence and sexual offences,Unable to prosecute suspect,
0149fdb6c53c6f2e4ee7673d709ace897170a87f0911e47f11e7c241c25bf5a6,2022-06,Cambridgeshire Constabulary,Cambridgeshire Constabulary,-1.630580,53.719554,On or near York Road,E01011023,Kirklees 007C,Violence and sexual offences,Status update unavailable,
c5b1a775882de129b48fd8de534c9cc7d9864c0e75967be37819963bd8b6cfb2,2022-06,Cambridgeshire Constabulary,Cambridgeshire Constabulary,-1.630580,53.719554,On or near York Road,E01011023,Kirklees 007C,Violence and sexual offences,Status update unavailable,
33d2610def60aaa69f3817a16aa8977cf0ba206a6c88b63d698e2f4667f5080d,2022-06,Cambridgeshire Constabulary,Cambridgeshire Constabulary,-0.017633,51.444879,On or near Plassy Road,E01003319,Lewisham 018A,Violence and sexual offences,Status update unavailable,
53e1e6cef13e71a29138bf98de5108a1f6c4c30ba71a8fd5094b877f1e91255c,2022-06,Cambridgeshire Constabulary,Cambridgeshire Constabulary,-0.017633,51.444879,On or near Plassy Road,E01003319,Lewisham 018A,Violence and sexual offences,Status update unavailable,
ba669ece0985f802c067233928ebf7bf5de68dc5f552b9f1d574fde77fd5df42,2022-06,Cambridgeshire Constabulary,Cambridgeshire Constabulary,0.022777,51.552920,On or near Bignold Road,E01003546,Newham 001C,Violence and sexual offences,Status update unavailable,
d1246504251cf97ef9c71bed4a08652d32f95fe4c8017b89f6677f49a144ea6a,2022-06,Cambridgeshire Constabulary,Cambridgeshire Constabulary,0.019162,51.525042,On or near Grant Street,E01003498,Newham 027B,Violence and sexual offences,Unable to prosecute suspect,
1cefe08f18a3e00eb0eeb8e0be9529fc7c8d0d8c09d0a839a757d9cf771b2e23,2022-06,Cambridgeshire Constabulary,Cambridgeshire Constabulary,-4.042675,51.082088,On or near Valley Close,E01020141,North Devon 008D,Other crime,Status update unavailable,
29c270fc64a12ff0635a3dd7600935bd6c5042cc2c45f2104321878422b053c9,2022-06,Cambridgeshire Constabulary,Cambridgeshire Constabulary,-0.773371,53.492397,On or near North Street,E01013253,North Lincolnshire 023D,Violence and sexual offences,Status update unavailable,
be0b14f90f1b18eb12f3174e13eb93ca14b9e67a08095eed2a2cbf2ddfffb682,2022-06,Cambridgeshire Constabulary,Cambridgeshire Constabulary,-1.540731,55.128098,On or near Greendale Close,E01027424,Northumberland 022D,Violence and sexual offences,Status update unavailable,
fb2075880b4beff575c9868251f81a7bfd39df6fd2c604ba38af2156c9005f2f,2022-06,Cambridgeshire Constabulary,Cambridgeshire Constabulary,-0.295206,52.632305,On or near A15,E01015629,Peterborough 001A,Criminal damage and arson,Investigation complete; no suspect identified,
bdbdb25776003e2ebf109d520c9706103d4ddaeb15e39fbc6c3a5b9bc89a102d,2022-06,Cambridgeshire Constabulary,Cambridgeshire Constabulary,-0.296746,52.638692,On or near School Lane,E01015629,Peterborough 001A,Public order,Status update unavailable,
412d1b02e8455cf42b446f063b9a26eb604ce410a01ba7ec23e4b7922dfe5b2b,2022-06,Cambridgeshire Constabulary,Cambridgeshire Constabulary,-0.296155,52.639448,On or near The Green,E01015629,Peterborough 001A,Public order,Investigation complete; no suspect identified,
b3f017e2c7857527a0af8fd69f5b0f727955ee1999e12b67abba58a5df241d44,2022-06,Cambridgeshire Constabulary,Cambridgeshire Constabulary,-0.303415,52.638204,On or near Helpston Road,E01015629,Peterborough 001A,Violence and sexual offences,Further action is not in the public interest,
5f3b0b5baf219aaa59f05fe2ec59b9d8c0d9a4974094b4b7bd06f891d6a3178d,2022-06,Cambridgeshire Constabulary,Cambridgeshire Constabulary,-0.298680,52.638720,On or near Lincoln Road,E01015629,Peterborough 001A,Violence and sexual offences,Unable to prosecute suspect,
06f66108e736deb8edec648f0732a0c60ab684bf3e817dc01ed1cc41a7bf309a,2022-06,Cambridgeshire Constabulary,Cambridgeshire Constabulary,-0.291771,52.634377,On or near Ashburn Close,E01015629,Peterborough 001A,Violence and sexual offences,Court result unavailable,
af3e0bf62a585b6f0f2d0ff4d7fd449c2c47b4c8ae8cd118a0a0198b8ac4104d,2022-06,Cambridgeshire Constabulary,Cambridgeshire Constabulary,-0.291771,52.634377,On or near Ashburn Close,E01015629,Peterborough 001A,Violence and sexual offences,Unable to prosecute suspect,
2b9f9940245c00bf29105e07ddb82ba62973c55d20fb747c2c7f6aee77131f16,2022-06,Cambridgeshire Constabulary,Cambridgeshire Constabulary,-0.303415,52.638204,On or near Helpston Road,E01015629,Peterborough 001A,Violence and sexual offences,Unable to prosecute suspect,
2468837ed902e8e74e0d91e2fcc3f559de92e1d1713a6cc9b113f8b8f794218f,2022-06,Cambridgeshire Constabulary,Cambridgeshire Constabulary,-0.298680,52.638720,On or near Lincoln Road,E01015629,Peterborough 001A,Violence and sexual offences,Unable to prosecute suspect,
4e4a540fef07d9252483f31d88f893ffa85adc1e3a23d23524ba0ab7e3bf8dc8,2022-06,Cambridgeshire Constabulary,Cambridgeshire Constabulary,-0.292687,52.635118,On or near St Benedicts Close,E01015629,Peterborough 001A,Violence and sexual offences,Unable to prosecute suspect,
24675836722e8c75e1c8dab437b0920577ffcfe627ff0a88f2950ee606a96fdb,2022-06,Cambridgeshire Constabulary,Cambridgeshire Constabulary,-0.291771,52.634377,On or near Ashburn Close,E01015629,Peterborough 001A,Violence and sexual offences,Unable to prosecute suspect,
62ae5f825ca04e9767d528eee8610e3f2c9eba1ac1ad98da762f0100e12f3aa1,2022-06,Cambridgeshire Constabulary,Cambridgeshire Constabulary,-0.298680,52.638720,On or near Lincoln Road,E01015629,Peterborough 001A,Violence and sexual offences,Unable to prosecute suspect,
99ba0b108b0ac9d1261b43461fa9b215dc508f4a1a4f716a37eb6bca580624b0,2022-06,Cambridgeshire Constabulary,Cambridgeshire Constabulary,-0.298680,52.638720,On or near Lincoln Road,E01015629,Peterborough 001A,Violence and sexual offences,Unable to prosecute suspect,
aafe885ee0408d359b19f6247bb7259628190db92467fff7bea418b62f4409b1,2022-06,Cambridgeshire Constabulary,Cambridgeshire Constabulary,-0.291771,52.634377,On or near Ashburn Close,E01015629,Peterborough 001A,Violence and sexual offences,Unable to prosecute suspect,
bfdca8b5e8a4d32ae7fae0ef394d5b2ad934cfb0a56f54ecae3aa9b092ab842b,2022-06,Cambridgeshire Constabulary,Cambridgeshire Constabulary,-0.291771,52.634377,On or near Ashburn Close,E01015629,Peterborough 001A,Violence and sexual offences,Unable to prosecute suspect,
8a051fa76be150ce73c0324fdc746a69b543c549cdb3583a564a72641da56e40,2022-06,Cambridgeshire Constabulary,Cambridgeshire Constabulary,-0.298680,52.638720,On or near Lincoln Road,E01015629,Peterborough 001A,Violence and sexual offences,Unable to prosecute suspect,
01e3ae2613224e93b661dae7be45044ac1f54890bd1ee88f7ba624697a68b147,2022-06,Cambridgeshire Constabulary,Cambridgeshire Constabulary,-0.288601,52.634187,On or near Holmes Road,E01015629,Peterborough 001A,Violence and sexual offences,Unable to prosecute suspect,
2ceb6c0b6663ddf9557f6823bd3f8f761320b53b295e0604ffbf34c5106131a8,2022-06,Cambridgeshire Constabulary,Cambridgeshire Constabulary,-0.303415,52.638204,On or near Helpston Road,E01015629,Peterborough 001A,Violence and sexual offences,Further action is not in the public interest,
111af7aae577260b205bc2c49880c1cbe9d9372d6d645f719c9b9f54289a7f00,2022-06,Cambridgeshire Constabulary,Cambridgeshire Constabulary,-0.288601,52.634187,On or near Holmes Road,E01015629,Peterborough 001A,Other crime,Status update unavailable,
,2022-06,Cambridgeshire Constabulary,Cambridgeshire Constabulary,-0.291525,52.656608,On or near Pingle Lane,E01015635,Peterborough 001B,Anti-social behaviour,,
,2022-06,Cambridgeshire Constabulary,Cambridgeshire Constabulary,-0.306003,52.670679,On or near Sutton'S Lane,E01015635,Peterborough 001B,Anti-social behaviour,,
b0fa22400db8364e5c78f3d72af9cdb9511b9f62b3523970fa805e571e5daffb,2022-06,Cambridgeshire Constabulary,Cambridgeshire Constabulary,-0.297111,52.658585,On or near Church View,E01015635,Peterborough 001B,Other theft,Investigation complete; no suspect identified,
296f8c1406ca0e328753ca7109196eca30159b06a523c15bf3e6d5e87974c143,2022-06,Cambridgeshire Constabulary,Cambridgeshire Constabulary,-0.297111,52.658585,On or near Church View,E01015635,Peterborough 001B,Other theft,Investigation complete; no suspect identified,
a7fd569aba679cd133a527fe4ddca84b738c09bc7227ebeec4fcca6fdd271f00,2022-06,Cambridgeshire Constabulary,Cambridgeshire Constabulary,-0.297111,52.658585,On or near Church View,E01015635,Peterborough 001B,Other theft,Investigation complete; no suspect identified,
ab2e98ac5966e7e05d882d9ffa0d5ae0f62fa6410db39d63a8ee0e50defb6580,2022-06,Cambridgeshire Constabulary,Cambridgeshire Constabulary,-0.292594,52.656866,On or near The Pingle,E01015635,Peterborough 001B,Violence and sexual offences,Offender given a caution,
,2022-06,Cambridgeshire Constabulary,Cambridgeshire Constabulary,-0.301294,52.655193,On or near Lincoln Road,E01015636,Peterborough 001C,Anti-social behaviour,,
12aea22d777ac4f6a26d69dfd4b0afa5b10600b1d0ebd14019f2cd55e82fe374,2022-06,Cambridgeshire Constabulary,Cambridgeshire Constabulary,-0.331828,52.660140,On or near School Close,E01015636,Peterborough 001C,Violence and sexual offences,Unable to prosecute suspect,
,2022-06,Cambridgeshire Constabulary,Cambridgeshire Constabulary,-0.279526,52.619913,On or near Swallowfield,E01015679,Peterborough 001D,Anti-social behaviour,,
a004977bc9a6eb9edfc0d3aef3063f5c5ed09d4556727db6ec28d68b4b889cc5,2022-06,Cambridgeshire Constabulary,Cambridgeshire Constabulary,-0.285844,52.619259,On or near Supermarket,E01015679,Peterborough 001D,Burglary,Investigation complete; no suspect identified,
8dfa5604ae2e0a291d70782c4d2f0389a7880c81c6d3bcd2e4bf4e8e1d38f8b4,2022-06,Cambridgeshire Constabulary,Cambridgeshire Constabulary,-0.284356,52.617646,On or near Priors Gate,E01015679,Peterborough 001D,Criminal damage and arson,Investigation complete; no suspect identified,
d865d4fc8b3d456f0ba2a07effa08116264b8eb27aeb9cfa878ddbdead39559e,2022-06,Cambridgeshire Constabulary,Cambridgeshire Constabulary,-0.279526,52.619913,On or near Swallowfield,E01015679,Peterborough 001D,Other theft,Further action is not in the public interest,
e57f3dcbf98abf6930c73cde4049d1605959ca144b5bdb1c446048f0b131f2a4,2022-06,Cambridgeshire Constabulary,Cambridgeshire Constabulary,-0.279526,52.619913,On or near Swallowfield,E01015679,Peterborough 001D,Public order,Unable to prosecute suspect,
46b7a6dd81ae38e37b3cee4a1f3243ac3dca23ef33a45da5890d086f7e5b093c,2022-06,Cambridgeshire Constabulary,Cambridgeshire Constabulary,-0.281279,52.621908,On or near Wainwright,E01015679,Peterborough 001D,Violence and sexual offences,Unable to prosecute suspect,
,2022-06,Cambridgeshire Constabulary,Cambridgeshire Constabulary,-0.272818,52.621443,On or near Supermarket,E01015678,Peterborough 002A,Anti-social behaviour,,
,2022-06,Cambridgeshire Constabulary,Cambridgeshire Constabulary,-0.272818,52.621443,On or near Supermarket,E01015678,Peterborough 002A,Anti-social behaviour,,
a8a75e93ffcd25d7e84647b9fc3a388f8e9de780750f639db280e237f892a33c,2022-06,Cambridgeshire Constabulary,Cambridgeshire Constabulary,-0.272818,52.621443,On or near Supermarket,E01015678,Peterborough 002A,Burglary,Investigation complete; no suspect identified,
53435abc18605f08636cd10dd3bee8cbbf55cd728182dd9947abee85c352cb32,2022-06,Cambridgeshire Constabulary,Cambridgeshire Constabulary,-0.272828,52.621938,On or near Petrol Station,E01015678,Peterborough 002A,Other theft,Investigation complete; no suspect identified,
2e4122ec21b7c396fc9b48922ebd442783ec91592b358c786e95e8832d8acafc,2022-06,Cambridgeshire Constabulary,Cambridgeshire Constabulary,-0.272818,52.621443,On or near Supermarket,E01015678,Peterborough 002A,Public order,Investigation complete; no suspect identified,
5465747ada7fb34f0fdcbe04b618d0e1c8dffcea3990b97fcfa5f675221d1780,2022-06,Cambridgeshire Constabulary,Cambridgeshire Constabulary,-0.273386,52.623151,On or near Home Pasture,E01015678,Peterborough 002A,Public order,Local resolution,
1d16301b4c86c2c4751bdaf25f76c3a54736122592b8830b5d039df70b4696d5,2022-06,Cambridgeshire Constabulary,Cambridgeshire Constabulary,-0.272828,52.621938,On or near Petrol Station,E01015678,Peterborough 002A,Public order,Unable to prosecute suspect,
833a6dee2e506413f15756892a2c0b4a0250cb8f7ba3607d468959c51425a90b,2022-06,Cambridgeshire Constabulary,Cambridgeshire Constabulary,-0.272828,52.621938,On or near Petrol Station,E01015678,Peterborough 002A,Public order,Investigation complete; no suspect identified,
fae0faa921cef342291bdcabd70182507e9b32cbe94d8f9b9cfa5a83198c2c37,2022-06,Cambridgeshire Constabulary,Cambridgeshire Constabulary,-0.275730,52.623266,On or near Middle Pasture,E01015678,Peterborough 002A,Robbery,Investigation complete; no suspect identified,
1c0311802d23fb9b2e55c3e3b0f8350d2f5ec7da83a1078b0150e594b7faaac7,2022-06,Cambridgeshire Constabulary,Cambridgeshire Constabulary,-0.272818,52.621443,On or near Supermarket,E01015678,Peterborough 002A,Shoplifting,Investigation complete; no suspect identified,
0a822c8d756efd1a78fe44c9d168d94e6f2622c28bc3049d7c65993a410e7c38,2022-06,Cambridgeshire Constabulary,Cambridgeshire Constabulary,-0.272818,52.621443,On or near Supermarket,E01015678,Peterborough 002A,Shoplifting,Investigation complete; no suspect identified,
827d207de66aa1aaf08dc4894be5255735738a813469f22428c3b5ed293f1c15,2022-06,Cambridgeshire Constabulary,Cambridgeshire Constabulary,-0.272818,52.621443,On or near Supermarket,E01015678,Peterborough 002A,Shoplifting,Investigation complete; no suspect identified,
bbe134c66398dd847367458cba5571b61014b2b60b424f27bfbd32a693864723,2022-06,Cambridgeshire Constabulary,Cambridgeshire Constabulary,-0.272818,52.621443,On or near Supermarket,E01015678,Peterborough 002A,Shoplifting,Investigation complete; no suspect identified,
c3cc666e3fb5c830e3a24e11af8576c0954623910e3eab5f9ba58bb779fb1323,2022-06,Cambridgeshire Constabulary,Cambridgeshire Constabulary,-0.272828,52.621938,On or near Petrol Station,E01015678,Peterborough 002A,Violence and sexual offences,Unable to prosecute suspect,
,2022-06,Cambridgeshire Constabulary,Cambridgeshire Constabulary,-0.268866,52.620136,On or near Copsewood,E01015680,Peterborough 002B,Anti-social behaviour,,
,2022-06,Cambridgeshire Constabulary,Cambridgeshire Constabulary,-0.268920,52.618770,On or near Goodwin Walk,E01015680,Peterborough 002B,Anti-social behaviour,,
e264ed6d336822ba4f46f57e6c97f67ed93021114833b02351b0d01a0b41f284,2022-06,Cambridgeshire Constabulary,Cambridgeshire Constabulary,-0.269922,52.622579,On or near Crowhurst,E01015680,Peterborough 002B,Criminal damage and arson,Unable to prosecute suspect,
9bc1d3745fd1280b9581c3ac99bba11c4fb249b63704d4f49f3c8745c6c4669c,2022-06,Cambridgeshire Constabulary,Cambridgeshire Constabulary,-0.269922,52.622579,On or near Crowhurst,E01015680,Peterborough 002B,Criminal damage and arson,Offender given a caution,
9a87c1cc5dd0839286b5e9a58283446e03250e78f6a612d0dadb13f0d4509848,2022-06,Cambridgeshire Constabulary,Cambridgeshire Constabulary,-0.269460,52.620801,On or near Skaters Way,E01015680,Peterborough 002B,Criminal damage and arson,Local resolution,
11fc3aabece5e92e1040fff395f8a31415df729b99c584b8982afee8a9f27935,2022-06,Cambridgeshire Constabulary,Cambridgeshire Constabulary,-0.268866,52.620136,On or near Copsewood,E01015680,Peterborough 002B,Other theft,Investigation complete; no suspect identified,
a38e0b87a3e8f5a2cb2ced1562de290bbe7a855386e3011fdbd92d341eac5371,2022-06,Cambridgeshire Constabulary,Cambridgeshire Constabulary,-0.270690,52.618454,On or near Fenbridge Road,E01015680,Peterborough 002B,Other theft,Investigation complete; no suspect identified,
fc55c74340dd90013b5d70a3fd839e788eb020351aebb05897c342e7fac29186,2022-06,Cambridgeshire Constabulary,Cambridgeshire Constabulary,-0.268034,52.620987,On or near Canwell,E01015680,Peterborough 002B,Public order,Unable to prosecute suspect,
28a3c9ee4f03fb9ff408c9a5b85c9ac162d8b5fe6d0bcb76d8ec6c2e332dc53c,2022-06,Cambridgeshire Constabulary,Cambridgeshire Constabulary,-0.266875,52.618183,On or near Welbourne,E01015680,Peterborough 002B,Vehicle crime,Unable to prosecute suspect,
5cab2b3f9b63988af9f3f7aceda55237c8c2b5b6c39ff03a87968f00d6b95d84,2022-06,Cambridgeshire Constabulary,Cambridgeshire Constabulary,-0.269460,52.620801,On or near Skaters Way,E01015680,Peterborough 002B,Violence and sexual offences,Unable to prosecute suspect,
f8da6d1506015babf1d950862050ea0cab4d62368352454e934d3ca8f0c22186,2022-06,Cambridgeshire Constabulary,Cambridgeshire Constabulary,-0.272353,52.619728,On or near Thursfield,E01015680,Peterborough 002B,Violence and sexual offences,Local resolution,
052f7334257490d04ebd43ffa1a2229faa87549ba84d8013926702805b23bb30,2022-06,Cambridgeshire Constabulary,Cambridgeshire Constabulary,-0.272353,52.619728,On or near Thursfield,E01015680,Peterborough 002B,Violence and sexual offences,Local resolution,
9254e37c9c2dd2b37027a0eee33be018c4c788fb5dd3842c7bfaed733d77eaca,2022-06,Cambridgeshire Constabulary,Cambridgeshire Constabulary,-0.268920,52.618770,On or near Goodwin Walk,E01015680,Peterborough 002B,Violence and sexual offences,Investigation complete; no suspect identified,
b40eeb46b1f04111b468c620bb1373afd87dcf34fbbeea8b24d008cdde0b2efe,2022-06,Cambridgeshire Constabulary,Cambridgeshire Constabulary,-0.269922,52.622579,On or near Crowhurst,E01015680,Peterborough 002B,Violence and sexual offences,Local resolution,
6afe5118e63c058772fef206c0ad609b5e2697354af1b22b272adb58c2a2349c,2022-06,Cambridgeshire Constabulary,Cambridgeshire Constabulary,-0.266875,52.618183,On or near Welbourne,E01015680,Peterborough 002B,Violence and sexual offences,Unable to prosecute suspect,
71b01629a263665e7814a58acb40e739b795e53803d2f737d098844739a3bd11,2022-06,Cambridgeshire Constabulary,Cambridgeshire Constabulary,-0.269460,52.620801,On or near Skaters Way,E01015680,Peterborough 002B,Violence and sexual offences,Unable to prosecute suspect,
217c085e0246536e7555f4f1e8bcb7eb70af1058b57de0193686227c3a5be5b0,2022-06,Cambridgeshire Constabulary,Cambridgeshire Constabulary,-0.272353,52.619728,On or near Thursfield,E01015680,Peterborough 002B,Violence and sexual offences,Local resolution,
e317cca20e0ca8116e843034348421408af040709f6234490f14265eed57b43d,2022-06,Cambridgeshire Constabulary,Cambridgeshire Constabulary,-0.269460,52.620801,On or near Skaters Way,E01015680,Peterborough 002B,Violence and sexual offences,Unable to prosecute suspect,
,2022-06,Cambridgeshire Constabulary,Cambridgeshire Constabulary,-0.273592,52.628054,On or near Woodhall Rise,E01015681,Peterborough 002C,Anti-social behaviour,,
ac675f21532d67029eeeeb2781e5f05b62870311e2dd36f581952ad35501a7a2,2022-06,Cambridgeshire Constabulary,Cambridgeshire Constabulary,-0.274971,52.629422,On or near Temple Grange,E01015681,Peterborough 002C,Burglary,Investigation complete; no suspect identified,
dfe8212d814eaf4678712d0330d1ff230f7e212c7d67794970f181c51eed5539,2022-06,Cambridgeshire Constabulary,Cambridgeshire Constabulary,-0.272988,52.627622,On or near Sapperton,E01015681,Peterborough 002C,Drugs,Local resolution,
a4ccc9bbd28fe7412d011210237080d98bcd65a7130eeaf91981eef948c00401,2022-06,Cambridgeshire Constabulary,Cambridgeshire Constabulary,-0.272988,52.627622,On or near Sapperton,E01015681,Peterborough 002C,Drugs,Local resolution,
64288b164933586570586c9375a07fe9cf8ba95c1af5ab692fa6fd723243ccdc,2022-06,Cambridgeshire Constabulary,Cambridgeshire Constabulary,-0.285461,52.624162,On or near Kingsbridge Court,E01015682,Peterborough 002D,Bicycle theft,Investigation complete; no suspect identified,
7df2634eef59ba1fe159a4787528d9fff00e5d3f675b9a8db0db89368d720847,2022-06,Cambridgeshire Constabulary,Cambridgeshire Constabulary,-0.284692,52.626075,On or near Sunnymead,E01015682,Peterborough 002D,Vehicle crime,Investigation complete; no suspect identified,
925da363251a3ed95156845310d93f6f2dda073d087fdc1b2c4d506a8f705943,2022-06,Cambridgeshire Constabulary,Cambridgeshire Constabulary,-0.284692,52.626075,On or near Sunnymead,E01015682,Peterborough 002D,Vehicle crime,Investigation complete; no suspect identified,
28007b5bbc672b254e8c194d0d6778c43230f012180fbaf84edd4d429f0144a7,2022-06,Cambridgeshire Constabulary,Cambridgeshire Constabulary,-0.284692,52.626075,On or near Sunnymead,E01015682,Peterborough 002D,Vehicle crime,Investigation complete; no suspect identified,
0f03b3171f7308e46b7ec382b359d81dbd301c6dd3790a1edb0bdfcfb123f3ea,2022-06,Cambridgeshire Constabulary,Cambridgeshire Constabulary,-0.284692,52.626075,On or near Sunnymead,E01015682,Peterborough 002D,Violence and sexual offences,Offender given a caution,
e5dae33e139355472e515f085c8a01af3337a951cae46f1618b7ec52d065b481,2022-06,Cambridgeshire Constabulary,Cambridgeshire Constabulary,-0.284692,52.626075,On or near Sunnymead,E01015682,Peterborough 002D,Violence and sexual offences,Unable to prosecute suspect,
,2022-06,Cambridgeshire Constabulary,Cambridgeshire Constabulary,-0.187407,52.612282,On or near Petrol Station,E01015630,Peterborough 003A,Anti-social behaviour,,
,2022-06,Cambridgeshire Constabulary,Cambridgeshire Constabulary,-0.187251,52.616793,On or near Newstead Close,E01015630,Peterborough 003A,Anti-social behaviour,,
9bc2d9358ee9312388edb38454b5a8b0d3fdd1cf17c47e9f95a33085ac816ce4,2022-06,Cambridgeshire Constabulary,Cambridgeshire Constabulary,-0.187407,52.612282,On or near Petrol Station,E01015630,Peterborough 003A,Criminal damage and arson,Investigation complete; no suspect identified,
a0d331548e3b3f2fe08c67f7896c7429cdcfe41cbe79395c81d61a692eb3ba87,2022-06,Cambridgeshire Constabulary,Cambridgeshire Constabulary,-0.185623,52.616867,On or near Verde Close,E01015630,Peterborough 003A,Public order,Unable to prosecute suspect,
427f6718478c9b84ec177abe797990817ff2fae6054873503fc7ec6d618d4628,2022-06,Cambridgeshire Constabulary,Cambridgeshire Constabulary,-0.185438,52.619534,On or near Northam Close,E01015630,Peterborough 003A,Public order,Unable to prosecute suspect,
e110f2db58d0e6b44ef5b668c90a20a7d780b7c8ef27077e538722007fe773bc,2022-06,Cambridgeshire Constabulary,Cambridgeshire Constabulary,-0.185438,52.619534,On or near Northam Close,E01015630,Peterborough 003A,Public order,Status update unavailable,
67f36e9cce0dca92bebd6cc8c7f09843ac32147fc00482a8a619d9159c535ce9,2022-06,Cambridgeshire Constabulary,Cambridgeshire Constabulary,-0.182655,52.614331,On or near Park/Open Space,E01015630,Peterborough 003A,Public order,Unable to prosecute suspect,
adddef6f113a0dd78c35e1ce502855fc9e21741e7858d70286ebf82cdfab7aa9,2022-06,Cambridgeshire Constabulary,Cambridgeshire Constabulary,-0.185451,52.613861,On or near Pershore Way,E01015630,Peterborough 003A,Vehicle crime,Investigation complete; no suspect identified,
0f91296a115ac5f721df25349ae0f09fdce2844957d5009f35f2e79d140d60aa,2022-06,Cambridgeshire Constabulary,Cambridgeshire Constabulary,-0.187407,52.612282,On or near Petrol Station,E01015630,Peterborough 003A,Vehicle crime,Unable to prosecute suspect,
deb23e83d2e6c290752263aa40c0d6f8e3c7876f2ea91b3c8ad2b642627c0da2,2022-06,Cambridgeshire Constabulary,Cambridgeshire Constabulary,-0.185438,52.619534,On or near Northam Close,E01015630,Peterborough 003A,Violence and sexual offences,Local resolution,
fa5e3db9f905f6cb6fe1aae1c35dadfcea7b93ed0717089d153c6839c77e6539,2022-06,Cambridgeshire Constabulary,Cambridgeshire Constabulary,-0.185623,52.616867,On or near Verde Close,E01015630,Peterborough 003A,Violence and sexual offences,Unable to prosecute suspect,
e0d0cd94c4d1261e93955df35dfcd0fcdb372db2e40a8c1a4c4807ac9e7ec3ef,2022-06,Cambridgeshire Constabulary,Cambridgeshire Constabulary,-0.244046,52.640467,On or near Northborough Road,E01015630,Peterborough 003A,Violence and sexual offences,Offender given a caution,
f9336ce6f08a684810299a88b4cd52569158ce653233c55f21eec250eacee11b,2022-06,Cambridgeshire Constabulary,Cambridgeshire Constabulary,-0.185623,52.616867,On or near Verde Close,E01015630,Peterborough 003A,Violence and sexual offences,Investigation complete; no suspect identified,
30eb78a787575f37f459a006fdb579ca30fad4081b8f930580cda69411007c70,2022-06,Cambridgeshire Constabulary,Cambridgeshire Constabulary,-0.185623,52.616867,On or near Verde Close,E01015630,Peterborough 003A,Violence and sexual offences,Unable to prosecute suspect,
a32d8d7829966729082ee5b968a4f00ec4b6a25e339a7521f5f2773aaebab2a2,2022-06,Cambridgeshire Constabulary,Cambridgeshire Constabulary,-0.185438,52.619534,On or near Northam Close,E01015630,Peterborough 003A,Violence and sexual offences,Unable to prosecute suspect,
1c7350c2e5af6395d056a650bbdbe4523ca6fdc45151685f41e2011da08686f1,2022-06,Cambridgeshire Constabulary,Cambridgeshire Constabulary,-0.185438,52.619534,On or near Northam Close,E01015630,Peterborough 003A,Violence and sexual offences,Local resolution,
40753572311bd156c7fc6d447b761fb0121f21f08e9502ae0f1de73a4489c12a,2022-06,Cambridgeshire Constabulary,Cambridgeshire Constabulary,-0.222726,52.635186,On or near Quorn Close,E01015631,Peterborough 003B,Violence and sexual offences,Unable to prosecute suspect,
,2022-06,Cambridgeshire Constabulary,Cambridgeshire Constabulary,-0.246878,52.609176,On or near Pratt Avenue,E01015659,Peterborough 003C,Anti-social behaviour,,
,2022-06,Cambridgeshire Constabulary,Cambridgeshire Constabulary,-0.243192,52.609391,On or near Patterdale Road,E01015659,Peterborough 003C,Anti-social behaviour,,
4b05ba53aff52122e1b40a2d592e3ac4b041f7bc2f249943e6ef1d47310ee951,2022-06,Cambridgeshire Constabulary,Cambridgeshire Constabulary,-0.250115,52.611337,On or near Mardale Gardens,E01015659,Peterborough 003C,Criminal damage and arson,Unable to prosecute suspect,
9495daad87baf405231fbc156cdb3f97f3bf2e2f172de5b628cae6cffdf9d2b6,2022-06,Cambridgeshire Constabulary,Cambridgeshire Constabulary,-0.246622,52.607842,On or near Rectors Way,E01015659,Peterborough 003C,Criminal damage and arson,Investigation complete; no suspect identified,
662456d422c0f8e2eb79afae5572890b3915af6df41b387fea98ac4904a7c5c6,2022-06,Cambridgeshire Constabulary,Cambridgeshire Constabulary,-0.243192,52.609391,On or near Patterdale Road,E01015659,Peterborough 003C,Public order,Unable to prosecute suspect,
76528a641b5b220ef600fcdfca3dd584709ae3fbcfa2de88085aa906c195f171,2022-06,Cambridgeshire Constabulary,Cambridgeshire Constabulary,-0.247123,52.612300,On or near Squires Gate,E01015659,Peterborough 003C,Vehicle crime,Investigation complete; no suspect identified,
a853f9892928dbe938f7efd50c5453ce3e068c9418b04258337ca994bb5a18d9,2022-06,Cambridgeshire Constabulary,Cambridgeshire Constabulary,-0.251706,52.611082,On or near Haveswater Close,E01015659,Peterborough 003C,Violence and sexual offences,Unable to prosecute suspect,
e64bcef205fde39f9e52ca3514c8df615fd3a2d9ab08851fd68dca3ca6d462a9,2022-06,Cambridgeshire Constabulary,Cambridgeshire Constabulary,-0.246622,52.607842,On or near Rectors Way,E01015659,Peterborough 003C,Violence and sexual offences,Unable to prosecute suspect,
75a25cf45e72df6c591396f7141630a819f4e287f2557611c5b851358c5963ac,2022-06,Cambridgeshire Constabulary,Cambridgeshire Constabulary,-0.245202,52.610095,On or near Kendal Close,E01015659,Peterborough 003C,Violence and sexual offences,Unable to prosecute suspect,
d9f1931f9c39409abee3882352aa14c967726a5e32962a16a153a8e669068d8c,2022-06,Cambridgeshire Constabulary,Cambridgeshire Constabulary,-0.246622,52.607842,On or near Rectors Way,E01015659,Peterborough 003C,Violence and sexual offences,Unable to prosecute suspect,
a4fb78e7168089ad3262cc37b54210388d2e0b354c529de1f38894d201ce5ad6,2022-06,Cambridgeshire Constabulary,Cambridgeshire Constabulary,-0.246622,52.607842,On or near Rectors Way,E01015659,Peterborough 003C,Violence and sexual offences,Unable to prosecute suspect,
,2022-06,Cambridgeshire Constabulary,Cambridgeshire Constabulary,-0.264549,52.611630,On or near Walnut Grove,E01015684,Peterborough 003D,Anti-social behaviour,,
abb713ce1f499f4537d797b2a67e39a9717fe7f0b1df4998990fdec9b639168f,2022-06,Cambridgeshire Constabulary,Cambridgeshire Constabulary,-0.259647,52.612700,On or near Grasmere Gardens,E01015684,Peterborough 003D,Criminal damage and arson,Investigation complete; no suspect identified,
a58871eb0a5e48e974ce372051f85ca764559b776f1122df5a8078dba3426c2f,2022-06,Cambridgeshire Constabulary,Cambridgeshire Constabulary,-0.250252,52.613829,On or near Coniston Road,E01015685,Peterborough 003E,Criminal damage and arson,Investigation complete; no suspect identified,
4fd36937c7a712ea116c72a21caafb114e9734e15b70bc08c1c56b391951a526,2022-06,Cambridgeshire Constabulary,Cambridgeshire Constabulary,-0.252691,52.612301,On or near Rydal Court,E01015685,Peterborough 003E,Public order,Investigation complete; no suspect identified,
62edbf0354339eb170ec664547825480c078ec1027baf15121f2359b18d050c4,2022-06,Cambridgeshire Constabulary,Cambridgeshire Constabulary,-0.257589,52.615430,On or near Ambleside Gardens,E01015685,Peterborough 003E,Violence and sexual offences,Further action is not in the public interest,
,2022-06,Cambridgeshire Constabulary,Cambridgeshire Constabulary,-0.366035,52.619907,On or near Stamford Road,E01015589,Peterborough 004A,Anti-social behaviour,,
,2022-06,Cambridgeshire Constabulary,Cambridgeshire Constabulary,-0.385961,52.640831,On or near Badinton Lane,E01015589,Peterborough 004A,Anti-social behaviour,,
,2022-06,Cambridgeshire Constabulary,Cambridgeshire Constabulary,-0.385961,52.640831,On or near Badinton Lane,E01015589,Peterborough 004A,Anti-social behaviour,,
98f981bb78d5095a07eeedb8c120fd17c2d80c4c3832933f197aa4207d9ef9d9,2022-06,Cambridgeshire Constabulary,Cambridgeshire Constabulary,-0.333088,52.635568,On or near Arborfield Close,E01015589,Peterborough 004A,Other theft,Investigation complete; no suspect identified,
3c10af6ed468371db7609319c6c399d52eaa64042691ba462953a1655da25eef,2022-06,Cambridgeshire Constabulary,Cambridgeshire Constabulary,-0.350929,52.635044,On or near West Street,E01015589,Peterborough 004A,Public order,Unable to prosecute suspect,
144481ac3de290fad1d840ce105ad365bff20b57b338766c69016cf1828ff80c,2022-06,Cambridgeshire Constabulary,Cambridgeshire Constabulary,-0.333088,52.635568,On or near Arborfield Close,E01015589,Peterborough 004A,Other crime,Further investigation is not in the public interest,
557cf38fe2f6783e90997d1b7551b18c17a98758e0b2fc4f1a4e2a3196f527e3,2022-06,Cambridgeshire Constabulary,Cambridgeshire Constabulary,-0.409736,52.635677,On or near The Acres,E01015590,Peterborough 004B,Violence and sexual offences,Investigation complete; no suspect identified,
4b87f5f916a885219f07072e7f43b15de50cf4395665ec78b1eeddf210f6ae52,2022-06,Cambridgeshire Constabulary,Cambridgeshire Constabulary,-0.444353,52.609651,On or near The Limes,E01015626,Peterborough 004C,Bicycle theft,Investigation complete; no suspect identified,
fa78ef121bc3499bd6ca3e3645343dc54e6cd8a611777aff808e7ac6fef768aa,2022-06,Cambridgeshire Constabulary,Cambridgeshire Constabulary,-0.441483,52.606871,On or near Carnegie Road,E01015626,Peterborough 004C,Other theft,Investigation complete; no suspect identified,
f36f87fc1779ea5814e3b68c8239556330a5e69faefde94c28360df68d336fe4,2022-06,Cambridgeshire Constabulary,Cambridgeshire Constabulary,-0.438862,52.607493,On or near Newman Close,E01015626,Peterborough 004C,Public order,Investigation complete; no suspect identified,
b55244b27f27a6ee481a34355ab16d46fb39ebf46d431d5681504eae96ec1a03,2022-06,Cambridgeshire Constabulary,Cambridgeshire Constabulary,-0.444353,52.609651,On or near The Limes,E01015626,Peterborough 004C,Violence and sexual offences,Investigation complete; no suspect identified,
a801d3691c722a71a426bb92cda5e2c7d02ab6562d752f26eed4995060f19155,2022-06,Cambridgeshire Constabulary,Cambridgeshire Constabulary,-0.435812,52.606445,On or near Radford Close,E01015626,Peterborough 004C,Violence and sexual offences,Unable to prosecute suspect,
e66dbe7fb5036dd6ef9b63d618d3262e65a666eceaa9016dc282bb80aaf55f6f,2022-06,Cambridgeshire Constabulary,Cambridgeshire Constabulary,-0.444353,52.609651,On or near The Limes,E01015626,Peterborough 004C,Violence and sexual offences,Unable to prosecute suspect,
8b902379204e0decc6738f970b66fa2c54ed31227de80abf71bb2941695acc4e,2022-06,Cambridgeshire Constabulary,Cambridgeshire Constabulary,-0.444353,52.609651,On or near The Limes,E01015626,Peterborough 004C,Violence and sexual offences,Unable to prosecute suspect,
31fb2bd7417fc9f6a28444c09ee20cc38e67dcbe32a1295f6bb358ccfe9598f3,2022-06,Cambridgeshire Constabulary,Cambridgeshire Constabulary,-0.435812,52.606445,On or near Radford Close,E01015626,Peterborough 004C,Other crime,Unable to prosecute suspect,
f22a10e92f274a5a2ce1e107224f18ac4e51fa75575be6a0b8c9d2008c73594f,2022-06,Cambridgeshire Constabulary,Cambridgeshire Constabulary,-0.416154,52.579904,On or near Bridge End,E01015628,Peterborough 004D,Criminal damage and arson,Investigation complete; no suspect identified,
fb53a3650a32bb8d37e224d6f125139172c64f81513b87833593dede0e6e0655,2022-06,Cambridgeshire Constabulary,Cambridgeshire Constabulary,-0.421774,52.592306,On or near Russell Hill,E01015628,Peterborough 004D,Other theft,Investigation complete; no suspect identified,
df7ea072dd3c2138bcef6f3b0a73e682840da9eb0d00bb62b9e76fe990a10014,2022-06,Cambridgeshire Constabulary,Cambridgeshire Constabulary,-0.421774,52.592306,On or near Russell Hill,E01015628,Peterborough 004D,Other theft,Investigation complete; no suspect identified,
8db81e1a32d0e7547d8ca28324465c72f0cba4cf603e3beb61bce95cf2f4acb2,2022-06,Cambridgeshire Constabulary,Cambridgeshire Constabulary,-0.416183,52.581955,On or near Nene Close,E01015628,Peterborough 004D,Public order,Investigation complete; no suspect identified,
ce93abc53a197f824b60e8c51fe838f61ffd32dc86c4778caa071d2360f85554,2022-06,Cambridgeshire Constabulary,Cambridgeshire Constabulary,-0.417083,52.581544,On or near A6118,E01015628,Peterborough 004D,Vehicle crime,Investigation complete; no suspect identified,
f7afa06c6930c49b5bea749619b161bd864b5560289cb8d4c80f282de0078b50,2022-06,Cambridgeshire Constabulary,Cambridgeshire Constabulary,-0.421774,52.592306,On or near Russell Hill,E01015628,Peterborough 004D,Vehicle crime,Investigation complete; no suspect identified,
c729883feba39c7a999d966141f779f3a55a5d41ba5f0ea92718ea486c87280a,2022-06,Cambridgeshire Constabulary,Cambridgeshire Constabulary,-0.430342,52.606193,On or near Parking Area,E01015628,Peterborough 004D,Vehicle crime,Investigation complete; no suspect identified,
db74e805133b64738a186ed7b45070840be3f1a70140ede74407831673794d22,2022-06,Cambridgeshire Constabulary,Cambridgeshire Constabulary,-0.435504,52.608455,On or near Baldwin Close,E01015628,Peterborough 004D,Vehicle crime,Investigation complete; no suspect identified,
e4a99bbd737dc8fb1a3f0b0c6305183b135b73e23656625d3b3c0422dc0cb131,2022-06,Cambridgeshire Constabulary,Cambridgeshire Constabulary,-0.443856,52.610318,On or near Harvey Close,E01015628,Peterborough 004D,Violence and sexual offences,Unable to prosecute suspect,
1e5ea70f2de86d21303467c3b2f7a6c636197f9495b33d55b7e057f05df8fb54,2022-06,Cambridgeshire Constabulary,Cambridgeshire Constabulary,-0.446028,52.614474,On or near Collyweston Road,E01015628,Peterborough 004D,Violence and sexual offences,Investigation complete; no suspect identified,
,2022-06,Cambridgeshire Constabulary,Cambridgeshire Constabulary,-0.108741,52.626301,On or near Station Road,E01015617,Peterborough 005A,Anti-social behaviour,,
e8149b312d9f3b31ba6d39cc21e6cb450651ce83ada5beb462d7389044813d0e,2022-06,Cambridgeshire Constabulary,Cambridgeshire Constabulary,-0.097994,52.617902,On or near St Peter'S Way,E01015617,Peterborough 005A,Public order,Unable to prosecute suspect,
d43b41eb91cbf7024e49d9562274b87c1a12fcc1d22f92a385cc766696f4202a,2022-06,Cambridgeshire Constabulary,Cambridgeshire Constabulary,-0.106982,52.620842,On or near Church Street,E01015617,Peterborough 005A,Public order,Status update unavailable,
d2b0429b6bfd30724fde2105894acabe0763352e893df9d275de09a3ef15ce69,2022-06,Cambridgeshire Constabulary,Cambridgeshire Constabulary,-0.117850,52.586535,On or near Northside,E01015617,Peterborough 005A,Violence and sexual offences,Status update unavailable,
9ebb94c0bed41a4ea35d72dbe42a55d3b598af971e2cca214cce658aeed73b32,2022-06,Cambridgeshire Constabulary,Cambridgeshire Constabulary,-0.097994,52.617902,On or near St Peter'S Way,E01015617,Peterborough 005A,Violence and sexual offences,Unable to prosecute suspect,
a96b42f27b85b2440802dffe03f39ac41dc53a4fc4c0d254849a417972d42225,2022-06,Cambridgeshire Constabulary,Cambridgeshire Constabulary,-0.117850,52.586535,On or near Northside,E01015617,Peterborough 005A,Violence and sexual offences,Status update unavailable,
d9ec6c23c01caca55f51cf157c0f4d17d23bdf16333f76850d1bf07b365222fd,2022-06,Cambridgeshire Constabulary,Cambridgeshire Constabulary,-0.098557,52.619925,On or near Topham Crescent,E01015618,Peterborough 005B,Criminal damage and arson,Offender given a caution,
05c40b206cae88f1ebf9e6179b0cf362701eab07061dc36dd12c440c965ce8e1,2022-06,Cambridgeshire Constabulary,Cambridgeshire Constabulary,-0.117694,52.660070,On or near Fall'S Drove,E01015618,Peterborough 005B,Theft from the person,Unable to prosecute suspect,
335618f15a1dd56b4b1438106aa3ef971c46466bde95989b7e6f9baffbbc1f95,2022-06,Cambridgeshire Constabulary,Cambridgeshire Constabulary,-0.117694,52.660070,On or near Fall'S Drove,E01015618,Peterborough 005B,Violence and sexual offences,Unable to prosecute suspect,
75d5829cb8535e0bdc991be9614975fac420c9240b40df6d92b08c7a85e74050,2022-06,Cambridgeshire Constabulary,Cambridgeshire Constabulary,-0.098973,52.618160,On or near St Botolph'S Way,E01015618,Peterborough 005B,Violence and sexual offences,Investigation complete; no suspect identified,
5a29c3ebbc1b7f147942e4435a6d65f1d3830d8becfb662f57c619530dc9f1af,2022-06,Cambridgeshire Constabulary,Cambridgeshire Constabulary,-0.094233,52.620161,On or near Park Close,E01015618,Peterborough 005B,Violence and sexual offences,Unable to prosecute suspect,
,2022-06,Cambridgeshire Constabulary,Cambridgeshire Constabulary,-0.192211,52.609685,On or near Cleve Place,E01015619,Peterborough 005C,Anti-social behaviour,,
,2022-06,Cambridgeshire Constabulary,Cambridgeshire Constabulary,-0.192211,52.609685,On or near Cleve Place,E01015619,Peterborough 005C,Anti-social behaviour,,
8d744505c0727ce3a72b269919e03312425727d0d24f8b2ac5420cc9440dcdf5,2022-06,Cambridgeshire Constabulary,Cambridgeshire Constabulary,-0.186231,52.606447,On or near Little Close,E01015619,Peterborough 005C,Criminal damage and arson,Unable to prosecute suspect,
0d16f6689fcfbb9a623eb891ca77c8a9bc3784e82aa6951745c2983dbce2a55b,2022-06,Cambridgeshire Constabulary,Cambridgeshire Constabulary,-0.192211,52.609685,On or near Cleve Place,E01015619,Peterborough 005C,Criminal damage and arson,Investigation complete; no suspect identified,
68f18841a340e3f27a0975d9744c7b84b30ea662c49d1db2d4dadad4559f443b,2022-06,Cambridgeshire Constabulary,Cambridgeshire Constabulary,-0.185137,52.609667,On or near St Benet'S Gardens,E01015619,Peterborough 005C,Criminal damage and arson,Unable to prosecute suspect,
531e11aa85c2a5e0c83d511c8defb1a38b5f4d73ec62bc1765ce8196d9f62a5a,2022-06,Cambridgeshire Constabulary,Cambridgeshire Constabulary,-0.188769,52.607205,On or near The Crescent,E01015619,Peterborough 005C,Other theft,Unable to prosecute suspect,
fa7739dcfe5816bf1f52ef79b47e6d723745fe582cfe4040653543b2eee5eebb,2022-06,Cambridgeshire Constabulary,Cambridgeshire Constabulary,-0.187026,52.607933,On or near New Road,E01015619,Peterborough 005C,Public order,Investigation complete; no suspect identified,
5ae58f3226701d1dfb0261ffa1bc35350d918500f11fbba115ca22c2e55c0d4a,2022-06,Cambridgeshire Constabulary,Cambridgeshire Constabulary,-0.187026,52.607933,On or near New Road,E01015619,Peterborough 005C,Public order,Investigation complete; no suspect identified,
3b91ce77310aaefd23571cf32b9e3f636a0fb176114af47e6b5ba93f1b3bd495,2022-06,Cambridgeshire Constabulary,Cambridgeshire Constabulary,-0.186878,52.608282,On or near Boxgrove Close,E01015619,Peterborough 005C,Violence and sexual offences,Investigation complete; no suspect identified,
85a250172f9933664f57a0c6ba5cf10edd1f2f22e006a4093d1b87a31baa8d81,2022-06,Cambridgeshire Constabulary,Cambridgeshire Constabulary,-0.192211,52.609685,On or near Cleve Place,E01015619,Peterborough 005C,Violence and sexual offences,Local resolution,
491a5e6f638551c849ba933bf6cb73bb6ad7e7cd43b0d3507402bade4622394c,2022-06,Cambridgeshire Constabulary,Cambridgeshire Constabulary,-0.186231,52.606447,On or near Little Close,E01015619,Peterborough 005C,Violence and sexual offences,Unable to prosecute suspect,
1f95b224fc4a432ba66ec228ca1d7f271ee1ce50cacd4f81a007bf7dfbd2de1b,2022-06,Cambridgeshire Constabulary,Cambridgeshire Constabulary,-0.186878,52.608282,On or near Boxgrove Close,E01015619,Peterborough 005C,Violence and sexual offences,Unable to prosecute suspect,
ccdc8880cd339d3b3345d441c7d3aed5b51de19c9e1ac1f22353231f3f4ed956,2022-06,Cambridgeshire Constabulary,Cambridgeshire Constabulary,-0.189112,52.608550,On or near Back Lane,E01015619,Peterborough 005C,Violence and sexual offences,Unable to prosecute suspect,
f21d39cfd3a041a1e90061aba1ec593505a994930d62ede0b7408b29f289618f,2022-06,Cambridgeshire Constabulary,Cambridgeshire Constabulary,-0.186878,52.608282,On or near Boxgrove Close,E01015619,Peterborough 005C,Violence and sexual offences,Unable to prosecute suspect,
07f08d33f8d9d409812d0ce7e1ae6e5d468e6eebe741fe67252260f91daabaad,2022-06,Cambridgeshire Constabulary,Cambridgeshire Constabulary,-0.189112,52.608550,On or near Back Lane,E01015619,Peterborough 005C,Violence and sexual offences,Unable to prosecute suspect,
cf2f764f10b592aeabc1f15695935fd6a5de6c918525a23f2cd1be094314b51c,2022-06,Cambridgeshire Constabulary,Cambridgeshire Constabulary,-0.188972,52.610148,On or near Bath Road,E01015619,Peterborough 005C,Violence and sexual offences,Unable to prosecute suspect,
3f54dbc337e948faa5e5f8e093f5ca631adc93e6dc17da2a52d6fd72401542c1,2022-06,Cambridgeshire Constabulary,Cambridgeshire Constabulary,-0.186231,52.606447,On or near Little Close,E01015619,Peterborough 005C,Violence and sexual offences,Unable to prosecute suspect,
,2022-06,Cambridgeshire Constabulary,Cambridgeshire Constabulary,-0.192498,52.605949,On or near St Bee'S Drive,E01015620,Peterborough 005D,Anti-social behaviour,,
,2022-06,Cambridgeshire Constabulary,Cambridgeshire Constabulary,-0.216151,52.599915,On or near Sports/Recreation Area,E01015620,Peterborough 005D,Anti-social behaviour,,
609b0a61f6bca895008f5bee4b98bbe8ff28f0800386885843bf7cc363ebc033,2022-06,Cambridgeshire Constabulary,Cambridgeshire Constabulary,-0.195785,52.605739,On or near Monks Drive,E01015620,Peterborough 005D,Burglary,Investigation complete; no suspect identified,
7bdda3a56a35a3f878544cf654bd87300ef1a4307bb065459e11d67d884b351d,2022-06,Cambridgeshire Constabulary,Cambridgeshire Constabulary,-0.189444,52.606235,On or near St Alban'S Drive,E01015620,Peterborough 005D,Criminal damage and arson,Unable to prosecute suspect,
3f6635c7706b4c04a43a7bb2b4c1f7ebe756cceb8d1d52ce875b514751a10cb5,2022-06,Cambridgeshire Constabulary,Cambridgeshire Constabulary,-0.210924,52.598083,On or near Eye Road,E01015620,Peterborough 005D,Other theft,Investigation complete; no suspect identified,
3452408191fbc51a5483704fdc310890d9fd981871c6ebc39d6c23014d4e2ef5,2022-06,Cambridgeshire Constabulary,Cambridgeshire Constabulary,-0.210924,52.598083,On or near Eye Road,E01015620,Peterborough 005D,Other theft,Investigation complete; no suspect identified,
83b47eea608b21cb6c4a496b8cc289842753246c100af42a14ff076d47bb1656,2022-06,Cambridgeshire Constabulary,Cambridgeshire Constabulary,-0.216151,52.599915,On or near Sports/Recreation Area,E01015620,Peterborough 005D,Other theft,Investigation complete; no suspect identified,
0271855f165c167cb781e55272ff45496998c5a60b9a5da9f67d0e575ea62d81,2022-06,Cambridgeshire Constabulary,Cambridgeshire Constabulary,-0.210924,52.598083,On or near Eye Road,E01015620,Peterborough 005D,Public order,Investigation complete; no suspect identified,
e52eaabe1eb133a3c4354525756542761542680a13d85952424de242560d9cff,2022-06,Cambridgeshire Constabulary,Cambridgeshire Constabulary,-0.210924,52.598083,On or near Eye Road,E01015620,Peterborough 005D,Shoplifting,Investigation complete; no suspect identified,
355a9287c3864f74ae7280e159458a74b3f5253a5a8b729bc61d273b0bd31a5f,2022-06,Cambridgeshire Constabulary,Cambridgeshire Constabulary,-0.189444,52.606235,On or near St Alban'S Drive,E01015620,Peterborough 005D,Violence and sexual offences,Unable to prosecute suspect,
66496e3068cabd056e3bfb3241e5cfcbcedd2a6a1f06b4e0e0b112c29384fab8,2022-06,Cambridgeshire Constabulary,Cambridgeshire Constabulary,-0.189444,52.606235,On or near St Alban'S Drive,E01015620,Peterborough 005D,Violence and sexual offences,Unable to prosecute suspect,
8ebfdffe65a7e1e22c32263271755437b4342035fac68c9c6d7220b399c12404,2022-06,Cambridgeshire Constabulary,Cambridgeshire Constabulary,-0.189444,52.606235,On or near St Alban'S Drive,E01015620,Peterborough 005D,Other crime,Unable to prosecute suspect,
,2022-06,Cambridgeshire Constabulary,Cambridgeshire Constabulary,-0.268564,52.609432,On or near Corfe Avenue,E01015674,Peterborough 006A,Anti-social behaviour,,
,2022-06,Cambridgeshire Constabulary,Cambridgeshire Constabulary,-0.268564,52.609432,On or near Corfe Avenue,E01015674,Peterborough 006A,Anti-social behaviour,,
,2022-06,Cambridgeshire Constabulary,Cambridgeshire Constabulary,-0.268564,52.609432,On or near Corfe Avenue,E01015674,Peterborough 006A,Anti-social behaviour,,
,2022-06,Cambridgeshire Constabulary,Cambridgeshire Constabulary,-0.268564,52.609432,On or near Corfe Avenue,E01015674,Peterborough 006A,Anti-social behaviour,,
dae311578e369c6bca05137f013c9d6c0269c41c85675e7ac20c536f8e849dd6,2022-06,Cambridgeshire Constabulary,Cambridgeshire Constabulary,-0.266755,52.607742,On or near Dover Road,E01015674,Peterborough 006A,Bicycle theft,Investigation complete; no suspect identified,
a0ae8f37ff3d64b1f78e05f3255932b7071ca2fd65ebc67337bffabbabeb616a,2022-06,Cambridgeshire Constabulary,Cambridgeshire Constabulary,-0.271917,52.607180,On or near Richmond Avenue,E01015674,Peterborough 006A,Burglary,Unable to prosecute suspect,
73a0b1c8855e60176cc9135da91081c78378189094a6caeb1775d168fb1e4565,2022-06,Cambridgeshire Constabulary,Cambridgeshire Constabulary,-0.271373,52.608610,On or near Hastings Road,E01015674,Peterborough 006A,Criminal damage and arson,Unable to prosecute suspect,
f942dab496f500f49e73a1f51b43aa8c01618ab519acd9f9b6f86b305427131c,2022-06,Cambridgeshire Constabulary,Cambridgeshire Constabulary,-0.270355,52.608955,On or near Dudley Avenue,E01015674,Peterborough 006A,Criminal damage and arson,Investigation complete; no suspect identified,
263b1e580db235f44fbab94c349a57c6933f9892780a8e63d0312eca1f8de6c8,2022-06,Cambridgeshire Constabulary,Cambridgeshire Constabulary,-0.262711,52.606928,On or near Magee Road,E01015674,Peterborough 006A,Criminal damage and arson,Investigation complete; no suspect identified,
cb90f517b1c873f3bb805915ff9b1d3c8edea7d26d255701c7a4d8f6d5b6fa1b,2022-06,Cambridgeshire Constabulary,Cambridgeshire Constabulary,-0.266755,52.607742,On or near Dover Road,E01015674,Peterborough 006A,Other theft,Investigation complete; no suspect identified,
8a77a93a0e69cd3f8bd7a9cf29d716e16000c94a172049f308787cbd6c7e5e31,2022-06,Cambridgeshire Constabulary,Cambridgeshire Constabulary,-0.264922,52.607050,On or near Arundel Road,E01015674,Peterborough 006A,Public order,Unable to prosecute suspect,
9544ac44cd83920d968c9a32402536d9cc1ea43831d24c84f6986bc2d4ad58f5,2022-06,Cambridgeshire Constabulary,Cambridgeshire Constabulary,-0.266755,52.607742,On or near Dover Road,E01015674,Peterborough 006A,Violence and sexual offences,Unable to prosecute suspect,
8dfb10431a964e2a78b41f5d3c70f9953d200ae4142029a5fcb2f9300b6a04cc,2022-06,Cambridgeshire Constabulary,Cambridgeshire Constabulary,-0.264922,52.607050,On or near Arundel Road,E01015674,Peterborough 006A,Violence and sexual offences,Unable to prosecute suspect,
37df3ba0e4815987fcbf903b90cf1bde06a11ea92a3ffed15f56f7a6be9c8a3a,2022-06,Cambridgeshire Constabulary,Cambridgeshire Constabulary,-0.264922,52.607050,On or near Arundel Road,E01015674,Peterborough 006A,Violence and sexual offences,Local resolution,
ca66682dd98301b9311d7a61fc1e38fc645abe4e064c1c447ed4c77da1eec2e0,2022-06,Cambridgeshire Constabulary,Cambridgeshire Constabulary,-0.259114,52.602308,On or near Mildmay Road,E01015675,Peterborough 006B,Criminal damage and arson,Unable to prosecute suspect,
aa0be279f962b2dd0442d97b71f440e5ceb64b208affa15532c772cd9b8d30dd,2022-06,Cambridgeshire Constabulary,Cambridgeshire Constabulary,-0.261872,52.604641,On or near Croyland Road,E01015675,Peterborough 006B,Criminal damage and arson,Unable to prosecute suspect,
6a8bfd64ac940dbb55f5c7cab86749af6bfc2a97f69ed7075b9fb5dbd0ce9cbc,2022-06,Cambridgeshire Constabulary,Cambridgeshire Constabulary,-0.260869,52.602001,On or near Paston Lane,E01015675,Peterborough 006B,Criminal damage and arson,Unable to prosecute suspect,
257b37a5f89869040b8b6bb456f7ca6664023823be83360db62ef98134bbc8e1,2022-06,Cambridgeshire Constabulary,Cambridgeshire Constabulary,-0.261872,52.604641,On or near Croyland Road,E01015675,Peterborough 006B,Public order,Unable to prosecute suspect,
b93e12eb30cf9a7bcaf4476328040e8861ee29d3d121858a918ec3282b16de42,2022-06,Cambridgeshire Constabulary,Cambridgeshire Constabulary,-0.261872,52.604641,On or near Croyland Road,E01015675,Peterborough 006B,Robbery,Unable to prosecute suspect,
4a11f96f7b6672fd5e58e9d1c5c7f0d98437c23d91c9423397321af202a1c9b8,2022-06,Cambridgeshire Constabulary,Cambridgeshire Constabulary,-0.256504,52.603330,On or near Itter Crescent,E01015675,Peterborough 006B,Vehicle crime,Investigation complete; no suspect identified,
01b0530f818dc4932cc2b609384468e488b02236d1742e8a46ab72da1e0f7125,2022-06,Cambridgeshire Constabulary,Cambridgeshire Constabulary,-0.261919,52.603068,On or near Guthlac Avenue,E01015675,Peterborough 006B,Violence and sexual offences,Unable to prosecute suspect,
,2022-06,Cambridgeshire Constabulary,Cambridgeshire Constabulary,-0.271251,52.604221,On or near Petrol Station,E01015676,Peterborough 006C,Anti-social behaviour,,
49124134a4a53cc08109508b153064ea6355cb2f09001a70ae59ef197626b937,2022-06,Cambridgeshire Constabulary,Cambridgeshire Constabulary,-0.273162,52.605184,On or near Marholm Road,E01015676,Peterborough 006C,Burglary,Investigation complete; no suspect identified,
7177979815e3e2f5116b4cd729249862c82630178770fef1321ec95feaf4bf6b,2022-06,Cambridgeshire Constabulary,Cambridgeshire Constabulary,-0.273142,52.606451,On or near The Mead,E01015676,Peterborough 006C,Burglary,Court result unavailable,
bfd25b8fc4a58dd02fcc1c8cb9cfdf83cfa04b12e8fe556089f308a1db19fd7a,2022-06,Cambridgeshire Constabulary,Cambridgeshire Constabulary,-0.268173,52.602135,On or near Sandringham Road,E01015676,Peterborough 006C,Criminal damage and arson,Unable to prosecute suspect,
ad7bb1029d37a37ab1a2a23feaf9e7df087e25ce2a7ad590f1ca2be8e03e2962,2022-06,Cambridgeshire Constabulary,Cambridgeshire Constabulary,-0.267314,52.603327,On or near Marne Avenue,E01015676,Peterborough 006C,Criminal damage and arson,Investigation complete; no suspect identified,
10a7f33ea53b1b1f489d581a11110ba5d035db62775bf2ad388f7a27ab712f0e,2022-06,Cambridgeshire Constabulary,Cambridgeshire Constabulary,-0.266778,52.601557,On or near Petrol Station,E01015676,Peterborough 006C,Criminal damage and arson,Investigation complete; no suspect identified,
38dd9b7f29db6546372ec8a321769667fac2c12785ab85a29b73405ecd165f36,2022-06,Cambridgeshire Constabulary,Cambridgeshire Constabulary,-0.275465,52.609335,On or near Werrington Parkway,E01015676,Peterborough 006C,Other theft,Investigation complete; no suspect identified,
cb42f2986ebe1bcc34a5da7bedb65410b348fc5488ec74691ef5c712a033ad28,2022-06,Cambridgeshire Constabulary,Cambridgeshire Constabulary,-0.266778,52.601557,On or near Petrol Station,E01015676,Peterborough 006C,Other theft,Investigation complete; no suspect identified,
2c6c64bd1a0dac34d96bbdfdd646ef02aae25b12ef4044815526cfdff4e01c98,2022-06,Cambridgeshire Constabulary,Cambridgeshire Constabulary,-0.266778,52.601557,On or near Petrol Station,E01015676,Peterborough 006C,Public order,Unable to prosecute suspect,
ca0cd6dc1313cee94db5fecb1d0bae09a2668f7cf9b5e9f648cf20f4b8ca751a,2022-06,Cambridgeshire Constabulary,Cambridgeshire Constabulary,-0.266778,52.601557,On or near Petrol Station,E01015676,Peterborough 006C,Public order,Investigation complete; no suspect identified,
99485adc4a7c1f3cfd0abfa1125a11b91a03273e1c5970034a3811805fe97dd3,2022-06,Cambridgeshire Constabulary,Cambridgeshire Constabulary,-0.270485,52.603041,On or near Sages Lane,E01015676,Peterborough 006C,Public order,Unable to prosecute suspect,
cf8436db186bc9d965a524014b28ca6afb4e7cb1c41b64a599af4d5647d456e4,2022-06,Cambridgeshire Constabulary,Cambridgeshire Constabulary,-0.275465,52.609335,On or near Werrington Parkway,E01015676,Peterborough 006C,Public order,Unable to prosecute suspect,
d7b3c1d73741779ae4ce92cacce90b1f4a89e166e94a908fb52d612d5d6b5e0c,2022-06,Cambridgeshire Constabulary,Cambridgeshire Constabulary,-0.269101,52.603299,On or near Lincoln Road,E01015676,Peterborough 006C,Public order,Investigation complete; no suspect identified,
88ff9b1064cc0336df4328b2fb83499255b599aff7a5b68f4498f30bb77091a2,2022-06,Cambridgeshire Constabulary,Cambridgeshire Constabulary,-0.266778,52.601557,On or near Petrol Station,E01015676,Peterborough 006C,Theft from the person,Unable to prosecute suspect,
10f79de80964d014eba7d765dd5a7c453993ef1eac94643c08fa7fc916e929f2,2022-06,Cambridgeshire Constabulary,Cambridgeshire Constabulary,-0.269223,52.602465,On or near Balmoral Road,E01015676,Peterborough 006C,Violence and sexual offences,Status update unavailable,
026714ecb74d5462fc61447b23d9d9d3518c2b970b2eab307cc0cbc0a24639a2,2022-06,Cambridgeshire Constabulary,Cambridgeshire Constabulary,-0.273142,52.606451,On or near The Mead,E01015676,Peterborough 006C,Violence and sexual offences,Court result unavailable,
5a1377648a9c0ebb7158732aaf58ed8914d4e4b67e56a5836e6a0bdcf232c57a,2022-06,Cambridgeshire Constabulary,Cambridgeshire Constabulary,-0.268173,52.602135,On or near Sandringham Road,E01015676,Peterborough 006C,Violence and sexual offences,Unable to prosecute suspect,
97a84229abe2a27d9ec0c21e190ae9bf14479e039677ea3f304722c882b59f06,2022-06,Cambridgeshire Constabulary,Cambridgeshire Constabulary,-0.271735,52.603931,On or near Walton Park,E01015676,Peterborough 006C,Violence and sexual offences,Status update unavailable,
bdbd8f656bacac90ffd49c503567a0769a033cf4be0ba463fec402d0d82a1f17,2022-06,Cambridgeshire Constabulary,Cambridgeshire Constabulary,-0.271251,52.604221,On or near Petrol Station,E01015676,Peterborough 006C,Violence and sexual offences,Unable to prosecute suspect,
1ec9d096c2543a68d6ed9e92f9d5153bad882b89b19104ca8bc30e4b1a9a5e18,2022-06,Cambridgeshire Constabulary,Cambridgeshire Constabulary,-0.266778,52.601557,On or near Petrol Station,E01015676,Peterborough 006C,Violence and sexual offences,Investigation complete; no suspect identified,
80b5586f73682543bbf377005e48f31af3d51b55cc7ad5584672c0a19db75fcf,2022-06,Cambridgeshire Constabulary,Cambridgeshire Constabulary,-0.268173,52.602135,On or near Sandringham Road,E01015676,Peterborough 006C,Violence and sexual offences,Unable to prosecute suspect,
,2022-06,Cambridgeshire Constabulary,Cambridgeshire Constabulary,-0.271691,52.616293,On or near Werrington Park Avenue,E01015683,Peterborough 006D,Anti-social behaviour,,
6245766e91c101e5fdda216f6e25bf75ed69bc12219cd4b9de7afc24674c4816,2022-06,Cambridgeshire Constabulary,Cambridgeshire Constabulary,-0.272996,52.613525,On or near Church Street,E01015683,Peterborough 006D,Burglary,Investigation complete; no suspect identified,
,2022-06,Cambridgeshire Constabulary,Cambridgeshire Constabulary,-0.277839,52.611321,On or near Helmsdale Gardens,E01015686,Peterborough 006E,Anti-social behaviour,,
1c40ac34fd960dd1870b2a4e2cdb6a7151ffe1bc26d4dca39d9f39951ede54db,2022-06,Cambridgeshire Constabulary,Cambridgeshire Constabulary,-0.285700,52.618052,On or near Lambes Court,E01015686,Peterborough 006E,Other theft,Investigation complete; no suspect identified,
,2022-06,Cambridgeshire Constabulary,Cambridgeshire Constabulary,-0.232191,52.601280,On or near Eastern Avenue,E01015607,Peterborough 007A,Anti-social behaviour,,
906a92c06dd9de78c9a4b7d0c290a96587aab53c7936828398395eea98b7405d,2022-06,Cambridgeshire Constabulary,Cambridgeshire Constabulary,-0.224061,52.599306,On or near Scalford Drive,E01015607,Peterborough 007A,Burglary,Unable to prosecute suspect,
c5f58f8d007fafd5636dbca74515cf754d5fd75e7bf958c15678083b05d79704,2022-06,Cambridgeshire Constabulary,Cambridgeshire Constabulary,-0.224061,52.599306,On or near Scalford Drive,E01015607,Peterborough 007A,Burglary,Unable to prosecute suspect,
bcffce561012fc472c7dbd7f5d14461aebfc757023853b726f71cf41ba7148db,2022-06,Cambridgeshire Constabulary,Cambridgeshire Constabulary,-0.230743,52.602391,On or near Furze Ride,E01015607,Peterborough 007A,Criminal damage and arson,Unable to prosecute suspect,
bd9285ee619eb9408366f9a2c04b9c737670dc92262c67d8ce5df80b8f235565,2022-06,Cambridgeshire Constabulary,Cambridgeshire Constabulary,-0.230743,52.602391,On or near Furze Ride,E01015607,Peterborough 007A,Criminal damage and arson,Investigation complete; no suspect identified,
5314c9d65c48338d3e1fa76c7983967a67da399d33bc19e937993dec3c489e96,2022-06,Cambridgeshire Constabulary,Cambridgeshire Constabulary,-0.230743,52.602391,On or near Furze Ride,E01015607,Peterborough 007A,Drugs,Formal action is not in the public interest,
57cca33f58ed4372a593771b7c4b3df77044117298e29174b3b084ff37d253df,2022-06,Cambridgeshire Constabulary,Cambridgeshire Constabulary,-0.230225,52.603165,On or near Harebell Close,E01015607,Peterborough 007A,Other theft,Unable to prosecute suspect,
b908be2eba8473c91e266795d428205dd1dd65e890fcce1fb66d81daebc63b38,2022-06,Cambridgeshire Constabulary,Cambridgeshire Constabulary,-0.227890,52.600271,On or near Poplar Avenue,E01015607,Peterborough 007A,Other theft,Unable to prosecute suspect,
ed071463ac25fdf4d5ef4cd379bb42e42c1abce4191175151b3f1d1cfdf4e952,2022-06,Cambridgeshire Constabulary,Cambridgeshire Constabulary,-0.224061,52.599306,On or near Scalford Drive,E01015607,Peterborough 007A,Public order,Unable to prosecute suspect,
9398a10ffd1d20fc6ab203a849dd1b3c69e414839e94ff225dfe8fcd8dd631f7,2022-06,Cambridgeshire Constabulary,Cambridgeshire Constabulary,-0.230743,52.602391,On or near Furze Ride,E01015607,Peterborough 007A,Public order,Unable to prosecute suspect,
17a513a10fc1ed764982dd454b0a4fa297696796a5fa243c5ee8fb63c8f55e38,2022-06,Cambridgeshire Constabulary,Cambridgeshire Constabulary,-0.224129,52.599801,On or near Tilton Court,E01015607,Peterborough 007A,Public order,Unable to prosecute suspect,
560be5ca4179186401b60f12a952d215f508cbf50bb2ac5ae522faa491aa0e7d,2022-06,Cambridgeshire Constabulary,Cambridgeshire Constabulary,-0.227349,52.602700,On or near Pedestrian Subway,E01015607,Peterborough 007A,Public order,Offender given a caution,
474a18c0fdee77368012c322d900695d1f1b41f386064a7a82b0236f329f7cb5,2022-06,Cambridgeshire Constabulary,Cambridgeshire Constabulary,-0.227890,52.600271,On or near Poplar Avenue,E01015607,Peterborough 007A,Vehicle crime,Investigation complete; no suspect identified,
619819927e9688c22feddc980adfb55bb5fd0cbee7d2188135a140a816e1bc2f,2022-06,Cambridgeshire Constabulary,Cambridgeshire Constabulary,-0.224129,52.599801,On or near Tilton Court,E01015607,Peterborough 007A,Vehicle crime,Investigation complete; no suspect identified,
73c28bbab2fa90214f4024f275f8d6b62cc14f62ca2f512e90418d06cd6edf93,2022-06,Cambridgeshire Constabulary,Cambridgeshire Constabulary,-0.232191,52.601280,On or near Eastern Avenue,E01015607,Peterborough 007A,Vehicle crime,Investigation complete; no suspect identified,
3c2e619651cec108930e74fb9d5abc88df9cc27cd711e58c849f0e40ca6de83b,2022-06,Cambridgeshire Constabulary,Cambridgeshire Constabulary,-0.224129,52.599801,On or near Tilton Court,E01015607,Peterborough 007A,Violence and sexual offences,Unable to prosecute suspect,
467f991e753075a78edc41a7e0b799a82ea338133d8028100397026d27d509cb,2022-06,Cambridgeshire Constabulary,Cambridgeshire Constabulary,-0.224061,52.599306,On or near Scalford Drive,E01015607,Peterborough 007A,Violence and sexual offences,Unable to prosecute suspect,
a75020a1350eb0dba62988ec712e94aaebcf122e68885cc0ae0391f843cdb547,2022-06,Cambridgeshire Constabulary,Cambridgeshire Constabulary,-0.224061,52.599306,On or near Scalford Drive,E01015607,Peterborough 007A,Violence and sexual offences,Unable to prosecute suspect,
2e8067dd428ec053148c4884850f360c711e0a17096fee462298c852a73d0e3c,2022-06,Cambridgeshire Constabulary,Cambridgeshire Constabulary,-0.224129,52.599801,On or near Tilton Court,E01015607,Peterborough 007A,Violence and sexual offences,Unable to prosecute suspect,
913307dc5244729aa1dc98184b943eb0d83ac6f7c486ddd73a78ea8fb5182bc0,2022-06,Cambridgeshire Constabulary,Cambridgeshire Constabulary,-0.232191,52.601280,On or near Eastern Avenue,E01015607,Peterborough 007A,Violence and sexual offences,Court result unavailable,
f5d4c3847516c126f6b51c0380ef6a56fbe7b22aca09d19a4034a6763b319c68,2022-06,Cambridgeshire Constabulary,Cambridgeshire Constabulary,-0.230743,52.602391,On or near Furze Ride,E01015607,Peterborough 007A,Violence and sexual offences,Unable to prosecute suspect,
12865ee4b28d4e5ebfb202c06551359f4b88a2ee4dc308985a1f6ccaa4a7cf4a,2022-06,Cambridgeshire Constabulary,Cambridgeshire Constabulary,-0.221164,52.598642,On or near Hallaton Road,E01015609,Peterborough 007B,Criminal damage and arson,Investigation complete; no suspect identified,
1a23645170438f46b6f1c23cde32fe66411933e1fec4a8a2e46d64baa433fa71,2022-06,Cambridgeshire Constabulary,Cambridgeshire Constabulary,-0.219299,52.598758,On or near Belvoir Way,E01015609,Peterborough 007B,Public order,Unable to prosecute suspect,
fdea6b85cc5f6ee6c08cd8181d8dd1e1b2be304512ffde84d1f8824adbf1e78c,2022-06,Cambridgeshire Constabulary,Cambridgeshire Constabulary,-0.222336,52.599586,On or near Dalby Court,E01015609,Peterborough 007B,Public order,Investigation complete; no suspect identified,
295669b0dfe9d2dc0f2a6740b4b739b0e4f36c565d040b3944b112287cfc4b7c,2022-06,Cambridgeshire Constabulary,Cambridgeshire Constabulary,-0.216533,52.596675,On or near Normanton Road,E01015609,Peterborough 007B,Public order,Further action is not in the public interest,
a6644d84239580b67699c9b83e450337103ea54fbe4da3153a85abc577556bdb,2022-06,Cambridgeshire Constabulary,Cambridgeshire Constabulary,-0.223512,52.597176,On or near Eastern Avenue,E01015609,Peterborough 007B,Vehicle crime,Investigation complete; no suspect identified,
4abea4719d107b3038ed29f9cd93cd9b9d89877d1fbdeeba08eaeb90db7baed9,2022-06,Cambridgeshire Constabulary,Cambridgeshire Constabulary,-0.221164,52.598642,On or near Hallaton Road,E01015609,Peterborough 007B,Violence and sexual offences,Action to be taken by another organisation,
45c91d8a704a6280d598c49ec99a224e0257001568cdd096789f5984c67ee3a4,2022-06,Cambridgeshire Constabulary,Cambridgeshire Constabulary,-0.216533,52.596675,On or near Normanton Road,E01015609,Peterborough 007B,Violence and sexual offences,Investigation complete; no suspect identified,
bffa73fbcaa33e087d28bc2920e182742ffb0484bba3dbd25de5517a96113a8c,2022-06,Cambridgeshire Constabulary,Cambridgeshire Constabulary,-0.215941,52.596711,On or near Allexton Gardens,E01015609,Peterborough 007B,Violence and sexual offences,Unable to prosecute suspect,
ec5cc284fd22ce022eba351899cf14ef6c0d05ab85127ed2cde8a8b2162f2e70,2022-06,Cambridgeshire Constabulary,Cambridgeshire Constabulary,-0.219371,52.597698,On or near Stathern Road,E01015609,Peterborough 007B,Violence and sexual offences,Investigation complete; no suspect identified,
499d7f48be682fd6d7a84cff36cd96d858d8e95d6a20d22f267af94514d61262,2022-06,Cambridgeshire Constabulary,Cambridgeshire Constabulary,-0.215941,52.596711,On or near Allexton Gardens,E01015609,Peterborough 007B,Violence and sexual offences,Unable to prosecute suspect,
e79cfd0071537489e2d0aad2adfb2cf5dc5b9d5828eb31e43882360f5aaea4dd,2022-06,Cambridgeshire Constabulary,Cambridgeshire Constabulary,-0.219371,52.597698,On or near Stathern Road,E01015609,Peterborough 007B,Violence and sexual offences,Unable to prosecute suspect,
615ffd7fce3dae76bd0d746769d1b1e7b1ecb1618e1538d9f782bb35098d808b,2022-06,Cambridgeshire Constabulary,Cambridgeshire Constabulary,-0.219299,52.598758,On or near Belvoir Way,E01015609,Peterborough 007B,Violence and sexual offences,Investigation complete; no suspect identified,
68c39a326daa0ff620fb95c3ffae34855d3ba7de5dd5bd9151a3f0f20c52814c,2022-06,Cambridgeshire Constabulary,Cambridgeshire Constabulary,-0.215941,52.596711,On or near Allexton Gardens,E01015609,Peterborough 007B,Violence and sexual offences,Unable to prosecute suspect,
2fcee2cedcd3a66cb26d1668e9eae5ce41335aa4b7f486f5690f5d7ef6412c1e,2022-06,Cambridgeshire Constabulary,Cambridgeshire Constabulary,-0.219371,52.597698,On or near Stathern Road,E01015609,Peterborough 007B,Violence and sexual offences,Unable to prosecute suspect,
02f77ba188ca03fb71f70a2be098619cd9d00aef28002b9cc0ba35860ed0c438,2022-06,Cambridgeshire Constabulary,Cambridgeshire Constabulary,-0.221164,52.598642,On or near Hallaton Road,E01015609,Peterborough 007B,Violence and sexual offences,Unable to prosecute suspect,
8b98f20632e0d89f1076372ceb48b58b291d5b1f090e6cd41452465e36b96565,2022-06,Cambridgeshire Constabulary,Cambridgeshire Constabulary,-0.217945,52.596822,On or near Branston Rise,E01015609,Peterborough 007B,Violence and sexual offences,Unable to prosecute suspect,
d62eb2383f7acdb2868116b50e6c12367ac52a813645430b1402120d90f5840c,2022-06,Cambridgeshire Constabulary,Cambridgeshire Constabulary,-0.219299,52.598758,On or near Belvoir Way,E01015609,Peterborough 007B,Violence and sexual offences,Unable to prosecute suspect,
3ac43ab54d5e4eb1b2db35f6ceaef6cf88309d15ed0138b0dc65fc83637d2a07,2022-06,Cambridgeshire Constabulary,Cambridgeshire Constabulary,-0.221164,52.598642,On or near Hallaton Road,E01015609,Peterborough 007B,Violence and sexual offences,Unable to prosecute suspect,
7a9aaae218ffa1b04e9f49d3e35a8a433c2b0056c36cebe85b80eadd1539f098,2022-06,Cambridgeshire Constabulary,Cambridgeshire Constabulary,-0.215941,52.596711,On or near Allexton Gardens,E01015609,Peterborough 007B,Violence and sexual offences,Unable to prosecute suspect,
,2022-06,Cambridgeshire Constabulary,Cambridgeshire Constabulary,-0.250403,52.603384,On or near Orwell Grove,E01015656,Peterborough 007C,Anti-social behaviour,,
,2022-06,Cambridgeshire Constabulary,Cambridgeshire Constabulary,-0.249145,52.604570,On or near Pittneys,E01015656,Peterborough 007C,Anti-social behaviour,,
8788c892170c6c4d15a6c81929854aead71b1813adb2b8f8fa1cf3174ae5ed77,2022-06,Cambridgeshire Constabulary,Cambridgeshire Constabulary,-0.248775,52.607532,On or near Pilton Close,E01015656,Peterborough 007C,Burglary,Investigation complete; no suspect identified,
456d9be4a4bb593e66ba9df924cbae8cc5a7d733745dd55cd7f2a8586ba8c8e0,2022-06,Cambridgeshire Constabulary,Cambridgeshire Constabulary,-0.251896,52.607416,On or near Wye Place,E01015656,Peterborough 007C,Other theft,Investigation complete; no suspect identified,
ea0761b294ee6a316e530f05adf08337c39540ed78bf477e1f757b7f5ed67560,2022-06,Cambridgeshire Constabulary,Cambridgeshire Constabulary,-0.253595,52.608529,On or near Avon Court,E01015656,Peterborough 007C,Public order,Unable to prosecute suspect,
0d3b25356134471d912f79c7288601e14c80ede9c94b939fa35c62c44df43a4d,2022-06,Cambridgeshire Constabulary,Cambridgeshire Constabulary,-0.249145,52.604570,On or near Pittneys,E01015656,Peterborough 007C,Public order,Investigation complete; no suspect identified,
f8544e7deb27b2fbc07cd033fb586d756f37bc21d667021942ee99e7af6564ef,2022-06,Cambridgeshire Constabulary,Cambridgeshire Constabulary,-0.251412,52.604739,On or near Witham Way,E01015656,Peterborough 007C,Public order,Investigation complete; no suspect identified,
554e8ef05559392df8dc7ab0117b0937f169b050900910e23611663f56df2ff5,2022-06,Cambridgeshire Constabulary,Cambridgeshire Constabulary,-0.249573,52.603093,On or near Chelmer Garth,E01015656,Peterborough 007C,Public order,Unable to prosecute suspect,
87a4585b89d8bcfaad410e58bc1c8b43235de5e73a625097e167826ba5431c3c,2022-06,Cambridgeshire Constabulary,Cambridgeshire Constabulary,-0.249145,52.604570,On or near Pittneys,E01015656,Peterborough 007C,Public order,Unable to prosecute suspect,
962e064874000b1ea5c28d3908327904afa496fd136eff8392f8f7fcc14d8806,2022-06,Cambridgeshire Constabulary,Cambridgeshire Constabulary,-0.249573,52.603093,On or near Chelmer Garth,E01015656,Peterborough 007C,Public order,Unable to prosecute suspect,
e2a44dd22536bc2ce99a02b893fe1ccc9a24e6373a3e79471d32ddf67ee505c7,2022-06,Cambridgeshire Constabulary,Cambridgeshire Constabulary,-0.249145,52.604570,On or near Pittneys,E01015656,Peterborough 007C,Public order,Status update unavailable,
6235abcbdfacba71cd2a2be125d2285f9f23a75fa7ab975d7509f90dd43873a7,2022-06,Cambridgeshire Constabulary,Cambridgeshire Constabulary,-0.248008,52.607161,On or near Stowehill Road,E01015656,Peterborough 007C,Violence and sexual offences,Unable to prosecute suspect,
55b534ab9d9d9c40d06521e6191db8ccb5d18d8982066babeb16aba1dc263642,2022-06,Cambridgeshire Constabulary,Cambridgeshire Constabulary,-0.253595,52.608529,On or near Avon Court,E01015656,Peterborough 007C,Violence and sexual offences,Unable to prosecute suspect,
2a04a8f36b13096eebecf434fd9303ff75b3518c34dd7dbbb0c27384d59163bd,2022-06,Cambridgeshire Constabulary,Cambridgeshire Constabulary,-0.253595,52.608529,On or near Avon Court,E01015656,Peterborough 007C,Violence and sexual offences,Unable to prosecute suspect,
a66ec51ecbecdd1a2f9a5f0de986bb54dde3c1446eaf7d804ed5deb10454583f,2022-06,Cambridgeshire Constabulary,Cambridgeshire Constabulary,-0.253595,52.608529,On or near Avon Court,E01015656,Peterborough 007C,Violence and sexual offences,Unable to prosecute suspect,
8338beeeef2bba174136e76e3254205140b8cd9d8bd25e4d6e4e248e3f1b9586,2022-06,Cambridgeshire Constabulary,Cambridgeshire Constabulary,-0.251412,52.604739,On or near Witham Way,E01015656,Peterborough 007C,Violence and sexual offences,Unable to prosecute suspect,
51e328b5979ac66c107274fee2d33ce75bdfeb0979aa16c265b126cf28701de4,2022-06,Cambridgeshire Constabulary,Cambridgeshire Constabulary,-0.249145,52.604570,On or near Pittneys,E01015656,Peterborough 007C,Violence and sexual offences,Unable to prosecute suspect,
5be9585ba402288ed6e4e1c34e1293da4f34ed2c55b09eb953771dd11755086e,2022-06,Cambridgeshire Constabulary,Cambridgeshire Constabulary,-0.249145,52.604570,On or near Pittneys,E01015656,Peterborough 007C,Violence and sexual offences,Local resolution,
d6c00c41b8eed8f272c79e6a2d24a4ec257515a8f9cd2f2987ee25df4962a1ad,2022-06,Cambridgeshire Constabulary,Cambridgeshire Constabulary,-0.251412,52.604739,On or near Witham Way,E01015656,Peterborough 007C,Violence and sexual offences,Unable to prosecute suspect,
100072cff708be5aa36709da0407f25eb8a7721e90f061c3e0f21740912bac23,2022-06,Cambridgeshire Constabulary,Cambridgeshire Constabulary,-0.249827,52.606720,On or near Barton Close,E01015656,Peterborough 007C,Violence and sexual offences,Unable to prosecute suspect,
293599fcde9381136aa6c51be542f382521048169ec1338ad0219e03cdc720b8,2022-06,Cambridgeshire Constabulary,Cambridgeshire Constabulary,-0.246654,52.604821,On or near Topmoor Way,E01015656,Peterborough 007C,Violence and sexual offences,Court result unavailable,
,2022-06,Cambridgeshire Constabulary,Cambridgeshire Constabulary,-0.231466,52.610116,On or near Norwood Lane,E01015657,Peterborough 007D,Anti-social behaviour,,
a9f764776d3a0c2219481e1b79a817bce227ffa7e1b4c19ac1d0b6c07f1abaef,2022-06,Cambridgeshire Constabulary,Cambridgeshire Constabulary,-0.234818,52.605365,On or near Crabtree,E01015657,Peterborough 007D,Bicycle theft,Investigation complete; no suspect identified,
c157e6d5dbd093a9bd3669820180a81b3ab2b20427a8af97294356514f166ce3,2022-06,Cambridgeshire Constabulary,Cambridgeshire Constabulary,-0.232088,52.605297,On or near Ulverston Close,E01015657,Peterborough 007D,Criminal damage and arson,Offender given a caution,
682ede823f02043ab0a4a06ed669e00e1c4d6f0a131da782e1d0bc9c31c79324,2022-06,Cambridgeshire Constabulary,Cambridgeshire Constabulary,-0.232088,52.605297,On or near Ulverston Close,E01015657,Peterborough 007D,Criminal damage and arson,Offender given a caution,
2bdbd5ae5c4d2e1e2221d9d24309846b7e9b8b04ea3664cc6bd98a23afef7bbc,2022-06,Cambridgeshire Constabulary,Cambridgeshire Constabulary,-0.229899,52.605390,On or near A47,E01015657,Peterborough 007D,Other theft,Investigation complete; no suspect identified,
0de1a25e07dabf5f4db0ddca6e83d83bb63f1e42cdb6be959b725f4cd6ecf81b,2022-06,Cambridgeshire Constabulary,Cambridgeshire Constabulary,-0.234953,52.603461,On or near Pedestrian Subway,E01015657,Peterborough 007D,Theft from the person,Unable to prosecute suspect,
5622fdb8563ecf2b56fd61e0841f6c78eb34b863625a6a7f66a93d91e0f2cda9,2022-06,Cambridgeshire Constabulary,Cambridgeshire Constabulary,-0.238101,52.604874,On or near Sheepwalk,E01015657,Peterborough 007D,Vehicle crime,Court result unavailable,
ce7e102d35856615e681bcc53e6af713b20020b90f1a387c69f79d162687d052,2022-06,Cambridgeshire Constabulary,Cambridgeshire Constabulary,-0.234818,52.605365,On or near Crabtree,E01015657,Peterborough 007D,Vehicle crime,Investigation complete; no suspect identified,
987e524d2aaa12a9207e7ef633d7fee43409cb57519b3cc24761d9856c4e8a7f,2022-06,Cambridgeshire Constabulary,Cambridgeshire Constabulary,-0.238430,52.612126,On or near Pinder Avenue,E01015657,Peterborough 007D,Vehicle crime,Investigation complete; no suspect identified,
b91f3d68e73e8124c4e3a8a69592ef2b38e0d81909348a578ea15a8f5e1dfc27,2022-06,Cambridgeshire Constabulary,Cambridgeshire Constabulary,-0.238101,52.604874,On or near Sheepwalk,E01015657,Peterborough 007D,Vehicle crime,Investigation complete; no suspect identified,
3bf117f0375c7545ac374e55ea9b5d36b3576218d93f1989d809941c8f50af3a,2022-06,Cambridgeshire Constabulary,Cambridgeshire Constabulary,-0.232088,52.605297,On or near Ulverston Close,E01015657,Peterborough 007D,Violence and sexual offences,Court result unavailable,
e532b3e1faaf7a704056cd9c1b8277faafda72ac12a77010162c17e743d3cc61,2022-06,Cambridgeshire Constabulary,Cambridgeshire Constabulary,-0.234818,52.605365,On or near Crabtree,E01015657,Peterborough 007D,Violence and sexual offences,Unable to prosecute suspect,
979bc8515eab5c054023743031d32605d415e3b0d6b655bba95e74495b452efe,2022-06,Cambridgeshire Constabulary,Cambridgeshire Constabulary,-0.234933,52.606913,On or near Seymour Place,E01015657,Peterborough 007D,Violence and sexual offences,Unable to prosecute suspect,
f47dc5108c26655ad359cfae67d1a6fce50b7853eaa23d893c091c0f412d98a6,2022-06,Cambridgeshire Constabulary,Cambridgeshire Constabulary,-0.231466,52.610116,On or near Norwood Lane,E01015657,Peterborough 007D,Violence and sexual offences,Unable to prosecute suspect,
a00737829186b5f27d99a32fd20ec94886d761cfab4fd9dd7c533418dc7e8288,2022-06,Cambridgeshire Constabulary,Cambridgeshire Constabulary,-0.234933,52.606913,On or near Seymour Place,E01015657,Peterborough 007D,Violence and sexual offences,Unable to prosecute suspect,
5b7b198e84039dc0457e11f5b31c29b45dbcf9511ef74893423268cffd22ce85,2022-06,Cambridgeshire Constabulary,Cambridgeshire Constabulary,-0.234933,52.606913,On or near Seymour Place,E01015657,Peterborough 007D,Violence and sexual offences,Unable to prosecute suspect,
dff005cedff1934209f3182d5eda7ea94e1db4096e1cbb8c736d8a864ba23e26,2022-06,Cambridgeshire Constabulary,Cambridgeshire Constabulary,-0.240754,52.613842,On or near Manor Drive,E01015657,Peterborough 007D,Violence and sexual offences,Investigation complete; no suspect identified,
5d50a18606527853520e4d42eedc5a96e9a7e9403434c5c067790fd2593cf421,2022-06,Cambridgeshire Constabulary,Cambridgeshire Constabulary,-0.234818,52.605365,On or near Crabtree,E01015657,Peterborough 007D,Violence and sexual offences,Unable to prosecute suspect,
a7d9a545c27072ada4879fe8dbc2af279c6167bc90cad62f17514031980e81c2,2022-06,Cambridgeshire Constabulary,Cambridgeshire Constabulary,-0.234933,52.606913,On or near Seymour Place,E01015657,Peterborough 007D,Violence and sexual offences,Unable to prosecute suspect,
5df20cc82c66d0f90bd719f09be5a632bfdd34b1389ee22ff51578209674508b,2022-06,Cambridgeshire Constabulary,Cambridgeshire Constabulary,-0.232088,52.605297,On or near Ulverston Close,E01015657,Peterborough 007D,Violence and sexual offences,Court result unavailable,
0269d39040e42eb91c04a29a088e202f72ae623a356eb13fe1be8159852a74b3,2022-06,Cambridgeshire Constabulary,Cambridgeshire Constabulary,-0.232088,52.605297,On or near Ulverston Close,E01015657,Peterborough 007D,Violence and sexual offences,Court result unavailable,
e8ba252c91459c5f537d659e09abaf1ce30372c23b3becdf7447e2ed7a4db7be,2022-06,Cambridgeshire Constabulary,Cambridgeshire Constabulary,-0.231466,52.610116,On or near Norwood Lane,E01015657,Peterborough 007D,Violence and sexual offences,Unable to prosecute suspect,
9e417526dabc2d66cf672f8433e6a0e13b8ce4c28edc7f66e9f8d8fb5f1e5585,2022-06,Cambridgeshire Constabulary,Cambridgeshire Constabulary,-0.234933,52.606913,On or near Seymour Place,E01015657,Peterborough 007D,Violence and sexual offences,Unable to prosecute suspect,
fb4062324033475695d674f3630bc4fc1b7ce4ab4772ebfa228abc61c78eb743,2022-06,Cambridgeshire Constabulary,Cambridgeshire Constabulary,-0.240754,52.613842,On or near Manor Drive,E01015657,Peterborough 007D,Violence and sexual offences,Unable to prosecute suspect,
2d9af81251ba08f7756e654a0b4dc53521700204ca1784ae2b1ccc1b0b6ce584,2022-06,Cambridgeshire Constabulary,Cambridgeshire Constabulary,-0.234933,52.606913,On or near Seymour Place,E01015657,Peterborough 007D,Violence and sexual offences,Unable to prosecute suspect,
9c6ec90ac2c354c0f110ea2ce244de0f7a79fe7fba447a331496ccc7293deb87,2022-06,Cambridgeshire Constabulary,Cambridgeshire Constabulary,-0.234818,52.605365,On or near Crabtree,E01015657,Peterborough 007D,Violence and sexual offences,Unable to prosecute suspect,
53fcf28e2dac919656f6cdf29dc4f7075d2183c7219111693347e9b5e1539c22,2022-06,Cambridgeshire Constabulary,Cambridgeshire Constabulary,-0.238430,52.612126,On or near Pinder Avenue,E01015657,Peterborough 007D,Other crime,Unable to prosecute suspect,
,2022-06,Cambridgeshire Constabulary,Cambridgeshire Constabulary,-0.243277,52.605050,On or near Cathwaite,E01015658,Peterborough 007E,Anti-social behaviour,,
,2022-06,Cambridgeshire Constabulary,Cambridgeshire Constabulary,-0.243277,52.605050,On or near Cathwaite,E01015658,Peterborough 007E,Anti-social behaviour,,
,2022-06,Cambridgeshire Constabulary,Cambridgeshire Constabulary,-0.241644,52.605646,On or near Honeyhill,E01015658,Peterborough 007E,Anti-social behaviour,,
c28eb084c9475e2db78d93456474f94ec07589dd2f62277121a8ebb886826136,2022-06,Cambridgeshire Constabulary,Cambridgeshire Constabulary,-0.241848,52.607178,On or near Chadburn,E01015658,Peterborough 007E,Criminal damage and arson,Unable to prosecute suspect,
1e0ff65c982846f3e01ecafb686704211d58a923a1ee1cc458276893166dc586,2022-06,Cambridgeshire Constabulary,Cambridgeshire Constabulary,-0.243552,52.606304,On or near Paston Ridings,E01015658,Peterborough 007E,Public order,Investigation complete; no suspect identified,
5bb3f22e7bcb905ff04d36bedaa8b6dbf1c670e38e7bd532b4acc44d2b69a22c,2022-06,Cambridgeshire Constabulary,Cambridgeshire Constabulary,-0.243277,52.605050,On or near Cathwaite,E01015658,Peterborough 007E,Public order,Unable to prosecute suspect,
03694346527ec0eea3e31c92401f925e7e539a4797bb3f03633788324f872d8e,2022-06,Cambridgeshire Constabulary,Cambridgeshire Constabulary,-0.243552,52.606304,On or near Paston Ridings,E01015658,Peterborough 007E,Public order,Investigation complete; no suspect identified,
6fbe082d3c5f430e7546c76e2dcbcf27444f52e46b6c9574b2e7278e43c899b0,2022-06,Cambridgeshire Constabulary,Cambridgeshire Constabulary,-0.241848,52.607178,On or near Chadburn,E01015658,Peterborough 007E,Vehicle crime,Investigation complete; no suspect identified,
72a2f1cc61d5198a7c5ac83a395267b1c88d7b899bc347ee653d8dac5c2c4b0f,2022-06,Cambridgeshire Constabulary,Cambridgeshire Constabulary,-0.241848,52.607178,On or near Chadburn,E01015658,Peterborough 007E,Violence and sexual offences,Unable to prosecute suspect,
d21c3b0c9ecd231f69e2cfeda63b96e87d03780020dbcff1e9cc0359052224bd,2022-06,Cambridgeshire Constabulary,Cambridgeshire Constabulary,-0.243277,52.605050,On or near Cathwaite,E01015658,Peterborough 007E,Violence and sexual offences,Investigation complete; no suspect identified,
0614143cf10f7cf19e59ffe4c2b6f9ba634acfa44b17b96773f8f32f338d2251,2022-06,Cambridgeshire Constabulary,Cambridgeshire Constabulary,-0.238284,52.607664,On or near Whitwell,E01015658,Peterborough 007E,Violence and sexual offences,Status update unavailable,
ac2fb32bd66eb32ae9acc846aee955d68fb4cf26c1bd79a1f4a995861185e2d8,2022-06,Cambridgeshire Constabulary,Cambridgeshire Constabulary,-0.241848,52.607178,On or near Chadburn,E01015658,Peterborough 007E,Violence and sexual offences,Local resolution,
0304a068277aa2b5fede0998a0d1bb33401ebd40be455168b3fe20dac5d4e511,2022-06,Cambridgeshire Constabulary,Cambridgeshire Constabulary,-0.240680,52.604634,On or near Paynesholm,E01015658,Peterborough 007E,Violence and sexual offences,Status update unavailable,
,2022-06,Cambridgeshire Constabulary,Cambridgeshire Constabulary,-0.255372,52.608762,On or near Hallfields Lane,E01015660,Peterborough 007F,Anti-social behaviour,,
65714d359f5e2eb4adeab9f0f96307397160466c5fb93002efb6b410999f3e04,2022-06,Cambridgeshire Constabulary,Cambridgeshire Constabulary,-0.255851,52.607879,On or near Waveney Grove,E01015660,Peterborough 007F,Burglary,Investigation complete; no suspect identified,
99c5fca458a547cd227fd0bc667aa56c08d7a9b923a7cc62b3aeb20eb892b5d9,2022-06,Cambridgeshire Constabulary,Cambridgeshire Constabulary,-0.259493,52.610621,On or near Ivy Grove,E01015660,Peterborough 007F,Burglary,Investigation complete; no suspect identified,
a8181886370810401443fcc210d60a73e2f5d01b415e24f4b412ee2588e91f84,2022-06,Cambridgeshire Constabulary,Cambridgeshire Constabulary,-0.256376,52.609901,On or near Mendip Grove,E01015660,Peterborough 007F,Criminal damage and arson,Investigation complete; no suspect identified,
a7c26c53a4ae7a4f6d72340ff9fb9552f35f6e5130e41940b0dca620e2f3aec9,2022-06,Cambridgeshire Constabulary,Cambridgeshire Constabulary,-0.255364,52.610821,On or near The Pentlands,E01015660,Peterborough 007F,Public order,Unable to prosecute suspect,
22cdadb2eed82453dd756614856bbfc420d434369cc54e321c1047bd5d4c62d8,2022-06,Cambridgeshire Constabulary,Cambridgeshire Constabulary,-0.254084,52.609220,On or near Tudor Close,E01015660,Peterborough 007F,Public order,Investigation complete; no suspect identified,
cddd2e7eb2d5722d1b80be4334d08d331959e31b5c2fbd154fa495c37356e3a7,2022-06,Cambridgeshire Constabulary,Cambridgeshire Constabulary,-0.259493,52.610621,On or near Ivy Grove,E01015660,Peterborough 007F,Violence and sexual offences,Unable to prosecute suspect,
2623e18bc7904edde75e199b09d962deca0803ba812871fb8d7fb412cc420d62,2022-06,Cambridgeshire Constabulary,Cambridgeshire Constabulary,-0.251367,52.609198,On or near Lethbridge Road,E01015660,Peterborough 007F,Violence and sexual offences,Investigation complete; no suspect identified,
8e689c44d0b988f7244c6e63974ef779516c283a126aab41ea2ce0909a36ab10,2022-06,Cambridgeshire Constabulary,Cambridgeshire Constabulary,-0.255364,52.610821,On or near The Pentlands,E01015660,Peterborough 007F,Violence and sexual offences,Unable to prosecute suspect,
996d6443cbb48f9cd001199db3c3743dedae3fed2bf9d37f27f3a03722ab67b4,2022-06,Cambridgeshire Constabulary,Cambridgeshire Constabulary,-0.257361,52.609646,On or near Malvern Road,E01015660,Peterborough 007F,Violence and sexual offences,Unable to prosecute suspect,
,2022-06,Cambridgeshire Constabulary,Cambridgeshire Constabulary,-0.224377,52.591839,On or near Cherrytree Grove,E01015605,Peterborough 008A,Anti-social behaviour,,
a73a13a603eb89adcd5b21436cb4710a04ac3d253eca83a383a47e4c52adf107,2022-06,Cambridgeshire Constabulary,Cambridgeshire Constabulary,-0.229091,52.594670,On or near Chestnut Avenue,E01015605,Peterborough 008A,Criminal damage and arson,Unable to prosecute suspect,
451d368bd8cce797328940fbeed12de09e33f34a086ff2416dff30ec84e3abbb,2022-06,Cambridgeshire Constabulary,Cambridgeshire Constabulary,-0.221242,52.589050,On or near Eastfield Road,E01015605,Peterborough 008A,Other theft,Unable to prosecute suspect,
a9348bb1dd66739331dc0e4b0016a41aece3d72e5fe94c54b5b26adcb70b433e,2022-06,Cambridgeshire Constabulary,Cambridgeshire Constabulary,-0.224377,52.591839,On or near Cherrytree Grove,E01015605,Peterborough 008A,Other theft,Unable to prosecute suspect,
25b069c82181da7569fc832563227174891f2ff2d7a3b93a1237045fbc93c4ef,2022-06,Cambridgeshire Constabulary,Cambridgeshire Constabulary,-0.224377,52.591839,On or near Cherrytree Grove,E01015605,Peterborough 008A,Other theft,Unable to prosecute suspect,
f0eea85f88e5ec31cedb546ab6917cdcc7ae863ba28030a459bbd03f990ad7b8,2022-06,Cambridgeshire Constabulary,Cambridgeshire Constabulary,-0.224377,52.591839,On or near Cherrytree Grove,E01015605,Peterborough 008A,Public order,Unable to prosecute suspect,
e3cb92a82b4489e22796c07670fdb14c24c227e29bfca34d8b0dec6db3c0bcef,2022-06,Cambridgeshire Constabulary,Cambridgeshire Constabulary,-0.225170,52.592328,On or near Oakleaf Road,E01015605,Peterborough 008A,Public order,Investigation complete; no suspect identified,
00a8a5e0725c0d44f03c9a15737c1b3661c5c8b1f1247ea8823d68b3bf894c88,2022-06,Cambridgeshire Constabulary,Cambridgeshire Constabulary,-0.221242,52.589050,On or near Eastfield Road,E01015605,Peterborough 008A,Public order,Investigation complete; no suspect identified,
e7d38c2f50e098b2be02ce27c9d8d26aabf2ca5367a1636ca02fa30057cc66da,2022-06,Cambridgeshire Constabulary,Cambridgeshire Constabulary,-0.221242,52.589050,On or near Eastfield Road,E01015605,Peterborough 008A,Vehicle crime,Investigation complete; no suspect identified,
2d81a4ebb8840463f1155e1535e4ef9477eb659c9d298d2947f7c05c4632b823,2022-06,Cambridgeshire Constabulary,Cambridgeshire Constabulary,-0.229662,52.591487,On or near Newark Avenue,E01015605,Peterborough 008A,Vehicle crime,Investigation complete; no suspect identified,
1877230fd461abb47cfd0d91a3263afe8269735ca32590ff24d1ab890ceac335,2022-06,Cambridgeshire Constabulary,Cambridgeshire Constabulary,-0.222475,52.593618,On or near Beechwood Close,E01015605,Peterborough 008A,Violence and sexual offences,Unable to prosecute suspect,
15481c49d201cb0d4f41d0e842fae4272d65ae960ed760f00f50acdcdbc35d9b,2022-06,Cambridgeshire Constabulary,Cambridgeshire Constabulary,-0.229091,52.594670,On or near Chestnut Avenue,E01015605,Peterborough 008A,Violence and sexual offences,Unable to prosecute suspect,
,2022-06,Cambridgeshire Constabulary,Cambridgeshire Constabulary,-0.231744,52.593316,On or near Acer Road,E01015608,Peterborough 008B,Anti-social behaviour,,
c454f1c44566473b793e03edc08b825b63ef1119cc6109a7e48fedc0de52b2db,2022-06,Cambridgeshire Constabulary,Cambridgeshire Constabulary,-0.236984,52.595174,On or near Birchtree Avenue,E01015608,Peterborough 008B,Other theft,Investigation complete; no suspect identified,
1c4f6a1d963f656a9a607134bc98225333417ad21613cd7cc5ad3617fe5c5a11,2022-06,Cambridgeshire Constabulary,Cambridgeshire Constabulary,-0.241215,52.595327,On or near Dogsthorpe Road,E01015608,Peterborough 008B,Possession of weapons,Court result unavailable,
a7cb78e99305ec5630526103df9c093cf10ce04e859792c27f65fcf25f1e707b,2022-06,Cambridgeshire Constabulary,Cambridgeshire Constabulary,-0.236575,52.598378,On or near Cedar Grove,E01015608,Peterborough 008B,Public order,Investigation complete; no suspect identified,
3336d6347379ffac9977b8e9e994973fae1bbfeea1819c432c9ad67f0e88e5f3,2022-06,Cambridgeshire Constabulary,Cambridgeshire Constabulary,-0.235657,52.598436,On or near Figtree Walk,E01015608,Peterborough 008B,Public order,Unable to prosecute suspect,
a1b60ea9d07585b3cda175ad5f214180f36cf001d404f6f1bd32141ff0ae8a42,2022-06,Cambridgeshire Constabulary,Cambridgeshire Constabulary,-0.236575,52.598378,On or near Cedar Grove,E01015608,Peterborough 008B,Public order,Investigation complete; no suspect identified,
86df4f7259e86c7c6a20fd9d9c70604b15c4d5bd7bef0c44748209bd0e0b7897,2022-06,Cambridgeshire Constabulary,Cambridgeshire Constabulary,-0.231744,52.593316,On or near Acer Road,E01015608,Peterborough 008B,Public order,Offender given a caution,
62c22a1ec4eae54dc0fdf7a3713d501398c07423beae8c778fd627cb095d5e85,2022-06,Cambridgeshire Constabulary,Cambridgeshire Constabulary,-0.235411,52.595744,On or near Cerris Road,E01015608,Peterborough 008B,Vehicle crime,Investigation complete; no suspect identified,
28d36f07d549a4a4535ae80ec4d1a8bdea2bd6452c0d5e20a9c8c228139eab2f,2022-06,Cambridgeshire Constabulary,Cambridgeshire Constabulary,-0.235411,52.595744,On or near Cerris Road,E01015608,Peterborough 008B,Vehicle crime,Investigation complete; no suspect identified,
a7e8d920a73f411e0bd054c4cc285f4a7c0a8460964622b53cc108f89a32c15e,2022-06,Cambridgeshire Constabulary,Cambridgeshire Constabulary,-0.231744,52.593316,On or near Acer Road,E01015608,Peterborough 008B,Vehicle crime,Investigation complete; no suspect identified,
b0ee8b1300c4400b7d0a386b6fe373219edd6c55eba8b6823461aa9bbc725a44,2022-06,Cambridgeshire Constabulary,Cambridgeshire Constabulary,-0.236984,52.595174,On or near Birchtree Avenue,E01015608,Peterborough 008B,Violence and sexual offences,Unable to prosecute suspect,
e828384b9bc4010654c254e6aaed05a65f558851f7ddd1682a708ebcbbfa3018,2022-06,Cambridgeshire Constabulary,Cambridgeshire Constabulary,-0.238581,52.596583,On or near Dovecote Close,E01015608,Peterborough 008B,Violence and sexual offences,Unable to prosecute suspect,
bb62c0f5f5cfbd9dfaa1035b35912c5cfc89ad35bd95cffce29c67f556a7e44b,2022-06,Cambridgeshire Constabulary,Cambridgeshire Constabulary,-0.238581,52.596583,On or near Dovecote Close,E01015608,Peterborough 008B,Violence and sexual offences,Unable to prosecute suspect,
68bbf476e01b46ebe78c47f1ebeffd7726b6c32b4e1ed719415c9a5c68c07bcd,2022-06,Cambridgeshire Constabulary,Cambridgeshire Constabulary,-0.238581,52.596583,On or near Dovecote Close,E01015608,Peterborough 008B,Violence and sexual offences,Unable to prosecute suspect,
614455138ba269d96a243a006d1d3e537bb877423914ed5f08aa272e87fc8e27,2022-06,Cambridgeshire Constabulary,Cambridgeshire Constabulary,-0.237722,52.594448,On or near Elmfield Road,E01015608,Peterborough 008B,Violence and sexual offences,Unable to prosecute suspect,
2e77a49c15de5cba8c02a9b60d42399a3e4afafbf82c683cf7cff78663946804,2022-06,Cambridgeshire Constabulary,Cambridgeshire Constabulary,-0.236984,52.595174,On or near Birchtree Avenue,E01015608,Peterborough 008B,Violence and sexual offences,Unable to prosecute suspect,
eb9800ed93baf7e62f7398f208e0a1f57bb968a014e26ba825668639dd591dd9,2022-06,Cambridgeshire Constabulary,Cambridgeshire Constabulary,-0.238581,52.596583,On or near Dovecote Close,E01015608,Peterborough 008B,Violence and sexual offences,Unable to prosecute suspect,
,2022-06,Cambridgeshire Constabulary,Cambridgeshire Constabulary,-0.232134,52.597197,On or near Almond Road,E01015610,Peterborough 008C,Anti-social behaviour,,
,2022-06,Cambridgeshire Constabulary,Cambridgeshire Constabulary,-0.232134,52.597197,On or near Almond Road,E01015610,Peterborough 008C,Anti-social behaviour,,
c65f228d50b36dd370e273fdd7bc79a471a24393f6b70ce3a05b669da3f8ad85,2022-06,Cambridgeshire Constabulary,Cambridgeshire Constabulary,-0.225174,52.595879,On or near Lilac Road,E01015610,Peterborough 008C,Criminal damage and arson,Investigation complete; no suspect identified,
78e4aa3b69fde68944b3db051753634f55fc5b68e048950db0ebc7a748f717b4,2022-06,Cambridgeshire Constabulary,Cambridgeshire Constabulary,-0.225506,52.596801,On or near Olive Road,E01015610,Peterborough 008C,Public order,Unable to prosecute suspect,
9addd0da026e0756c90479d32edbe18017850e8a58a4b443b18f060ec3408dfb,2022-06,Cambridgeshire Constabulary,Cambridgeshire Constabulary,-0.228712,52.597838,On or near Myrtle Avenue,E01015610,Peterborough 008C,Violence and sexual offences,Action to be taken by another organisation,
6d57e0360ffeffe477283e00a679e52403579785094ddc3091afdb9ca6be65b0,2022-06,Cambridgeshire Constabulary,Cambridgeshire Constabulary,-0.228712,52.597838,On or near Myrtle Avenue,E01015610,Peterborough 008C,Violence and sexual offences,Action to be taken by another organisation,
e4a7e344c55d0e619edae5193ef345162e1627d4e1df7ce2dbc3acf3975946b3,2022-06,Cambridgeshire Constabulary,Cambridgeshire Constabulary,-0.225506,52.596801,On or near Olive Road,E01015610,Peterborough 008C,Violence and sexual offences,Unable to prosecute suspect,
6fd9cdd8dd8d48b494d61bc079ce904347468b99e1a2350b4b827a021d7c3641,2022-06,Cambridgeshire Constabulary,Cambridgeshire Constabulary,-0.228712,52.597838,On or near Myrtle Avenue,E01015610,Peterborough 008C,Violence and sexual offences,Action to be taken by another organisation,
b84920c48f63afa2a4e7b7d441378b0865438d861acaee072484bd3d1aa3b3d8,2022-06,Cambridgeshire Constabulary,Cambridgeshire Constabulary,-0.225506,52.596801,On or near Olive Road,E01015610,Peterborough 008C,Violence and sexual offences,Unable to prosecute suspect,
12e9cd878308240d0430c2a011caa156104926d7250fbfbbe7400030143ea729,2022-06,Cambridgeshire Constabulary,Cambridgeshire Constabulary,-0.225506,52.596801,On or near Olive Road,E01015610,Peterborough 008C,Violence and sexual offences,Court result unavailable,
f56da16ef0767eed6342bb71cfe499a5454e6c62d469909f3ade360213706005,2022-06,Cambridgeshire Constabulary,Cambridgeshire Constabulary,-0.228712,52.597838,On or near Myrtle Avenue,E01015610,Peterborough 008C,Violence and sexual offences,Action to be taken by another organisation,
ac1349b39c15c11fc2db8688d6c82c9382ea0ba7f78deb454bc65ab3d8bd48ab,2022-06,Cambridgeshire Constabulary,Cambridgeshire Constabulary,-0.228712,52.597838,On or near Myrtle Avenue,E01015610,Peterborough 008C,Violence and sexual offences,Action to be taken by another organisation,
313d0366eddc79aab476ac55ebda8a34be0e56efb952509f6a637c74f4a22f9c,2022-06,Cambridgeshire Constabulary,Cambridgeshire Constabulary,-0.225506,52.596801,On or near Olive Road,E01015610,Peterborough 008C,Other crime,Unable to prosecute suspect,
,2022-06,Cambridgeshire Constabulary,Cambridgeshire Constabulary,-0.237360,52.599424,On or near Primrose Close,E01015633,Peterborough 008D,Anti-social behaviour,,
,2022-06,Cambridgeshire Constabulary,Cambridgeshire Constabulary,-0.234294,52.602237,On or near Ling Garth,E01015633,Peterborough 008D,Anti-social behaviour,,
,2022-06,Cambridgeshire Constabulary,Cambridgeshire Constabulary,-0.237360,52.599424,On or near Primrose Close,E01015633,Peterborough 008D,Anti-social behaviour,,
,2022-06,Cambridgeshire Constabulary,Cambridgeshire Constabulary,-0.234294,52.602237,On or near Ling Garth,E01015633,Peterborough 008D,Anti-social behaviour,,
ac64be0ead33382dd602213e5e6e684b3731504471cd275dc6008c6e9b563aa2,2022-06,Cambridgeshire Constabulary,Cambridgeshire Constabulary,-0.244494,52.596796,On or near Woodcote Close,E01015633,Peterborough 008D,Burglary,Investigation complete; no suspect identified,
f2cde0933d986dae3c4ca959ccb744e7d48f6998c1a6020adc7e3a04e4fa4306,2022-06,Cambridgeshire Constabulary,Cambridgeshire Constabulary,-0.235722,52.600874,On or near Campion Road,E01015633,Peterborough 008D,Criminal damage and arson,Unable to prosecute suspect,
392d076027c11acc2698fac4a22b6c2b6dbe2a6c4ac47cfce4675131e5462504,2022-06,Cambridgeshire Constabulary,Cambridgeshire Constabulary,-0.238931,52.600751,On or near Heather Avenue,E01015633,Peterborough 008D,Criminal damage and arson,Investigation complete; no suspect identified,
1ac4b8bb3723802e129e068b7344a6a9a86daf4a51f1322ab8d1585a7029ddd9,2022-06,Cambridgeshire Constabulary,Cambridgeshire Constabulary,-0.241188,52.598222,On or near Welland Close,E01015633,Peterborough 008D,Criminal damage and arson,Investigation complete; no suspect identified,
2e4a4d859baf4bb124bee5ee0bd44bde794e79f7e0ac3c30d31da4f3a5932a75,2022-06,Cambridgeshire Constabulary,Cambridgeshire Constabulary,-0.237941,52.601132,On or near Bluebell Avenue,E01015633,Peterborough 008D,Criminal damage and arson,Investigation complete; no suspect identified,
91ffed746148b33a0158541fc4fa0bc16081218c6cb7d2afc66178a2ed63ba06,2022-06,Cambridgeshire Constabulary,Cambridgeshire Constabulary,-0.238931,52.600751,On or near Heather Avenue,E01015633,Peterborough 008D,Criminal damage and arson,Unable to prosecute suspect,
c08161d55ad2051e2b476fe1e3eb1479b9f098c81cb42a097ff2eb828c5ec11f,2022-06,Cambridgeshire Constabulary,Cambridgeshire Constabulary,-0.240974,52.596573,On or near Petrol Station,E01015633,Peterborough 008D,Drugs,Unable to prosecute suspect,
0d73921bd3662cd1bf2d59d0733b9c21925047a4a3bbe1f26a6f180bdf9a9ada,2022-06,Cambridgeshire Constabulary,Cambridgeshire Constabulary,-0.240974,52.596573,On or near Petrol Station,E01015633,Peterborough 008D,Other theft,Investigation complete; no suspect identified,
4b1b9c24c91cad07c27b11071077dde662c38d4477d6a5d2fe466e0c731a4d84,2022-06,Cambridgeshire Constabulary,Cambridgeshire Constabulary,-0.240974,52.596573,On or near Petrol Station,E01015633,Peterborough 008D,Other theft,Investigation complete; no suspect identified,
27df51ae1655beedb815ce2f08f793a32fc50b81a6c780fddc8d3c685a81619c,2022-06,Cambridgeshire Constabulary,Cambridgeshire Constabulary,-0.241368,52.600373,On or near Crocus Grove,E01015633,Peterborough 008D,Other theft,Unable to prosecute suspect,
f7f2509585c393aea638c309f0e14121b42ac6b9ca41a11591556abba55552d0,2022-06,Cambridgeshire Constabulary,Cambridgeshire Constabulary,-0.240974,52.596573,On or near Petrol Station,E01015633,Peterborough 008D,Other theft,Investigation complete; no suspect identified,
584944906c9d6b24b60858a2011a36e51994e3aab8aceca2056084103051e7aa,2022-06,Cambridgeshire Constabulary,Cambridgeshire Constabulary,-0.240974,52.596573,On or near Petrol Station,E01015633,Peterborough 008D,Other theft,Investigation complete; no suspect identified,
fae14b672b7462198b308f461701eb1a0bb67a7c1e56f3fcf5b8bce36fa98090,2022-06,Cambridgeshire Constabulary,Cambridgeshire Constabulary,-0.241368,52.600373,On or near Crocus Grove,E01015633,Peterborough 008D,Public order,Unable to prosecute suspect,
ada291a2598f3797adfb5fb5d7f454baf6eb7699ac64674fe4fa6058164c3481,2022-06,Cambridgeshire Constabulary,Cambridgeshire Constabulary,-0.241368,52.600373,On or near Crocus Grove,E01015633,Peterborough 008D,Public order,Local resolution,
95614450a516f3feea5bfaff08aba7a9774aeec3ea64057024ac57271ecb6b14,2022-06,Cambridgeshire Constabulary,Cambridgeshire Constabulary,-0.241188,52.598222,On or near Welland Close,E01015633,Peterborough 008D,Public order,Unable to prosecute suspect,
a37e29572f64eb0beb0b39c2d10957c01ddb8f178c5a2226c6ff0add9f26e6d2,2022-06,Cambridgeshire Constabulary,Cambridgeshire Constabulary,-0.244494,52.596796,On or near Woodcote Close,E01015633,Peterborough 008D,Public order,Investigation complete; no suspect identified,
84bd8e7283b152a7e3db81b464580266ab23cd4037df85f461876d763be631d4,2022-06,Cambridgeshire Constabulary,Cambridgeshire Constabulary,-0.245513,52.600480,On or near Francis Gardens,E01015633,Peterborough 008D,Violence and sexual offences,Unable to prosecute suspect,
dd1c08afdc66ead29a98015c8fc29237f297e3d01efc8f813fe480cf791dbe46,2022-06,Cambridgeshire Constabulary,Cambridgeshire Constabulary,-0.243088,52.603501,On or near Pedestrian Subway,E01015633,Peterborough 008D,Violence and sexual offences,Unable to prosecute suspect,
bc4c997d3c240c295ca7ffcec240a625f55cf2c9098541fba740d768831e33e9,2022-06,Cambridgeshire Constabulary,Cambridgeshire Constabulary,-0.241368,52.600373,On or near Crocus Grove,E01015633,Peterborough 008D,Violence and sexual offences,Unable to prosecute suspect,
b0ee5aad7375cea82978862b5979eb84b8f4b43e2dcff940490aef1c9875e7e1,2022-06,Cambridgeshire Constabulary,Cambridgeshire Constabulary,-0.242891,52.598103,On or near Wesleyan Road,E01015633,Peterborough 008D,Violence and sexual offences,Unable to prosecute suspect,
ccca0a6b4549be9e913e0a8d8ddd045fce5b02fe97b615acacd2d9fa03aff4a7,2022-06,Cambridgeshire Constabulary,Cambridgeshire Constabulary,-0.242891,52.598103,On or near Wesleyan Road,E01015633,Peterborough 008D,Violence and sexual offences,Investigation complete; no suspect identified,
d6d4a8f652e008999205c804b2d158e7d33c911ede03bf093d8135fda7dc6568,2022-06,Cambridgeshire Constabulary,Cambridgeshire Constabulary,-0.242891,52.598103,On or near Wesleyan Road,E01015633,Peterborough 008D,Violence and sexual offences,Status update unavailable,
6e89bcbafc9f8c6fc1886fdc54b5b1691aa873005662f93c27fe5bca5e0793b3,2022-06,Cambridgeshire Constabulary,Cambridgeshire Constabulary,-0.241188,52.598222,On or near Welland Close,E01015633,Peterborough 008D,Violence and sexual offences,Unable to prosecute suspect,
558a7eab684b724ce42ebf6270125e640baae1d76a5aee066181883c629d326b,2022-06,Cambridgeshire Constabulary,Cambridgeshire Constabulary,-0.242891,52.598103,On or near Wesleyan Road,E01015633,Peterborough 008D,Violence and sexual offences,Status update unavailable,
4033112ea803e25723bafefba045271cac99a72a43160eafda4f8091ee30a0b8,2022-06,Cambridgeshire Constabulary,Cambridgeshire Constabulary,-0.237360,52.599424,On or near Primrose Close,E01015633,Peterborough 008D,Violence and sexual offences,Unable to prosecute suspect,
ebdd548ad2c99817d046db17b369cd95e7c69b9e8131f9d215de02a854baacfc,2022-06,Cambridgeshire Constabulary,Cambridgeshire Constabulary,-0.242891,52.598103,On or near Wesleyan Road,E01015633,Peterborough 008D,Violence and sexual offences,Investigation complete; no suspect identified,
9fc1bc8e2f1ac967b9ae804166ab1e959b42163efa25918dfd6be79e1331ca80,2022-06,Cambridgeshire Constabulary,Cambridgeshire Constabulary,-0.241188,52.598222,On or near Welland Close,E01015633,Peterborough 008D,Violence and sexual offences,Unable to prosecute suspect,
60ff55a0518aa7a46dc050beb6ed0f31f6cd44861866190ae7f754129cbe20ac,2022-06,Cambridgeshire Constabulary,Cambridgeshire Constabulary,-0.239246,52.598058,On or near Sports/Recreation Area,E01015633,Peterborough 008D,Violence and sexual offences,Offender given a caution,
a12da04ab42a81b0304cc5d37f09b3aae469f2a50397f604c545b562ae4327c5,2022-06,Cambridgeshire Constabulary,Cambridgeshire Constabulary,-0.239246,52.598058,On or near Sports/Recreation Area,E01015633,Peterborough 008D,Violence and sexual offences,Unable to prosecute suspect,
dc3cdc8fb4ef297761b278adf74abda78a741f094b9dc17930481bf6d4db2320,2022-06,Cambridgeshire Constabulary,Cambridgeshire Constabulary,-0.240974,52.596573,On or near Petrol Station,E01015633,Peterborough 008D,Violence and sexual offences,Court result unavailable,
0b1eddd2d69cd1a78e4783a645fd8a2214aaad6b82381dc35c5dd66b4f92025e,2022-06,Cambridgeshire Constabulary,Cambridgeshire Constabulary,-0.234863,52.600187,On or near Welland Road,E01015633,Peterborough 008D,Violence and sexual offences,Unable to prosecute suspect,
d08a1a771acd41a23bd4047f20fdfb0248fe76528d2e5bfe535b9c1ad5ec7c0d,2022-06,Cambridgeshire Constabulary,Cambridgeshire Constabulary,-0.239246,52.598058,On or near Sports/Recreation Area,E01015633,Peterborough 008D,Violence and sexual offences,Unable to prosecute suspect,
c7e2cda2cfff42e76353b23deb403129154eb81af6b112bfc0bfc80be3fddd66,2022-06,Cambridgeshire Constabulary,Cambridgeshire Constabulary,-0.241188,52.598222,On or near Welland Close,E01015633,Peterborough 008D,Violence and sexual offences,Unable to prosecute suspect,
10816a2f85042d40ab07e779c9e616464dab8642291728dd3ce3854cd3da131a,2022-06,Cambridgeshire Constabulary,Cambridgeshire Constabulary,-0.241368,52.600373,On or near Crocus Grove,E01015633,Peterborough 008D,Violence and sexual offences,Unable to prosecute suspect,
6f8736075e2d46753a99e94d839c162fb6fbe37d2f8db91da1ffee86ac2b974d,2022-06,Cambridgeshire Constabulary,Cambridgeshire Constabulary,-0.241368,52.600373,On or near Crocus Grove,E01015633,Peterborough 008D,Violence and sexual offences,Status update unavailable,
,2022-06,Cambridgeshire Constabulary,Cambridgeshire Constabulary,-0.250448,52.598907,On or near Tennyson Road,E01015634,Peterborough 008E,Anti-social behaviour,,
,2022-06,Cambridgeshire Constabulary,Cambridgeshire Constabulary,-0.256414,52.598906,On or near Boswell Close,E01015634,Peterborough 008E,Anti-social behaviour,,
,2022-06,Cambridgeshire Constabulary,Cambridgeshire Constabulary,-0.252657,52.596468,On or near Keeton Road,E01015634,Peterborough 008E,Anti-social behaviour,,
9ff1489cae8556760169d5db6999f141430c3c52d9560d7483a0a85e9647d48a,2022-06,Cambridgeshire Constabulary,Cambridgeshire Constabulary,-0.254596,52.598951,On or near Herrick Close,E01015634,Peterborough 008E,Criminal damage and arson,Unable to prosecute suspect,
39d1f4e759409c8afeb87146d2cce497c9bfa882ad77ee216ed30e34e9ec8dba,2022-06,Cambridgeshire Constabulary,Cambridgeshire Constabulary,-0.249338,52.596769,On or near Shakespeare Avenue,E01015634,Peterborough 008E,Other theft,Investigation complete; no suspect identified,
e471d0f53125e54bdcc3b1aba5962dc457b94f1ca5c3199762f2de9eea585768,2022-06,Cambridgeshire Constabulary,Cambridgeshire Constabulary,-0.249960,52.595610,On or near St James Avenue,E01015634,Peterborough 008E,Vehicle crime,Investigation complete; no suspect identified,
9cc1a73a3849d562f6fded0799e0974a66168628519c252e1cd66d6543033e26,2022-06,Cambridgeshire Constabulary,Cambridgeshire Constabulary,-0.250448,52.598907,On or near Tennyson Road,E01015634,Peterborough 008E,Violence and sexual offences,Investigation complete; no suspect identified,
,2022-06,Cambridgeshire Constabulary,Cambridgeshire Constabulary,-0.269243,52.598590,On or near Wulfric Square,E01015593,Peterborough 009A,Anti-social behaviour,,
,2022-06,Cambridgeshire Constabulary,Cambridgeshire Constabulary,-0.269243,52.598590,On or near Wulfric Square,E01015593,Peterborough 009A,Anti-social behaviour,,
,2022-06,Cambridgeshire Constabulary,Cambridgeshire Constabulary,-0.278037,52.595347,On or near Sports/Recreation Area,E01015593,Peterborough 009A,Anti-social behaviour,,
,2022-06,Cambridgeshire Constabulary,Cambridgeshire Constabulary,-0.273751,52.596966,On or near Ellindon,E01015593,Peterborough 009A,Anti-social behaviour,,
,2022-06,Cambridgeshire Constabulary,Cambridgeshire Constabulary,-0.278387,52.602248,On or near Norburn,E01015593,Peterborough 009A,Anti-social behaviour,,
,2022-06,Cambridgeshire Constabulary,Cambridgeshire Constabulary,-0.273751,52.596966,On or near Ellindon,E01015593,Peterborough 009A,Anti-social behaviour,,
,2022-06,Cambridgeshire Constabulary,Cambridgeshire Constabulary,-0.282561,52.603873,On or near Outfield,E01015593,Peterborough 009A,Anti-social behaviour,,
,2022-06,Cambridgeshire Constabulary,Cambridgeshire Constabulary,-0.273493,52.598266,On or near Heltwate,E01015593,Peterborough 009A,Anti-social behaviour,,
,2022-06,Cambridgeshire Constabulary,Cambridgeshire Constabulary,-0.273493,52.598266,On or near Heltwate,E01015593,Peterborough 009A,Anti-social behaviour,,
b5192d84767632ccba59e1f802150c13b802706eea60bd7bc45323ebde7df98e,2022-06,Cambridgeshire Constabulary,Cambridgeshire Constabulary,-0.273751,52.596966,On or near Ellindon,E01015593,Peterborough 009A,Criminal damage and arson,Investigation complete; no suspect identified,
b0348a29d8fcd3f5ac9d090ebc6db2b30ddec6efe5fa67c4db996361dbd1afe5,2022-06,Cambridgeshire Constabulary,Cambridgeshire Constabulary,-0.273751,52.596966,On or near Ellindon,E01015593,Peterborough 009A,Criminal damage and arson,Investigation complete; no suspect identified,
531e3f6b4776b3472075c4fca9f7d391cfd43ea0c9cd276ff5680f3c85851722,2022-06,Cambridgeshire Constabulary,Cambridgeshire Constabulary,-0.273751,52.596966,On or near Ellindon,E01015593,Peterborough 009A,Criminal damage and arson,Investigation complete; no suspect identified,
59edac72dec76f48ea9bff21293a0e9254b2dac9608234cc37af1ff182de9136,2022-06,Cambridgeshire Constabulary,Cambridgeshire Constabulary,-0.273751,52.596966,On or near Ellindon,E01015593,Peterborough 009A,Public order,Unable to prosecute suspect,
caa0b1ee0a27977cc3968e8dd85614dc2fd8bd887efb46f35131b18abff5e340,2022-06,Cambridgeshire Constabulary,Cambridgeshire Constabulary,-0.282561,52.603873,On or near Outfield,E01015593,Peterborough 009A,Public order,Investigation complete; no suspect identified,
e614bf1ec597c512f6009a65239d44865480ab71546f4e4de01ad105f225b93f,2022-06,Cambridgeshire Constabulary,Cambridgeshire Constabulary,-0.273751,52.596966,On or near Ellindon,E01015593,Peterborough 009A,Public order,Unable to prosecute suspect,
cf0c6a2332e1f938cce150c053c00df2a17768571b7c9458feaba27a2840dc0d,2022-06,Cambridgeshire Constabulary,Cambridgeshire Constabulary,-0.278037,52.595347,On or near Sports/Recreation Area,E01015593,Peterborough 009A,Robbery,Unable to prosecute suspect,
ac11b46d043e7351b32018bec4c9fd6fff3e7736e802bc2dc25abb94a948ec1a,2022-06,Cambridgeshire Constabulary,Cambridgeshire Constabulary,-0.273493,52.598266,On or near Heltwate,E01015593,Peterborough 009A,Robbery,Unable to prosecute suspect,
e3d188e30f3f9777e513ca44eeaeab3602ba01d90a2ae393885f94dee8235dd3,2022-06,Cambridgeshire Constabulary,Cambridgeshire Constabulary,-0.273751,52.596966,On or near Ellindon,E01015593,Peterborough 009A,Violence and sexual offences,Unable to prosecute suspect,
7fff2baa6b4a3208cb9f3c927de83f4d8f16171b3595195cbdceec4147ad40fb,2022-06,Cambridgeshire Constabulary,Cambridgeshire Constabulary,-0.269243,52.598590,On or near Wulfric Square,E01015593,Peterborough 009A,Violence and sexual offences,Local resolution,
6c0e64ab16e2804dac1e50df7f3ee3ad4d2761ad174e8ab7db7abd0dd0ae3c4e,2022-06,Cambridgeshire Constabulary,Cambridgeshire Constabulary,-0.273493,52.598266,On or near Heltwate,E01015593,Peterborough 009A,Violence and sexual offences,Investigation complete; no suspect identified,
,2022-06,Cambridgeshire Constabulary,Cambridgeshire Constabulary,-0.280775,52.602732,On or near Watergall,E01015596,Peterborough 009B,Anti-social behaviour,,
,2022-06,Cambridgeshire Constabulary,Cambridgeshire Constabulary,-0.284872,52.600679,On or near Stumpacre,E01015596,Peterborough 009B,Anti-social behaviour,,
,2022-06,Cambridgeshire Constabulary,Cambridgeshire Constabulary,-0.285135,52.602256,On or near Oxclose,E01015596,Peterborough 009B,Anti-social behaviour,,
0d3a14798a30e28d62d03c71087427f12b947093983d4a2c650d3501bfc9ee21,2022-06,Cambridgeshire Constabulary,Cambridgeshire Constabulary,-0.284872,52.600679,On or near Stumpacre,E01015596,Peterborough 009B,Bicycle theft,Investigation complete; no suspect identified,
31a173edb242b929021c2fac426412e9dc978ae9c3c7593d4448f7cf39a4621a,2022-06,Cambridgeshire Constabulary,Cambridgeshire Constabulary,-0.284872,52.600679,On or near Stumpacre,E01015596,Peterborough 009B,Criminal damage and arson,Investigation complete; no suspect identified,
526d00f026d3866b019cbe44feee39e0caa04be7f55c57a7b2089ad9adeb31a6,2022-06,Cambridgeshire Constabulary,Cambridgeshire Constabulary,-0.287756,52.605108,On or near Mewburn,E01015596,Peterborough 009B,Drugs,Unable to prosecute suspect,
e52caac2057f782d37dad0f6904252b7616c289110b2ea2dc3894e17711a67c1,2022-06,Cambridgeshire Constabulary,Cambridgeshire Constabulary,-0.284613,52.603156,On or near Brynmore,E01015596,Peterborough 009B,Drugs,Investigation complete; no suspect identified,
5ef4034a472543d3b34b70acc21b28e70b386f7e9335e49fc65f8d814c42542e,2022-06,Cambridgeshire Constabulary,Cambridgeshire Constabulary,-0.284872,52.600679,On or near Stumpacre,E01015596,Peterborough 009B,Public order,Investigation complete; no suspect identified,
0a8df5cc34f050397e6162022854ae41856ad134c0a6c07e06261171777bf3f2,2022-06,Cambridgeshire Constabulary,Cambridgeshire Constabulary,-0.280775,52.602732,On or near Watergall,E01015596,Peterborough 009B,Public order,Unable to prosecute suspect,
72378d16e5ee6e31aead835405b4ebe034bcd0d0677aad86eb1e767771b8b924,2022-06,Cambridgeshire Constabulary,Cambridgeshire Constabulary,-0.280775,52.602732,On or near Watergall,E01015596,Peterborough 009B,Public order,Unable to prosecute suspect,
8a84ad73561a5f5683d202e9e8d2297e07529fd605c33b583f736ef58b53acca,2022-06,Cambridgeshire Constabulary,Cambridgeshire Constabulary,-0.284872,52.600679,On or near Stumpacre,E01015596,Peterborough 009B,Vehicle crime,Investigation complete; no suspect identified,
b6ecd2cd28feae04ae82618a2bdd524fbff99f1af27b937c10668f4f59cc8c87,2022-06,Cambridgeshire Constabulary,Cambridgeshire Constabulary,-0.286388,52.604594,On or near Oldbrook,E01015596,Peterborough 009B,Violence and sexual offences,Unable to prosecute suspect,
0eea840306b46ed191344cf4579360f563ce58af7cf77ec49719be730a1cab72,2022-06,Cambridgeshire Constabulary,Cambridgeshire Constabulary,-0.284872,52.600679,On or near Stumpacre,E01015596,Peterborough 009B,Violence and sexual offences,Court result unavailable,
5efbcb1941a8c6eb862bdbd1d6d303586e9c07144d6969561937d7ad4e687146,2022-06,Cambridgeshire Constabulary,Cambridgeshire Constabulary,-0.280775,52.602732,On or near Watergall,E01015596,Peterborough 009B,Violence and sexual offences,Unable to prosecute suspect,
92169750338227381be49e9a4adfa8b60f34ea98cbafb07650c543382637f625,2022-06,Cambridgeshire Constabulary,Cambridgeshire Constabulary,-0.284613,52.603156,On or near Brynmore,E01015596,Peterborough 009B,Violence and sexual offences,Unable to prosecute suspect,
f54a431d6a1bf773b05b705a689c948894da844cd560cba44d7c63a3d28d421a,2022-06,Cambridgeshire Constabulary,Cambridgeshire Constabulary,-0.280775,52.602732,On or near Watergall,E01015596,Peterborough 009B,Violence and sexual offences,Unable to prosecute suspect,
4ecfc4dc568ddce07f97fec97982fea92f5ad2f91ff0095bf7b7a30894041105,2022-06,Cambridgeshire Constabulary,Cambridgeshire Constabulary,-0.280775,52.602732,On or near Watergall,E01015596,Peterborough 009B,Violence and sexual offences,Unable to prosecute suspect,
a4c45ed50913e3d02a278e2b073153af7a1e968b501d92113fe9e45ed253c2c4,2022-06,Cambridgeshire Constabulary,Cambridgeshire Constabulary,-0.280775,52.602732,On or near Watergall,E01015596,Peterborough 009B,Violence and sexual offences,Unable to prosecute suspect,
beefd498b0faf1cd179d3a50ba0313d1a8072a6239b83baeadcd709fd827199a,2022-06,Cambridgeshire Constabulary,Cambridgeshire Constabulary,-0.286388,52.604594,On or near Oldbrook,E01015596,Peterborough 009B,Violence and sexual offences,Unable to prosecute suspect,
9d174932e891d3ca042dffe19572131e75d8c1be20a702609403ac608b2abb3f,2022-06,Cambridgeshire Constabulary,Cambridgeshire Constabulary,-0.284872,52.600679,On or near Stumpacre,E01015596,Peterborough 009B,Violence and sexual offences,Unable to prosecute suspect,
,2022-06,Cambridgeshire Constabulary,Cambridgeshire Constabulary,-0.276956,52.592796,On or near Swanspool,E01015662,Peterborough 009C,Anti-social behaviour,,
,2022-06,Cambridgeshire Constabulary,Cambridgeshire Constabulary,-0.276956,52.592796,On or near Swanspool,E01015662,Peterborough 009C,Anti-social behaviour,,
,2022-06,Cambridgeshire Constabulary,Cambridgeshire Constabulary,-0.276823,52.589413,On or near Deaconscroft,E01015662,Peterborough 009C,Anti-social behaviour,,
47439eb914bd65c43734bc80539bd7a27818fc58287e5304ef6a54f32cc06ba4,2022-06,Cambridgeshire Constabulary,Cambridgeshire Constabulary,-0.276823,52.589413,On or near Deaconscroft,E01015662,Peterborough 009C,Burglary,Investigation complete; no suspect identified,
a268b13c593d6bcc96ccf9e00715cb3e7522780d2722ea19f20014f948d47a8c,2022-06,Cambridgeshire Constabulary,Cambridgeshire Constabulary,-0.278332,52.591602,On or near White Cross,E01015662,Peterborough 009C,Drugs,Unable to prosecute suspect,
ae04f79b9caca6c666669c0f0ca60272e72b63cfb9555ab18fb68af9b6df9a6e,2022-06,Cambridgeshire Constabulary,Cambridgeshire Constabulary,-0.276823,52.589413,On or near Deaconscroft,E01015662,Peterborough 009C,Other theft,Investigation complete; no suspect identified,
a633d65efc0ad0635d6910a4f427ec45e6bb687ee5f8e9c4b784a338e22cb652,2022-06,Cambridgeshire Constabulary,Cambridgeshire Constabulary,-0.275582,52.590564,On or near Brookfurlong,E01015662,Peterborough 009C,Public order,Unable to prosecute suspect,
c3e92317286ef55c7e6718d2a239c3f12e95da9fbcdcc24d4619132cbb9fa6ad,2022-06,Cambridgeshire Constabulary,Cambridgeshire Constabulary,-0.278243,52.590099,On or near Smallwood,E01015662,Peterborough 009C,Public order,Investigation complete; no suspect identified,
68c9de9a1d667aa8fcbb42d48aab4c71e4a82046c431d923d4c898ee28fa9536,2022-06,Cambridgeshire Constabulary,Cambridgeshire Constabulary,-0.278243,52.590099,On or near Smallwood,E01015662,Peterborough 009C,Public order,Unable to prosecute suspect,
90fd4d544eb3e0e6de85b06f6c228fb1eaaed641c66117fb90f1d8c7f36e7739,2022-06,Cambridgeshire Constabulary,Cambridgeshire Constabulary,-0.278243,52.590099,On or near Smallwood,E01015662,Peterborough 009C,Violence and sexual offences,Status update unavailable,
f165589a745ddb4b73cc1b30060859351675dcdc1cb16b7816be3418bfcadfbf,2022-06,Cambridgeshire Constabulary,Cambridgeshire Constabulary,-0.275582,52.590564,On or near Brookfurlong,E01015662,Peterborough 009C,Violence and sexual offences,Unable to prosecute suspect,
fc99d79804988d6e9905b64610773c68bf166b01087e49c7665d0d74deba80d0,2022-06,Cambridgeshire Constabulary,Cambridgeshire Constabulary,-0.276956,52.592796,On or near Swanspool,E01015662,Peterborough 009C,Violence and sexual offences,Unable to prosecute suspect,
3360092380ee4822a11228790d73962ff29f33f77358dbe7759177850f79a322,2022-06,Cambridgeshire Constabulary,Cambridgeshire Constabulary,-0.278243,52.590099,On or near Smallwood,E01015662,Peterborough 009C,Violence and sexual offences,Unable to prosecute suspect,
bdc15381bcd5312a73c527b92ba93be4c06b72a92d6e19d273c37ea5be9dea54,2022-06,Cambridgeshire Constabulary,Cambridgeshire Constabulary,-0.278243,52.590099,On or near Smallwood,E01015662,Peterborough 009C,Violence and sexual offences,Investigation complete; no suspect identified,
636843bdeeb1ec0fb5e88b4017dabd8efff0c1d62157af63b2572f13fbddecc1,2022-06,Cambridgeshire Constabulary,Cambridgeshire Constabulary,-0.277051,52.591889,On or near Raleigh Way,E01015662,Peterborough 009C,Violence and sexual offences,Offender given a caution,
62f4b540f037db9007c40a4d9db3645222236988c3c6fc7657e2fd7f0589d74f,2022-06,Cambridgeshire Constabulary,Cambridgeshire Constabulary,-0.278243,52.590099,On or near Smallwood,E01015662,Peterborough 009C,Violence and sexual offences,Unable to prosecute suspect,
,2022-06,Cambridgeshire Constabulary,Cambridgeshire Constabulary,-0.268649,52.585194,On or near Chelveston Way,E01015663,Peterborough 009D,Anti-social behaviour,,
,2022-06,Cambridgeshire Constabulary,Cambridgeshire Constabulary,-0.269824,52.583845,On or near Cranford Drive,E01015663,Peterborough 009D,Anti-social behaviour,,
,2022-06,Cambridgeshire Constabulary,Cambridgeshire Constabulary,-0.267532,52.589565,On or near Gransley Rise,E01015663,Peterborough 009D,Anti-social behaviour,,
,2022-06,Cambridgeshire Constabulary,Cambridgeshire Constabulary,-0.268649,52.585194,On or near Chelveston Way,E01015663,Peterborough 009D,Anti-social behaviour,,
,2022-06,Cambridgeshire Constabulary,Cambridgeshire Constabulary,-0.267022,52.582644,On or near Cottesmore Close,E01015663,Peterborough 009D,Anti-social behaviour,,
93e88b8617340a893b9b6b5913053ac2ae4f9baf8b89c0bc94627f289eab68d2,2022-06,Cambridgeshire Constabulary,Cambridgeshire Constabulary,-0.268123,52.587677,On or near Lowick Gardens,E01015663,Peterborough 009D,Burglary,Investigation complete; no suspect identified,
df4e1552d6c41f5b29c7fd890d0e79d51a34ad6812f4c06b34f65f8498e73a60,2022-06,Cambridgeshire Constabulary,Cambridgeshire Constabulary,-0.267022,52.582644,On or near Cottesmore Close,E01015663,Peterborough 009D,Criminal damage and arson,Unable to prosecute suspect,
eff850d0be408efba290038b3dfb16a0c8172d57c713e0027318a85a4bda003c,2022-06,Cambridgeshire Constabulary,Cambridgeshire Constabulary,-0.268123,52.587677,On or near Lowick Gardens,E01015663,Peterborough 009D,Criminal damage and arson,Investigation complete; no suspect identified,
9cff0c440ba5aa7dbade89f125f29afcf935dc63239abc203d7bca55ffa37828,2022-06,Cambridgeshire Constabulary,Cambridgeshire Constabulary,-0.268649,52.585194,On or near Chelveston Way,E01015663,Peterborough 009D,Criminal damage and arson,Investigation complete; no suspect identified,
a04c2dc9c285111561dc2ba3a83341e0bde4f290ebf6208d381eac76761ea906,2022-06,Cambridgeshire Constabulary,Cambridgeshire Constabulary,-0.269824,52.583845,On or near Cranford Drive,E01015663,Peterborough 009D,Other theft,Unable to prosecute suspect,
70e628ddaa9a398c590cda9d50dc5dc3b9bff85c8c8f09fa92a88de2b36283f1,2022-06,Cambridgeshire Constabulary,Cambridgeshire Constabulary,-0.267022,52.582644,On or near Cottesmore Close,E01015663,Peterborough 009D,Public order,Investigation complete; no suspect identified,
8549f9d7dbae5da04028f34ae5ec035065ed1c1bc8d2b347d0eb06725e312f9a,2022-06,Cambridgeshire Constabulary,Cambridgeshire Constabulary,-0.268024,52.583827,On or near Axiom Avenue,E01015663,Peterborough 009D,Public order,Unable to prosecute suspect,
5129eb12f3bb27d292d0702e170d2d5f5c2032afc8be9ca655cc9e92e7a2565a,2022-06,Cambridgeshire Constabulary,Cambridgeshire Constabulary,-0.267022,52.582644,On or near Cottesmore Close,E01015663,Peterborough 009D,Public order,Unable to prosecute suspect,
7b05ab62da94d6853b3d7a9cb53a32ef1d8e97df3e60a91f63a14aa6ebc47aa5,2022-06,Cambridgeshire Constabulary,Cambridgeshire Constabulary,-0.272284,52.585463,On or near Edgcote Close,E01015663,Peterborough 009D,Violence and sexual offences,Awaiting court outcome,
77d14769993799fb68e1698f2ea8f0dd01d3ecf15e0e70255f75ef64ff60352f,2022-06,Cambridgeshire Constabulary,Cambridgeshire Constabulary,-0.267039,52.588587,On or near Winwick Place,E01015663,Peterborough 009D,Violence and sexual offences,Local resolution,
58073ea40728dc1d9fddd70c9e6d64e4c30bc1e154f3fee15521133448b5f083,2022-06,Cambridgeshire Constabulary,Cambridgeshire Constabulary,-0.267532,52.589565,On or near Gransley Rise,E01015663,Peterborough 009D,Violence and sexual offences,Unable to prosecute suspect,
3b1fe5a7064dd1654651af10d4bc4f1901ad6ee1b2062368ac14b9bdd35afd03,2022-06,Cambridgeshire Constabulary,Cambridgeshire Constabulary,-0.268123,52.587677,On or near Lowick Gardens,E01015663,Peterborough 009D,Violence and sexual offences,Unable to prosecute suspect,
14fbe3f664e1c98f9ca7131e62ec0c8c08ead498f0af9fa4a4b3924862adce8d,2022-06,Cambridgeshire Constabulary,Cambridgeshire Constabulary,-0.267022,52.582644,On or near Cottesmore Close,E01015663,Peterborough 009D,Violence and sexual offences,Investigation complete; no suspect identified,
6c954e00df2e6b2afc4ee3276ef80cbb1cceccb1480c727b33f90fcd00a48b49,2022-06,Cambridgeshire Constabulary,Cambridgeshire Constabulary,-0.267532,52.589565,On or near Gransley Rise,E01015663,Peterborough 009D,Violence and sexual offences,Unable to prosecute suspect,
9bd7c9608263d1d2003c5b5d7bdd95bec1b37b46ae0928cc4f5b07691a76862b,2022-06,Cambridgeshire Constabulary,Cambridgeshire Constabulary,-0.268123,52.587677,On or near Lowick Gardens,E01015663,Peterborough 009D,Violence and sexual offences,Unable to prosecute suspect,
208d1c736dd85f828bc19c94202c51f1b0fde0522230409d7f3b2fc184f91321,2022-06,Cambridgeshire Constabulary,Cambridgeshire Constabulary,-0.272284,52.585463,On or near Edgcote Close,E01015663,Peterborough 009D,Violence and sexual offences,Unable to prosecute suspect,
,2022-06,Cambridgeshire Constabulary,Cambridgeshire Constabulary,-0.272575,52.586699,On or near Everdon Way,E01015664,Peterborough 009E,Anti-social behaviour,,
,2022-06,Cambridgeshire Constabulary,Cambridgeshire Constabulary,-0.276174,52.588271,On or near Sandford,E01015664,Peterborough 009E,Anti-social behaviour,,
,2022-06,Cambridgeshire Constabulary,Cambridgeshire Constabulary,-0.272575,52.586699,On or near Everdon Way,E01015664,Peterborough 009E,Anti-social behaviour,,
,2022-06,Cambridgeshire Constabulary,Cambridgeshire Constabulary,-0.272540,52.588344,On or near Tansor Garth,E01015664,Peterborough 009E,Anti-social behaviour,,
912e1d02e3216969942329d3f8d153d413937bfdcff9337bff257b231df7c63f,2022-06,Cambridgeshire Constabulary,Cambridgeshire Constabulary,-0.272575,52.586699,On or near Everdon Way,E01015664,Peterborough 009E,Burglary,Investigation complete; no suspect identified,
b6d752c23a942a084ebf03868ca7b9326bf2c68b85c0593fa689085342925539,2022-06,Cambridgeshire Constabulary,Cambridgeshire Constabulary,-0.271353,52.591132,On or near Bradden Street,E01015664,Peterborough 009E,Burglary,Investigation complete; no suspect identified,
2d5eb9825838bad71647d619ae3595db4a7ab777d236f05dfe3f8081570d35a8,2022-06,Cambridgeshire Constabulary,Cambridgeshire Constabulary,-0.269155,52.589580,On or near Lutton Grove,E01015664,Peterborough 009E,Criminal damage and arson,Investigation complete; no suspect identified,
796a62f63a9e59cdfe25a4ce3c50d32c8ca648836fd6a8ffd83db9c228031f5f,2022-06,Cambridgeshire Constabulary,Cambridgeshire Constabulary,-0.272575,52.586699,On or near Everdon Way,E01015664,Peterborough 009E,Criminal damage and arson,Unable to prosecute suspect,
b3d08a8c1a34883c6f45749799ac3048869afd6fc16ce737a0e9995f4c55d9fa,2022-06,Cambridgeshire Constabulary,Cambridgeshire Constabulary,-0.269814,52.586344,On or near Dingley Court,E01015664,Peterborough 009E,Drugs,Formal action is not in the public interest,
4b125201a3d9124e7cb8cc19aca52881ede8ee15c2462d2dbc91aede19b2a017,2022-06,Cambridgeshire Constabulary,Cambridgeshire Constabulary,-0.273769,52.587490,On or near Gayton Court,E01015664,Peterborough 009E,Other theft,Status update unavailable,
36b7b6df99aaa4e7519365284abcd0037f57acddfce36ce78a17332414f42ac5,2022-06,Cambridgeshire Constabulary,Cambridgeshire Constabulary,-0.272540,52.588344,On or near Tansor Garth,E01015664,Peterborough 009E,Other theft,Investigation complete; no suspect identified,
94736cedaa6266bed102bc2bbf19f07e6552c1c0696649b8ac4b8bc6cb427a18,2022-06,Cambridgeshire Constabulary,Cambridgeshire Constabulary,-0.276174,52.588271,On or near Sandford,E01015664,Peterborough 009E,Public order,Unable to prosecute suspect,
ed533460876cedc77266d52ab17c5a5bf35bb106fc5d948a842534dbd0dace9c,2022-06,Cambridgeshire Constabulary,Cambridgeshire Constabulary,-0.272540,52.588344,On or near Tansor Garth,E01015664,Peterborough 009E,Public order,Investigation complete; no suspect identified,
fdbf0a53df69f4afaf708866a0c8c85b98ad3bd95a83f64e6ab1cf8e052eac65,2022-06,Cambridgeshire Constabulary,Cambridgeshire Constabulary,-0.272575,52.586699,On or near Everdon Way,E01015664,Peterborough 009E,Public order,Unable to prosecute suspect,
c3186a36924f1ebe6e1f791f778fb2db5c15177838bbf33e8a532c37cd04465b,2022-06,Cambridgeshire Constabulary,Cambridgeshire Constabulary,-0.276174,52.588271,On or near Sandford,E01015664,Peterborough 009E,Public order,Unable to prosecute suspect,
781fa40b76c3511a19e176552855b1d720593bba4136a867f7a7ec4c4da6f274,2022-06,Cambridgeshire Constabulary,Cambridgeshire Constabulary,-0.272824,52.587889,On or near Naseby Close,E01015664,Peterborough 009E,Violence and sexual offences,Unable to prosecute suspect,
d88f23c719a1a268f3d6f0d792ae13f34df5584b830b9673a5281276b731ffa6,2022-06,Cambridgeshire Constabulary,Cambridgeshire Constabulary,-0.269814,52.586344,On or near Dingley Court,E01015664,Peterborough 009E,Violence and sexual offences,Unable to prosecute suspect,
1db3cc875a658c2e440729ec8213b3ac06c0dcc590ca99f3fc6d4bc956070c16,2022-06,Cambridgeshire Constabulary,Cambridgeshire Constabulary,-0.269155,52.589580,On or near Lutton Grove,E01015664,Peterborough 009E,Violence and sexual offences,Investigation complete; no suspect identified,
78e0b0f6c0f4e801dbead4472b22e769e6d3ca9b7c04a5248286543170c5350e,2022-06,Cambridgeshire Constabulary,Cambridgeshire Constabulary,-0.272540,52.588344,On or near Tansor Garth,E01015664,Peterborough 009E,Violence and sexual offences,Unable to prosecute suspect,
ad9cbf5c57ecad7e4c673dc866c7f8f0f37361de08da986244666914d963efc9,2022-06,Cambridgeshire Constabulary,Cambridgeshire Constabulary,-0.272824,52.587889,On or near Naseby Close,E01015664,Peterborough 009E,Violence and sexual offences,Unable to prosecute suspect,
0859506ec4e2df8dcd4bd3544bed3c7491eb218f73f941c6dfa123c7ec254a87,2022-06,Cambridgeshire Constabulary,Cambridgeshire Constabulary,-0.272575,52.586699,On or near Everdon Way,E01015664,Peterborough 009E,Violence and sexual offences,Unable to prosecute suspect,
8848923fc6be5978eeb31cc901fc5560ac51a0c45da94cfb452a484405387d64,2022-06,Cambridgeshire Constabulary,Cambridgeshire Constabulary,-0.272575,52.586699,On or near Everdon Way,E01015664,Peterborough 009E,Violence and sexual offences,Unable to prosecute suspect,
5d2dacc322c514ef51f8aa31a93cbb8acac74aac5581c80b001ad5d5bab3119a,2022-06,Cambridgeshire Constabulary,Cambridgeshire Constabulary,-0.276174,52.588271,On or near Sandford,E01015664,Peterborough 009E,Violence and sexual offences,Investigation complete; no suspect identified,
ddcb9b8cfcf56c28a570e148c85a5ae197eeaf7f2f566384de96640c2942ca04,2022-06,Cambridgeshire Constabulary,Cambridgeshire Constabulary,-0.272824,52.587889,On or near Naseby Close,E01015664,Peterborough 009E,Violence and sexual offences,Unable to prosecute suspect,
d35eabc99e1fe63c5c795b6771ff85ec79aaa441fee998c83f595b869ddfb6cb,2022-06,Cambridgeshire Constabulary,Cambridgeshire Constabulary,-0.272540,52.588344,On or near Tansor Garth,E01015664,Peterborough 009E,Violence and sexual offences,Unable to prosecute suspect,
f7b391ca355c0def4e7e22a17ab29e65ea4db6987c94f8773a07b1914d326f74,2022-06,Cambridgeshire Constabulary,Cambridgeshire Constabulary,-0.272824,52.587889,On or near Naseby Close,E01015664,Peterborough 009E,Violence and sexual offences,Unable to prosecute suspect,
f9b7b0164b5aa79c963e9777beeef338f3a4b06a940417be425654ff94ac4a44,2022-06,Cambridgeshire Constabulary,Cambridgeshire Constabulary,-0.272824,52.587889,On or near Naseby Close,E01015664,Peterborough 009E,Other crime,Unable to prosecute suspect,
,2022-06,Cambridgeshire Constabulary,Cambridgeshire Constabulary,-0.255496,52.591528,On or near Peppercorn Close,E01015603,Peterborough 010A,Anti-social behaviour,,
,2022-06,Cambridgeshire Constabulary,Cambridgeshire Constabulary,-0.250659,52.591035,On or near Rock Road,E01015603,Peterborough 010A,Anti-social behaviour,,
4e800bd6a696d60f66d64ab71e544e83f915418f489e7fc18c76d620afc8481e,2022-06,Cambridgeshire Constabulary,Cambridgeshire Constabulary,-0.252213,52.593161,On or near St Pauls Road,E01015603,Peterborough 010A,Criminal damage and arson,Investigation complete; no suspect identified,
35c29023ad16f3e6caaf0fd5c6c318ec9dde416872946fc287b087e51059fb3b,2022-06,Cambridgeshire Constabulary,Cambridgeshire Constabulary,-0.250659,52.591035,On or near Rock Road,E01015603,Peterborough 010A,Criminal damage and arson,Investigation complete; no suspect identified,
84add7134f2b690a49d47ecd960962030492ccd2de1952ba3bd22c4fb69dfd5c,2022-06,Cambridgeshire Constabulary,Cambridgeshire Constabulary,-0.249598,52.590596,On or near York Road,E01015603,Peterborough 010A,Drugs,Formal action is not in the public interest,
4def7970ee99ff635ab03ee69339d73607438b48a8da2ff02f34bcf223586bb3,2022-06,Cambridgeshire Constabulary,Cambridgeshire Constabulary,-0.253049,52.589946,On or near Occupation Road,E01015603,Peterborough 010A,Drugs,Court result unavailable,
c0e037130fed9326f180a828e3f36ab97aafbfd99dd43c4fd8138c34b96d6f15,2022-06,Cambridgeshire Constabulary,Cambridgeshire Constabulary,-0.253049,52.589946,On or near Occupation Road,E01015603,Peterborough 010A,Other theft,Unable to prosecute suspect,
bd66fd3f098cf2d26e2b826b7fd2920c71b9ec891278d3365218c7b27d791481,2022-06,Cambridgeshire Constabulary,Cambridgeshire Constabulary,-0.252316,52.591688,On or near Gilpin Street,E01015603,Peterborough 010A,Other theft,Investigation complete; no suspect identified,
2e4241def02684b7c0a217b8e3b4ee5f8bb574f831978f190a36aa372dbf80e1,2022-06,Cambridgeshire Constabulary,Cambridgeshire Constabulary,-0.252316,52.591688,On or near Gilpin Street,E01015603,Peterborough 010A,Other theft,Unable to prosecute suspect,
b4416b4de68302030cf77dd52ebf096ddba89c65e3a63b483a1a9340a5590101,2022-06,Cambridgeshire Constabulary,Cambridgeshire Constabulary,-0.250659,52.591035,On or near Rock Road,E01015603,Peterborough 010A,Other theft,Investigation complete; no suspect identified,
54edb436bc65686dd2698cf94a4e85b957c55da36048173728a1b6964d100cd4,2022-06,Cambridgeshire Constabulary,Cambridgeshire Constabulary,-0.250717,52.588455,On or near Harris Street,E01015603,Peterborough 010A,Public order,Unable to prosecute suspect,
f3dee5c1c261a9a306310232dd3450d416f1bb234cba6ad118308dac71f1c27c,2022-06,Cambridgeshire Constabulary,Cambridgeshire Constabulary,-0.255496,52.591528,On or near Peppercorn Close,E01015603,Peterborough 010A,Public order,Unable to prosecute suspect,
56ea7b6cdc051c67e7287b131a2d964b80aa284fffe5ddc1dd14b235693bc39f,2022-06,Cambridgeshire Constabulary,Cambridgeshire Constabulary,-0.255496,52.591528,On or near Peppercorn Close,E01015603,Peterborough 010A,Public order,Unable to prosecute suspect,
bbbbf5bf25111eae88b16e6eb38f549670681a328844002afaa9eaaafc6585ed,2022-06,Cambridgeshire Constabulary,Cambridgeshire Constabulary,-0.252316,52.591688,On or near Gilpin Street,E01015603,Peterborough 010A,Robbery,Unable to prosecute suspect,
9f85eb32940a101768e4c51d8cb9cc63e8a8c972388dac52934298b97b716618,2022-06,Cambridgeshire Constabulary,Cambridgeshire Constabulary,-0.262663,52.596570,On or near Shopping Area,E01015603,Peterborough 010A,Shoplifting,Court result unavailable,
67133a8d124f3e32f6c9b35c78416ed6be0db510828b229c1ade34fc7dcf3d0f,2022-06,Cambridgeshire Constabulary,Cambridgeshire Constabulary,-0.264055,52.597588,On or near Soke Parkway,E01015603,Peterborough 010A,Shoplifting,Unable to prosecute suspect,
805a2135c1acb10821da4e5c9f723fd7600aca1b1eb869051072f7b409aff5fd,2022-06,Cambridgeshire Constabulary,Cambridgeshire Constabulary,-0.249598,52.590596,On or near York Road,E01015603,Peterborough 010A,Shoplifting,Investigation complete; no suspect identified,
32851c86b73bdb4816951fdf3c28b80ea64bd30d9c995f90edaa81cddfe456c9,2022-06,Cambridgeshire Constabulary,Cambridgeshire Constabulary,-0.262663,52.596570,On or near Shopping Area,E01015603,Peterborough 010A,Shoplifting,Investigation complete; no suspect identified,
3543c853f4b6df11996644bfa7b74ebf9d4e8377c9fa60447e96fbd0fa063326,2022-06,Cambridgeshire Constabulary,Cambridgeshire Constabulary,-0.262663,52.596570,On or near Shopping Area,E01015603,Peterborough 010A,Shoplifting,Investigation complete; no suspect identified,
f49fa1fa94589252d568858edd9d296d7b163990e9817631227b6288c82f0046,2022-06,Cambridgeshire Constabulary,Cambridgeshire Constabulary,-0.262663,52.596570,On or near Shopping Area,E01015603,Peterborough 010A,Vehicle crime,Investigation complete; no suspect identified,
59ebc724c750b8a11a390925769cc9ef09370b1102648f381da26196ead8b3aa,2022-06,Cambridgeshire Constabulary,Cambridgeshire Constabulary,-0.252316,52.591688,On or near Gilpin Street,E01015603,Peterborough 010A,Violence and sexual offences,Unable to prosecute suspect,
4bab359f203a8ca6097e547c27337e720cc6fc624c3cf373ebfc0ae50a99e88f,2022-06,Cambridgeshire Constabulary,Cambridgeshire Constabulary,-0.250717,52.588455,On or near Harris Street,E01015603,Peterborough 010A,Violence and sexual offences,Investigation complete; no suspect identified,
c1312db064299a559e413a224492066ad38d3b628a17432c4824d9d9ada77e7e,2022-06,Cambridgeshire Constabulary,Cambridgeshire Constabulary,-0.253713,52.590333,On or near Sports/Recreation Area,E01015603,Peterborough 010A,Violence and sexual offences,Investigation complete; no suspect identified,
3a59c90e22783fd5fdbb7ad35b3392fb766d0fb1de9bf60609c92588e1f83020,2022-06,Cambridgeshire Constabulary,Cambridgeshire Constabulary,-0.262663,52.596570,On or near Shopping Area,E01015603,Peterborough 010A,Violence and sexual offences,Unable to prosecute suspect,
479b787c8979af316ab9a98f986a1731c2836fd55d2a4327729e4e58dfa182fe,2022-06,Cambridgeshire Constabulary,Cambridgeshire Constabulary,-0.264055,52.597588,On or near Soke Parkway,E01015603,Peterborough 010A,Violence and sexual offences,Unable to prosecute suspect,
644feda695f83daf994fc9b01ea662965fc6616c0137c86c7b1d4d474360a2f4,2022-06,Cambridgeshire Constabulary,Cambridgeshire Constabulary,-0.256843,52.591431,On or near Pedestrian Subway,E01015603,Peterborough 010A,Violence and sexual offences,Court result unavailable,
59b3cff00124449677474df253da53fe6b772ddcb208529c67477b4b5aecb7be,2022-06,Cambridgeshire Constabulary,Cambridgeshire Constabulary,-0.253049,52.589946,On or near Occupation Road,E01015603,Peterborough 010A,Violence and sexual offences,Unable to prosecute suspect,
b7ee3d63b59ed55c27914de5c4f2c472049f2c2e71d0d3b90cdb4a00e0d62f14,2022-06,Cambridgeshire Constabulary,Cambridgeshire Constabulary,-0.253713,52.590333,On or near Sports/Recreation Area,E01015603,Peterborough 010A,Violence and sexual offences,Investigation complete; no suspect identified,
b86104f0bc344f535eba8ca779605d3a7273f8b4dd8373c758e873caa47423f6,2022-06,Cambridgeshire Constabulary,Cambridgeshire Constabulary,-0.253049,52.589946,On or near Occupation Road,E01015603,Peterborough 010A,Other crime,Court result unavailable,
,2022-06,Cambridgeshire Constabulary,Cambridgeshire Constabulary,-0.252377,52.585692,On or near English Street,E01015604,Peterborough 010B,Anti-social behaviour,,
,2022-06,Cambridgeshire Constabulary,Cambridgeshire Constabulary,-0.253364,52.584259,On or near Pedestrian Subway,E01015604,Peterborough 010B,Anti-social behaviour,,
,2022-06,Cambridgeshire Constabulary,Cambridgeshire Constabulary,-0.252238,52.583631,On or near Pedestrian Subway,E01015604,Peterborough 010B,Anti-social behaviour,,
d136ecfcf9c251a31b9d2266c6f11ee5b18353b2f25d06d7d955a24e3257afe9,2022-06,Cambridgeshire Constabulary,Cambridgeshire Constabulary,-0.252377,52.585692,On or near English Street,E01015604,Peterborough 010B,Burglary,Investigation complete; no suspect identified,
c276a0c08830a5649cc36f65d2ca8a0bf8bd86c1b87be49fadaebcb18dde1300,2022-06,Cambridgeshire Constabulary,Cambridgeshire Constabulary,-0.253364,52.584259,On or near Pedestrian Subway,E01015604,Peterborough 010B,Drugs,Court result unavailable,
682880a487f0375c4738e36dc5b5d98079f4d56dccc7c73de2cc274ff169fa45,2022-06,Cambridgeshire Constabulary,Cambridgeshire Constabulary,-0.253364,52.584259,On or near Pedestrian Subway,E01015604,Peterborough 010B,Drugs,Unable to prosecute suspect,
7b690caabc90f9a47585dc5787d6dd195ab713f86c555c6d9edba4e5c21b9b42,2022-06,Cambridgeshire Constabulary,Cambridgeshire Constabulary,-0.252377,52.585692,On or near English Street,E01015604,Peterborough 010B,Public order,Unable to prosecute suspect,
14e80943a24cea0ed84d430e6ff978c12d33ba007dcbe297ecf05fac0f86985f,2022-06,Cambridgeshire Constabulary,Cambridgeshire Constabulary,-0.251404,52.588249,On or near Searjeant Street,E01015604,Peterborough 010B,Vehicle crime,Investigation complete; no suspect identified,
9c934841ffb7868729815cb55edb2e340c603e1c492726337a34d8cfacdff2b4,2022-06,Cambridgeshire Constabulary,Cambridgeshire Constabulary,-0.252777,52.586768,On or near Clarence Road,E01015604,Peterborough 010B,Violence and sexual offences,Unable to prosecute suspect,
0ddbb9a54da08f8cbdfa1bc4fcb4f1e5bd6fac6f800e15ee828ea8600343278d,2022-06,Cambridgeshire Constabulary,Cambridgeshire Constabulary,-0.252777,52.586768,On or near Clarence Road,E01015604,Peterborough 010B,Violence and sexual offences,Investigation complete; no suspect identified,
3f504d5a10f3371b78ff12b2dd2fa95b2471436fd4511b73435d54803ad42eff,2022-06,Cambridgeshire Constabulary,Cambridgeshire Constabulary,-0.248855,52.587771,On or near Parliament Street,E01015604,Peterborough 010B,Violence and sexual offences,Further action is not in the public interest,
c80624032a94999f33d48a47cce48e5eb94d1f1948d56668e8b65d37751980ab,2022-06,Cambridgeshire Constabulary,Cambridgeshire Constabulary,-0.252377,52.585692,On or near English Street,E01015604,Peterborough 010B,Violence and sexual offences,Unable to prosecute suspect,
05126beb58ed7df7c9de971a6987019fc77ae216056115c673a60517336685bd,2022-06,Cambridgeshire Constabulary,Cambridgeshire Constabulary,-0.252238,52.583631,On or near Pedestrian Subway,E01015604,Peterborough 010B,Violence and sexual offences,Unable to prosecute suspect,
e30ae3a98a2c36751663436c5ef28296bc41aa5037bd746f6e5d1a31223dcf20,2022-06,Cambridgeshire Constabulary,Cambridgeshire Constabulary,-0.252777,52.586768,On or near Clarence Road,E01015604,Peterborough 010B,Violence and sexual offences,Unable to prosecute suspect,
7fc998c7372cd5c529445152666ef9052428e702dfbb543985ff62179d8caacc,2022-06,Cambridgeshire Constabulary,Cambridgeshire Constabulary,-0.252777,52.586768,On or near Clarence Road,E01015604,Peterborough 010B,Violence and sexual offences,Investigation complete; no suspect identified,
35257f39151ee8439c969fa6f11a588ab48ced7ecec185b635907c080c521898,2022-06,Cambridgeshire Constabulary,Cambridgeshire Constabulary,-0.252777,52.586768,On or near Clarence Road,E01015604,Peterborough 010B,Violence and sexual offences,Unable to prosecute suspect,
,2022-06,Cambridgeshire Constabulary,Cambridgeshire Constabulary,-0.261895,52.597709,On or near A15,E01015632,Peterborough 010C,Anti-social behaviour,,
3d5c7505e68f84cc811deefe097e0a22addfe195c0940356bc1ed7b055c9307e,2022-06,Cambridgeshire Constabulary,Cambridgeshire Constabulary,-0.255347,52.592686,On or near Bourges Boulevard,E01015632,Peterborough 010C,Burglary,Court result unavailable,
dac279c64bc60ede0c4c3d20c858978fe0e62ab730bf57f6d630ba1b0c92ccf3,2022-06,Cambridgeshire Constabulary,Cambridgeshire Constabulary,-0.260441,52.595638,On or near Pedestrian Subway,E01015632,Peterborough 010C,Burglary,Unable to prosecute suspect,
f5afe0adec13b98824325c6294c73f88965db7aedf2399402a3128f94319e01b,2022-06,Cambridgeshire Constabulary,Cambridgeshire Constabulary,-0.255347,52.592686,On or near Bourges Boulevard,E01015632,Peterborough 010C,Other theft,Investigation complete; no suspect identified,
9de2c263c973aa76c5768483706f088bd5804e5fb848ef234d8969ddffa0a82a,2022-06,Cambridgeshire Constabulary,Cambridgeshire Constabulary,-0.261895,52.597709,On or near A15,E01015632,Peterborough 010C,Public order,Unable to prosecute suspect,
a5c186b2a7cb3d15d1c5a5ed7af1b19cfa5e095804dd4b61c0a8c28ae9cb85d0,2022-06,Cambridgeshire Constabulary,Cambridgeshire Constabulary,-0.252849,52.597585,On or near Dryden Road,E01015632,Peterborough 010C,Public order,Unable to prosecute suspect,
ca0ae76581bf71f4031bf691f6d1594fdbcfd801c0f9e83cfdddb6ef93e210d0,2022-06,Cambridgeshire Constabulary,Cambridgeshire Constabulary,-0.260441,52.595638,On or near Pedestrian Subway,E01015632,Peterborough 010C,Public order,Court result unavailable,
38aad9c2782a03cb011ecc5321907923719eed3dea19e90ed3e641cf2d56db54,2022-06,Cambridgeshire Constabulary,Cambridgeshire Constabulary,-0.257627,52.593268,On or near Brassey Close,E01015632,Peterborough 010C,Shoplifting,Investigation complete; no suspect identified,
ec535bbdddebe528a6d260e3323d369704cf54bb6170aaa8c442500f57afc714,2022-06,Cambridgeshire Constabulary,Cambridgeshire Constabulary,-0.255426,52.597381,On or near Crown Street,E01015632,Peterborough 010C,Vehicle crime,Unable to prosecute suspect,
a501bdb5d561f7c65f855247acbe8f02d458c5a47b0495e3c5b487cd072f5d6d,2022-06,Cambridgeshire Constabulary,Cambridgeshire Constabulary,-0.257627,52.593268,On or near Brassey Close,E01015632,Peterborough 010C,Violence and sexual offences,Unable to prosecute suspect,
ec426fffe7dda032a79fa57ba0c4816fd956adfd48633cf7f8ddc40ef9436bd6,2022-06,Cambridgeshire Constabulary,Cambridgeshire Constabulary,-0.258146,52.598428,On or near Gray Court,E01015632,Peterborough 010C,Violence and sexual offences,Unable to prosecute suspect,
2372d32d2d17324cdac1a4d6b7c7b95ddcfc3e680b9815e2ac0c0539785d693d,2022-06,Cambridgeshire Constabulary,Cambridgeshire Constabulary,-0.258605,52.595036,On or near Lincoln Road,E01015632,Peterborough 010C,Violence and sexual offences,Unable to prosecute suspect,
c6a3d2aeffd5781e8cedc819b4fa73d7def0e2d02d74a5e9f5a7c01190436e59,2022-06,Cambridgeshire Constabulary,Cambridgeshire Constabulary,-0.254674,52.596614,On or near Belham Road,E01015632,Peterborough 010C,Violence and sexual offences,Unable to prosecute suspect,
ab2e30b2472fb88a067e1522821b4205980708cc084c356e5756577571b473b2,2022-06,Cambridgeshire Constabulary,Cambridgeshire Constabulary,-0.254674,52.596614,On or near Belham Road,E01015632,Peterborough 010C,Violence and sexual offences,Unable to prosecute suspect,
b4e363a68dbfd22d176ac39d0f88334ecb74b84400f7a77054d752ce3614e6b1,2022-06,Cambridgeshire Constabulary,Cambridgeshire Constabulary,-0.258774,52.597834,On or near Keats Way,E01015632,Peterborough 010C,Violence and sexual offences,Unable to prosecute suspect,
3728cac06ed364ea1d25e0bc6d202c83639f9d0f2e2c20e78a9fded237200496,2022-06,Cambridgeshire Constabulary,Cambridgeshire Constabulary,-0.255426,52.597381,On or near Crown Street,E01015632,Peterborough 010C,Violence and sexual offences,Unable to prosecute suspect,
,2022-06,Cambridgeshire Constabulary,Cambridgeshire Constabulary,-0.266036,52.589301,On or near Gresley Way,E01015661,Peterborough 010D,Anti-social behaviour,,
,2022-06,Cambridgeshire Constabulary,Cambridgeshire Constabulary,-0.269615,52.591025,On or near Wicken Way,E01015661,Peterborough 010D,Anti-social behaviour,,
,2022-06,Cambridgeshire Constabulary,Cambridgeshire Constabulary,-0.273965,52.591520,On or near Bader Close,E01015661,Peterborough 010D,Anti-social behaviour,,
,2022-06,Cambridgeshire Constabulary,Cambridgeshire Constabulary,-0.269615,52.591025,On or near Wicken Way,E01015661,Peterborough 010D,Anti-social behaviour,,
46d82d8ca54ca5ccd8d9c168953a63307a34fca1f64949cfe855d1e84cda9700,2022-06,Cambridgeshire Constabulary,Cambridgeshire Constabulary,-0.267195,52.593993,On or near Ivatt Way,E01015661,Peterborough 010D,Burglary,Investigation complete; no suspect identified,
bef609cdd8ed416a8936a737ad0d6ddc54b3600dae070f970f69804e21d1163e,2022-06,Cambridgeshire Constabulary,Cambridgeshire Constabulary,-0.269615,52.591025,On or near Wicken Way,E01015661,Peterborough 010D,Burglary,Investigation complete; no suspect identified,
a9bc556656a44bfe08cd3709231a7e8a34f1dfc983def0e378aca233e3d225ed,2022-06,Cambridgeshire Constabulary,Cambridgeshire Constabulary,-0.271697,52.594769,On or near Odecroft,E01015661,Peterborough 010D,Criminal damage and arson,Investigation complete; no suspect identified,
d86dd46dcc0d9db9592b8e4845c340d77a627c8a445071c828202b498b7419c8,2022-06,Cambridgeshire Constabulary,Cambridgeshire Constabulary,-0.275274,52.592780,On or near Pendleton,E01015661,Peterborough 010D,Criminal damage and arson,Investigation complete; no suspect identified,
b8c50465f115dc19dc1f80ae230dbbe802ad90b8aad9fefa492757897c26d090,2022-06,Cambridgeshire Constabulary,Cambridgeshire Constabulary,-0.259256,52.583069,On or near Westfield Road,E01015661,Peterborough 010D,Drugs,Unable to prosecute suspect,
9a97286043b35debebf7f7941867eb4d8b3d4ce7550172a6bd80c12e46f604fc,2022-06,Cambridgeshire Constabulary,Cambridgeshire Constabulary,-0.259256,52.583069,On or near Westfield Road,E01015661,Peterborough 010D,Drugs,Court result unavailable,
2abdc981b3530f3604ef49743ec9a46734f538ce9bc16dfe642e6fef05bae6d4,2022-06,Cambridgeshire Constabulary,Cambridgeshire Constabulary,-0.266036,52.589301,On or near Gresley Way,E01015661,Peterborough 010D,Other theft,Investigation complete; no suspect identified,
cc2745a1164c0f81167b943047fe40536882dd69b6ed2da42498ecf5daf1d970,2022-06,Cambridgeshire Constabulary,Cambridgeshire Constabulary,-0.260197,52.586518,On or near Prison,E01015661,Peterborough 010D,Possession of weapons,Court result unavailable,
8417c8c7f534c8b113f88e821f4ccc3ebc127122e81e2f3812e1c203df331d4c,2022-06,Cambridgeshire Constabulary,Cambridgeshire Constabulary,-0.273965,52.591520,On or near Bader Close,E01015661,Peterborough 010D,Possession of weapons,Unable to prosecute suspect,
39d0ef4e681435c620c58e76008127836c50308544ccd882e183e6495c38f8b1,2022-06,Cambridgeshire Constabulary,Cambridgeshire Constabulary,-0.259256,52.583069,On or near Westfield Road,E01015661,Peterborough 010D,Public order,Unable to prosecute suspect,
d038c8bbb965e8af77e9ef50dae94f88241e98e86c2d8ad1d14b205f6e43a403,2022-06,Cambridgeshire Constabulary,Cambridgeshire Constabulary,-0.260197,52.586518,On or near Prison,E01015661,Peterborough 010D,Public order,Court result unavailable,
c33e663ded2a70d821c1e0b87100b21481d7f5630e706efe71085d1190d69101,2022-06,Cambridgeshire Constabulary,Cambridgeshire Constabulary,-0.269615,52.591025,On or near Wicken Way,E01015661,Peterborough 010D,Public order,Investigation complete; no suspect identified,
6b4f673334c487d493f5945d534c8b1d4c892041f3e9e25bc28801392651e1aa,2022-06,Cambridgeshire Constabulary,Cambridgeshire Constabulary,-0.260197,52.586518,On or near Prison,E01015661,Peterborough 010D,Public order,Court result unavailable,
342b3d5916a94fae2d681dcfb41d08a1474f8e3c349cffc6cb9e57dd38563285,2022-06,Cambridgeshire Constabulary,Cambridgeshire Constabulary,-0.269615,52.591025,On or near Wicken Way,E01015661,Peterborough 010D,Public order,Investigation complete; no suspect identified,
1d316f9dc43f3b35e2b3c30f3a3b2eb830ff41f611365bd4fac4a803985d0b43,2022-06,Cambridgeshire Constabulary,Cambridgeshire Constabulary,-0.260197,52.586518,On or near Prison,E01015661,Peterborough 010D,Public order,Unable to prosecute suspect,
c382cec7568f4d4edef13a8ab90d215590c96601a40e56f5061a457521b6bc71,2022-06,Cambridgeshire Constabulary,Cambridgeshire Constabulary,-0.275274,52.592780,On or near Pendleton,E01015661,Peterborough 010D,Public order,Unable to prosecute suspect,
1887098aef119a7c2bdbe1d0b96c09444354159c299e4dc5b71a5b7c8a145c5d,2022-06,Cambridgeshire Constabulary,Cambridgeshire Constabulary,-0.269615,52.591025,On or near Wicken Way,E01015661,Peterborough 010D,Shoplifting,Court result unavailable,
d8aa7c7859a63292a94cdcc2609c19c8a6a1b585694b9485e7d04334d1f3b327,2022-06,Cambridgeshire Constabulary,Cambridgeshire Constabulary,-0.271697,52.594769,On or near Odecroft,E01015661,Peterborough 010D,Vehicle crime,Investigation complete; no suspect identified,
0437999361fc6baf2b0c13c539ce5be515416a6e64e1036cf0b8a68077517263,2022-06,Cambridgeshire Constabulary,Cambridgeshire Constabulary,-0.259256,52.583069,On or near Westfield Road,E01015661,Peterborough 010D,Vehicle crime,Court result unavailable,
7287331f144ef92107a50e03a1049b024a5688327da961c188632c43fe50c4f2,2022-06,Cambridgeshire Constabulary,Cambridgeshire Constabulary,-0.260197,52.586518,On or near Prison,E01015661,Peterborough 010D,Violence and sexual offences,Unable to prosecute suspect,
5ccd7c0b246edec70c8f000aea07472c42e6dafd7522959b518ccd16df9b0eb1,2022-06,Cambridgeshire Constabulary,Cambridgeshire Constabulary,-0.260197,52.586518,On or near Prison,E01015661,Peterborough 010D,Violence and sexual offences,Unable to prosecute suspect,
42984d7a830e79c2e1a960274f7d0d724eb5e6555d1caea50f8adcec86efca07,2022-06,Cambridgeshire Constabulary,Cambridgeshire Constabulary,-0.264095,52.586116,On or near Saville Road,E01015661,Peterborough 010D,Violence and sexual offences,Unable to prosecute suspect,
85dac7a111b0a519bf645069475cf33e2d6f88247085eabadad66a560e9034a9,2022-06,Cambridgeshire Constabulary,Cambridgeshire Constabulary,-0.260197,52.586518,On or near Prison,E01015661,Peterborough 010D,Violence and sexual offences,Unable to prosecute suspect,
01e28449ba583a23bdac2bc3b914fc2bb1c4ecad75665c1129a8b221df74265d,2022-06,Cambridgeshire Constabulary,Cambridgeshire Constabulary,-0.269356,52.593476,On or near Brigstock Court,E01015661,Peterborough 010D,Violence and sexual offences,Unable to prosecute suspect,
cc566cad5541e016de3780f07bd446b8942f3b8380ac3250c3e33643ffc7b627,2022-06,Cambridgeshire Constabulary,Cambridgeshire Constabulary,-0.269356,52.593476,On or near Brigstock Court,E01015661,Peterborough 010D,Violence and sexual offences,Unable to prosecute suspect,
796662f3eba11df0645c786e88e253e9ec12fb73d65e8528843c645f784e144d,2022-06,Cambridgeshire Constabulary,Cambridgeshire Constabulary,-0.273965,52.591520,On or near Bader Close,E01015661,Peterborough 010D,Violence and sexual offences,Unable to prosecute suspect,
b2f08317ffebd00ae87ffc92914f8f91b85455f527abcc3b41f2dd1be7f09c32,2022-06,Cambridgeshire Constabulary,Cambridgeshire Constabulary,-0.269615,52.591025,On or near Wicken Way,E01015661,Peterborough 010D,Violence and sexual offences,Unable to prosecute suspect,
1aa69950bb08b8b0d65cb4f0e0ce33e7aa87123035bad0806e5152e8bc941415,2022-06,Cambridgeshire Constabulary,Cambridgeshire Constabulary,-0.260197,52.586518,On or near Prison,E01015661,Peterborough 010D,Violence and sexual offences,Unable to prosecute suspect,
f276cb87a3d91ea9a997e5ea5e9bc833289060cd53015cb9139afc3b6eba05ba,2022-06,Cambridgeshire Constabulary,Cambridgeshire Constabulary,-0.260197,52.586518,On or near Prison,E01015661,Peterborough 010D,Violence and sexual offences,Court result unavailable,
b62cc83e57b1b8b4512f7fd4b68be18f09f68c0ef7951d8e8f74bc4f0834bdf5,2022-06,Cambridgeshire Constabulary,Cambridgeshire Constabulary,-0.260197,52.586518,On or near Prison,E01015661,Peterborough 010D,Violence and sexual offences,Unable to prosecute suspect,
21dfe5b2dbac646989a6992c696ed427af1e425c33241d8df82e001315a96a0f,2022-06,Cambridgeshire Constabulary,Cambridgeshire Constabulary,-0.259256,52.583069,On or near Westfield Road,E01015661,Peterborough 010D,Violence and sexual offences,Unable to prosecute suspect,
9aeb9ec401a611455f200270061869a0dee6b9d42af7077342142845a6f2b829,2022-06,Cambridgeshire Constabulary,Cambridgeshire Constabulary,-0.269615,52.591025,On or near Wicken Way,E01015661,Peterborough 010D,Violence and sexual offences,Unable to prosecute suspect,
40238139494506bb8d48ad1990c41116aa54871dc6de283526d72a10a7b8b052,2022-06,Cambridgeshire Constabulary,Cambridgeshire Constabulary,-0.260197,52.586518,On or near Prison,E01015661,Peterborough 010D,Violence and sexual offences,Unable to prosecute suspect,
84e94c29f89e2f8d8d3ac655bf8d7da79fb25e1683892fa985d45d8b728c1652,2022-06,Cambridgeshire Constabulary,Cambridgeshire Constabulary,-0.260197,52.586518,On or near Prison,E01015661,Peterborough 010D,Violence and sexual offences,Unable to prosecute suspect,
c28a0b47a43aac15caaed1e8311130428831a6f32bf5f3385843b911092292e0,2022-06,Cambridgeshire Constabulary,Cambridgeshire Constabulary,-0.260197,52.586518,On or near Prison,E01015661,Peterborough 010D,Other crime,Unable to prosecute suspect,
e0a6c66ed0b35545232a933cb9f447ae96442d589da5275bd25c9586e526642d,2022-06,Cambridgeshire Constabulary,Cambridgeshire Constabulary,-0.259256,52.583069,On or near Westfield Road,E01015661,Peterborough 010D,Other crime,Unable to prosecute suspect,
f6d4bbce4c039a1094e044260a43549b7e565535017dcc0786cf78192f5fb23c,2022-06,Cambridgeshire Constabulary,Cambridgeshire Constabulary,-0.260197,52.586518,On or near Prison,E01015661,Peterborough 010D,Other crime,Formal action is not in the public interest,
eea1f369bb10671fedfd72681ae639435493f5b84013a98ae942034e4eebb411,2022-06,Cambridgeshire Constabulary,Cambridgeshire Constabulary,-0.260197,52.586518,On or near Prison,E01015661,Peterborough 010D,Other crime,Unable to prosecute suspect,
907ed0cd700d2330ae4d375294efb07bc102639c3dd6dcfd3f7ec7ad82f745c0,2022-06,Cambridgeshire Constabulary,Cambridgeshire Constabulary,-0.260197,52.586518,On or near Prison,E01015661,Peterborough 010D,Other crime,Unable to prosecute suspect,
,2022-06,Cambridgeshire Constabulary,Cambridgeshire Constabulary,-0.265413,52.599478,On or near Shopping Area,E01015677,Peterborough 010E,Anti-social behaviour,,
,2022-06,Cambridgeshire Constabulary,Cambridgeshire Constabulary,-0.265413,52.599478,On or near Shopping Area,E01015677,Peterborough 010E,Anti-social behaviour,,
1302d5dba9c4c0081d125a2b85ef5a51580da26602c79264298fec95ff427373,2022-06,Cambridgeshire Constabulary,Cambridgeshire Constabulary,-0.264614,52.602137,On or near South View Road,E01015677,Peterborough 010E,Burglary,Status update unavailable,
3a9cbbc02732d0fa582bf3bd2ecf2f43188ed9716e54ad35d45013d7598300d2,2022-06,Cambridgeshire Constabulary,Cambridgeshire Constabulary,-0.265413,52.599478,On or near Shopping Area,E01015677,Peterborough 010E,Burglary,Investigation complete; no suspect identified,
bc5658e0b1ca82568acdda91bb63d4e4d6971a3ed76e52e40a3418f8445e2485,2022-06,Cambridgeshire Constabulary,Cambridgeshire Constabulary,-0.263777,52.601630,On or near Council Street,E01015677,Peterborough 010E,Burglary,Unable to prosecute suspect,
004c33824ef3db1be9f61b66774d6d1c65b4a76bbeffb0b3491d1576b429875d,2022-06,Cambridgeshire Constabulary,Cambridgeshire Constabulary,-0.263777,52.601630,On or near Council Street,E01015677,Peterborough 010E,Burglary,Investigation complete; no suspect identified,
d192cd83582daf7094572c17518e2689ad7dc2924a5ca19b50b584bc59ccab69,2022-06,Cambridgeshire Constabulary,Cambridgeshire Constabulary,-0.260061,52.600398,On or near Montagu Road,E01015677,Peterborough 010E,Burglary,Investigation complete; no suspect identified,
33905e5993942170e07ab6fb093c7853eb1dfb478af6c85f20cd633f10ead78e,2022-06,Cambridgeshire Constabulary,Cambridgeshire Constabulary,-0.265413,52.599478,On or near Shopping Area,E01015677,Peterborough 010E,Other theft,Investigation complete; no suspect identified,
f94563864a9574bd1f03ab4a04e163c6cf4b2c640b3d3a7fb48ec8e70ea86c3e,2022-06,Cambridgeshire Constabulary,Cambridgeshire Constabulary,-0.265413,52.599478,On or near Shopping Area,E01015677,Peterborough 010E,Other theft,Investigation complete; no suspect identified,
9fc9c0a1e29452192150216bc94439ca9c62a858934647067a710988ac5b6e5c,2022-06,Cambridgeshire Constabulary,Cambridgeshire Constabulary,-0.265413,52.599478,On or near Shopping Area,E01015677,Peterborough 010E,Other theft,Investigation complete; no suspect identified,
47f4d691948da47e535d5f1ad0b348f59bd17233888d5cf7d273fe463d9d8dfe,2022-06,Cambridgeshire Constabulary,Cambridgeshire Constabulary,-0.265413,52.599478,On or near Shopping Area,E01015677,Peterborough 010E,Other theft,Investigation complete; no suspect identified,
18472b9b5ba9d1b7a8c3d09a06f89fca7f1006309a2367a6c20a0f1d3eacd4e0,2022-06,Cambridgeshire Constabulary,Cambridgeshire Constabulary,-0.265413,52.599478,On or near Shopping Area,E01015677,Peterborough 010E,Other theft,Investigation complete; no suspect identified,
2bc2e218904156e226c91855e8c22df04343333a322d48e1ea42c805cacb20a6,2022-06,Cambridgeshire Constabulary,Cambridgeshire Constabulary,-0.263777,52.601630,On or near Council Street,E01015677,Peterborough 010E,Public order,Investigation complete; no suspect identified,
758c7a8e4a21f35e1f88840db0ce00cd82d509a74f6b2f956087c0ed4cf1ba19,2022-06,Cambridgeshire Constabulary,Cambridgeshire Constabulary,-0.263777,52.601630,On or near Council Street,E01015677,Peterborough 010E,Shoplifting,Investigation complete; no suspect identified,
8237f83d492935815eaa3c2d59773697498a0fbba9c04ea50c5761d36a0f77de,2022-06,Cambridgeshire Constabulary,Cambridgeshire Constabulary,-0.265413,52.599478,On or near Shopping Area,E01015677,Peterborough 010E,Shoplifting,Investigation complete; no suspect identified,
8922744f4a8ea15fa89e1bca5e1631948a35a41ef7f95ecd5bbb8815f3e9eebc,2022-06,Cambridgeshire Constabulary,Cambridgeshire Constabulary,-0.265413,52.599478,On or near Shopping Area,E01015677,Peterborough 010E,Shoplifting,Unable to prosecute suspect,
5b7dd5b1ce1709d17858213bcb1dd37672b4e70f7f5169cd482b67c71962e0df,2022-06,Cambridgeshire Constabulary,Cambridgeshire Constabulary,-0.265413,52.599478,On or near Shopping Area,E01015677,Peterborough 010E,Shoplifting,Court result unavailable,
c0865aed71298dda2d69f597c1fdc7d23f6ee30c8694681ea847b0ba9ea775c4,2022-06,Cambridgeshire Constabulary,Cambridgeshire Constabulary,-0.265413,52.599478,On or near Shopping Area,E01015677,Peterborough 010E,Shoplifting,Unable to prosecute suspect,
257b43c83e985c8d3c87bfa54d45e3be34234785708530d7b06d44104d012a8c,2022-06,Cambridgeshire Constabulary,Cambridgeshire Constabulary,-0.265413,52.599478,On or near Shopping Area,E01015677,Peterborough 010E,Shoplifting,Court result unavailable,
f46c2f3b77f1562bd165318fc9c303a5d99166acaba8914c69a88e70a0b5ff33,2022-06,Cambridgeshire Constabulary,Cambridgeshire Constabulary,-0.265413,52.599478,On or near Shopping Area,E01015677,Peterborough 010E,Shoplifting,Investigation complete; no suspect identified,
9c281d60902570b9c52c39e1c63696c90be1b89fc62491801642c89ea5a0a200,2022-06,Cambridgeshire Constabulary,Cambridgeshire Constabulary,-0.265413,52.599478,On or near Shopping Area,E01015677,Peterborough 010E,Theft from the person,Investigation complete; no suspect identified,
d45f44cabc8fec738bceb1ea02e2d40f9920d4fe4a1172905a8d31a876076ccf,2022-06,Cambridgeshire Constabulary,Cambridgeshire Constabulary,-0.265413,52.599478,On or near Shopping Area,E01015677,Peterborough 010E,Violence and sexual offences,Investigation complete; no suspect identified,
89572d7102294dfd04bce6b28ed4c5a409d8f52fa5f847eeb518c73d17a73ab5,2022-06,Cambridgeshire Constabulary,Cambridgeshire Constabulary,-0.265413,52.599478,On or near Shopping Area,E01015677,Peterborough 010E,Violence and sexual offences,Investigation complete; no suspect identified,
dc4a354c6977c38a4032c5112ba62449bfa6bb2f3e0f18a6a2138db9b6232309,2022-06,Cambridgeshire Constabulary,Cambridgeshire Constabulary,-0.265413,52.599478,On or near Shopping Area,E01015677,Peterborough 010E,Violence and sexual offences,Investigation complete; no suspect identified,
be594864c3072f2bdd5d6f5ca2d06dd12d9832e6d819c77979fa2a77881e839d,2022-06,Cambridgeshire Constabulary,Cambridgeshire Constabulary,-0.260061,52.600398,On or near Montagu Road,E01015677,Peterborough 010E,Violence and sexual offences,Further action is not in the public interest,
2218cdd371aa088d2033d2ef7d0a7800f9891ef2bd23c4a389a341a6d5b158ac,2022-06,Cambridgeshire Constabulary,Cambridgeshire Constabulary,-0.265413,52.599478,On or near Shopping Area,E01015677,Peterborough 010E,Violence and sexual offences,Unable to prosecute suspect,
037e7a254fad1eeea1d22219f5b4adf332bc8d6d77d81871d0a352b27529c161,2022-06,Cambridgeshire Constabulary,Cambridgeshire Constabulary,-0.290903,52.595578,On or near Westhawe,E01015591,Peterborough 011A,Burglary,Investigation complete; no suspect identified,
5d8b5d0cf1938487ba86e160574631261db2fcc8136d04a9671ab0308701618f,2022-06,Cambridgeshire Constabulary,Cambridgeshire Constabulary,-0.290903,52.595578,On or near Westhawe,E01015591,Peterborough 011A,Other theft,Investigation complete; no suspect identified,
7fbd4fa7c96e1c21f6219bafd864f435f0aa92e6696b96138166e351847de21c,2022-06,Cambridgeshire Constabulary,Cambridgeshire Constabulary,-0.289082,52.599867,On or near Pedestrian Subway,E01015591,Peterborough 011A,Violence and sexual offences,Court result unavailable,
ecf3a0452daa682ae05e2666290a8e0dac6b1a942a232e6824f84f7a0c04b67e,2022-06,Cambridgeshire Constabulary,Cambridgeshire Constabulary,-0.289082,52.599867,On or near Pedestrian Subway,E01015591,Peterborough 011A,Violence and sexual offences,Court result unavailable,
d394d03644bb23ee06b6d2e631816da5954a09825a5b964dc4c19b8f06177f14,2022-06,Cambridgeshire Constabulary,Cambridgeshire Constabulary,-0.289082,52.599867,On or near Pedestrian Subway,E01015591,Peterborough 011A,Violence and sexual offences,Court result unavailable,
2de02bc4e5578c0921102d75c4c8fa98e49d766c479a1e591fbdf986a19e716a,2022-06,Cambridgeshire Constabulary,Cambridgeshire Constabulary,-0.289082,52.599867,On or near Pedestrian Subway,E01015591,Peterborough 011A,Violence and sexual offences,Court result unavailable,
e0abad173c8d61af383abb0cf5c136f50546f703ed2418851fb7bd99396005cd,2022-06,Cambridgeshire Constabulary,Cambridgeshire Constabulary,-0.290685,52.602318,On or near Dunsberry,E01015591,Peterborough 011A,Other crime,Further action is not in the public interest,
a2addae8e2935350c5fa8d32889dd42fd604f0283d1153d6133787f9076cd133,2022-06,Cambridgeshire Constabulary,Cambridgeshire Constabulary,-0.287093,52.600522,On or near Kirkmeadow,E01015591,Peterborough 011A,Other crime,Investigation complete; no suspect identified,
,2022-06,Cambridgeshire Constabulary,Cambridgeshire Constabulary,-0.286644,52.598771,On or near Essendyke,E01015592,Peterborough 011B,Anti-social behaviour,,
a9c55962cd4dd1a8253ee81e731dff825c081f706649fe1b0fd61fce6a5a78af,2022-06,Cambridgeshire Constabulary,Cambridgeshire Constabulary,-0.286644,52.598771,On or near Essendyke,E01015592,Peterborough 011B,Other theft,Investigation complete; no suspect identified,
4bfb3097ca26016846b3188ccefe8c58dc6e28eb7b616673506d1a0369cbd241,2022-06,Cambridgeshire Constabulary,Cambridgeshire Constabulary,-0.285829,52.595829,On or near Eyrescroft,E01015592,Peterborough 011B,Public order,Unable to prosecute suspect,
e408cb722ec8a62439b0c3c2a5a22decc20f8c878b1250ea218b674185b4c413,2022-06,Cambridgeshire Constabulary,Cambridgeshire Constabulary,-0.285829,52.595829,On or near Eyrescroft,E01015592,Peterborough 011B,Public order,Unable to prosecute suspect,
0e275fd6407c63250ec2c2163c8ef4fda753b7a27567ad0b0b915846058394a5,2022-06,Cambridgeshire Constabulary,Cambridgeshire Constabulary,-0.285829,52.595829,On or near Eyrescroft,E01015592,Peterborough 011B,Vehicle crime,Investigation complete; no suspect identified,
52df7a0eb529602dfd01d33e9d33bba8f2d0087e6ea064105a4218d5ebfaec06,2022-06,Cambridgeshire Constabulary,Cambridgeshire Constabulary,-0.276846,52.598611,On or near Pyhill,E01015592,Peterborough 011B,Violence and sexual offences,Investigation complete; no suspect identified,
5328ecbf852b4fd35654db17f6b4a4afe4d6cdb01d15f24a004765db06907e9e,2022-06,Cambridgeshire Constabulary,Cambridgeshire Constabulary,-0.285829,52.595829,On or near Eyrescroft,E01015592,Peterborough 011B,Violence and sexual offences,Unable to prosecute suspect,
,2022-06,Cambridgeshire Constabulary,Cambridgeshire Constabulary,-0.284202,52.588720,On or near Parking Area,E01015594,Peterborough 011C,Anti-social behaviour,,
,2022-06,Cambridgeshire Constabulary,Cambridgeshire Constabulary,-0.284534,52.591935,On or near Flaxland,E01015594,Peterborough 011C,Anti-social behaviour,,
,2022-06,Cambridgeshire Constabulary,Cambridgeshire Constabulary,-0.283334,52.589786,On or near Theatre/Concert Hall,E01015594,Peterborough 011C,Anti-social behaviour,,
373403a095fb27d68c36596ab5779531baecdb2e4d9a8c03cd4978aa5d44436c,2022-06,Cambridgeshire Constabulary,Cambridgeshire Constabulary,-0.280484,52.590941,On or near Pedestrian Subway,E01015594,Peterborough 011C,Bicycle theft,Investigation complete; no suspect identified,
9672c3c51c2924c6969203ce5c7317948745956a9fea57883622269efb94bb09,2022-06,Cambridgeshire Constabulary,Cambridgeshire Constabulary,-0.284534,52.591935,On or near Flaxland,E01015594,Peterborough 011C,Bicycle theft,Investigation complete; no suspect identified,
dcc4d11bf6e74790adf23171ee718a5b1c7338b3093456d20dfc19375e0e1a54,2022-06,Cambridgeshire Constabulary,Cambridgeshire Constabulary,-0.283334,52.589786,On or near Theatre/Concert Hall,E01015594,Peterborough 011C,Bicycle theft,Investigation complete; no suspect identified,
80ea1f6ab795df7982354593c5a786ffeb8594cc9e04d200819e11d815b0d024,2022-06,Cambridgeshire Constabulary,Cambridgeshire Constabulary,-0.283334,52.589786,On or near Theatre/Concert Hall,E01015594,Peterborough 011C,Burglary,Investigation complete; no suspect identified,
d84854575365700e5158804480e542175772faed1b0b830e1c0a36d95eb20fb5,2022-06,Cambridgeshire Constabulary,Cambridgeshire Constabulary,-0.283334,52.589786,On or near Theatre/Concert Hall,E01015594,Peterborough 011C,Burglary,Investigation complete; no suspect identified,
bb440a54ea720f62cf3add313d9168cb85ba9c022d75a1069fa57ec45030d595,2022-06,Cambridgeshire Constabulary,Cambridgeshire Constabulary,-0.287912,52.585951,On or near Deerleap,E01015594,Peterborough 011C,Burglary,Investigation complete; no suspect identified,
e6048c0f7291df456938b83cdd41c2721f78fe32e2c79cc3190a76c960c781fc,2022-06,Cambridgeshire Constabulary,Cambridgeshire Constabulary,-0.284202,52.588720,On or near Parking Area,E01015594,Peterborough 011C,Criminal damage and arson,Investigation complete; no suspect identified,
0d59eb96fc3c3e31e690a718f2cf3132ae36612475a4b87a0e6b9bc6d54fe5a4,2022-06,Cambridgeshire Constabulary,Cambridgeshire Constabulary,-0.284202,52.588720,On or near Parking Area,E01015594,Peterborough 011C,Criminal damage and arson,Local resolution,
db9032baea82a36c6288d8ef0ab25cb08e1160721c6d0ec2c88756711c6031c1,2022-06,Cambridgeshire Constabulary,Cambridgeshire Constabulary,-0.284202,52.588720,On or near Parking Area,E01015594,Peterborough 011C,Criminal damage and arson,Investigation complete; no suspect identified,
fe5d4dfa8ecc4a87702d0f307c30da43a9c7726a09bc9bcd90f870a880dfae11,2022-06,Cambridgeshire Constabulary,Cambridgeshire Constabulary,-0.280380,52.593592,On or near Sports/Recreation Area,E01015594,Peterborough 011C,Criminal damage and arson,Investigation complete; no suspect identified,
d65590f482e7fa5b3dcb2e82c9195fa22846bbb16fd483933bc61f58ed022a95,2022-06,Cambridgeshire Constabulary,Cambridgeshire Constabulary,-0.284202,52.588720,On or near Parking Area,E01015594,Peterborough 011C,Criminal damage and arson,Local resolution,
fe9b1898a859a257691c243edd4b63481777f1bab8cf039c4e7507d9d57c7fb9,2022-06,Cambridgeshire Constabulary,Cambridgeshire Constabulary,-0.284202,52.588720,On or near Parking Area,E01015594,Peterborough 011C,Criminal damage and arson,Investigation complete; no suspect identified,
4138b74ad99666f2c2221f2578dda2315847554064d2762dfcc738cc9dac6ff5,2022-06,Cambridgeshire Constabulary,Cambridgeshire Constabulary,-0.284202,52.588720,On or near Parking Area,E01015594,Peterborough 011C,Criminal damage and arson,Investigation complete; no suspect identified,
f5482d1683c5cd0d2f7eb30cc8f55072a45754394ce38b0efbac797b7129eb7d,2022-06,Cambridgeshire Constabulary,Cambridgeshire Constabulary,-0.284202,52.588720,On or near Parking Area,E01015594,Peterborough 011C,Criminal damage and arson,Investigation complete; no suspect identified,
feaff11729c3c3f29f75966a03dd5cc9ae0be0dda1ccf5748e74f817baccbd2e,2022-06,Cambridgeshire Constabulary,Cambridgeshire Constabulary,-0.284534,52.591935,On or near Flaxland,E01015594,Peterborough 011C,Drugs,Court result unavailable,
29fb0ff58d11ca33169bcb2aba35bb367b9d441a0499e37453b3351ee996abbd,2022-06,Cambridgeshire Constabulary,Cambridgeshire Constabulary,-0.283507,52.586112,On or near School Close,E01015594,Peterborough 011C,Other theft,Investigation complete; no suspect identified,
9c85ef85b346b0e244fa81efc6a457aea4b890687aaf3b329a67595461f395fc,2022-06,Cambridgeshire Constabulary,Cambridgeshire Constabulary,-0.283507,52.586112,On or near School Close,E01015594,Peterborough 011C,Other theft,Investigation complete; no suspect identified,
1692ca6bc82d13ba490651e702f4ee2587dacbb3b3310e701ae9c00e3b08ef80,2022-06,Cambridgeshire Constabulary,Cambridgeshire Constabulary,-0.284534,52.591935,On or near Flaxland,E01015594,Peterborough 011C,Other theft,Investigation complete; no suspect identified,
b25be8ec22c811a3210f5027300cba383e42603b8ee08df79a8e07b361a4c86c,2022-06,Cambridgeshire Constabulary,Cambridgeshire Constabulary,-0.280484,52.590941,On or near Pedestrian Subway,E01015594,Peterborough 011C,Public order,Investigation complete; no suspect identified,
eb76adf0171a5a8efd34438f4f2a268641d0329cfdd8e06269972d72783545a3,2022-06,Cambridgeshire Constabulary,Cambridgeshire Constabulary,-0.284663,52.592782,On or near Benland,E01015594,Peterborough 011C,Public order,Further action is not in the public interest,
f1fa54f88e7d7b052675f5f71417a891030218c83f85f18885146eed1eddc69a,2022-06,Cambridgeshire Constabulary,Cambridgeshire Constabulary,-0.284202,52.588720,On or near Parking Area,E01015594,Peterborough 011C,Public order,Investigation complete; no suspect identified,
851bba58faceac0f778f1a561471800a38b78042df75cd362e13428b49b6b541,2022-06,Cambridgeshire Constabulary,Cambridgeshire Constabulary,-0.284534,52.591935,On or near Flaxland,E01015594,Peterborough 011C,Public order,Investigation complete; no suspect identified,
8511ac15d3d016ba9b85dd3b6961d95e2281b53cbf0ff559fe7fb6616bc75e3d,2022-06,Cambridgeshire Constabulary,Cambridgeshire Constabulary,-0.284534,52.591935,On or near Flaxland,E01015594,Peterborough 011C,Public order,Investigation complete; no suspect identified,
cc1a5fc26bf7f6a3d0f9008410e22a1f121e978b59b6d66f56c3fa0726ebde82,2022-06,Cambridgeshire Constabulary,Cambridgeshire Constabulary,-0.283334,52.589786,On or near Theatre/Concert Hall,E01015594,Peterborough 011C,Public order,Investigation complete; no suspect identified,
8c3660e4b808084e948031ec66d803a66af8d9d328e02cbb2a5284c8ed07cf64,2022-06,Cambridgeshire Constabulary,Cambridgeshire Constabulary,-0.284202,52.588720,On or near Parking Area,E01015594,Peterborough 011C,Public order,Investigation complete; no suspect identified,
2dc8bc97f4582637ad56458e1a8021a14c66b6d8929da375fc62d1401f1987fb,2022-06,Cambridgeshire Constabulary,Cambridgeshire Constabulary,-0.280484,52.590941,On or near Pedestrian Subway,E01015594,Peterborough 011C,Public order,Investigation complete; no suspect identified,
1c047d3f3016062baf7cc50b2d8c570086b743ba273e25d8ffcfafeb86feec04,2022-06,Cambridgeshire Constabulary,Cambridgeshire Constabulary,-0.284202,52.588720,On or near Parking Area,E01015594,Peterborough 011C,Shoplifting,Court result unavailable,
52893ca5cc0ebcd8d79595398587b9b14a7305587e3ab661b4282ca67e226211,2022-06,Cambridgeshire Constabulary,Cambridgeshire Constabulary,-0.284534,52.591935,On or near Flaxland,E01015594,Peterborough 011C,Shoplifting,Unable to prosecute suspect,
ee8a2526db1e2a5e520cba41b82ddb652d9eb9c8580e95937aa30557dffdc830,2022-06,Cambridgeshire Constabulary,Cambridgeshire Constabulary,-0.284202,52.588720,On or near Parking Area,E01015594,Peterborough 011C,Shoplifting,Court result unavailable,
0b7d17522fe437bed8f99af133dea847d17a41ec59da2d8df7afdea7f6b83941,2022-06,Cambridgeshire Constabulary,Cambridgeshire Constabulary,-0.284534,52.591935,On or near Flaxland,E01015594,Peterborough 011C,Shoplifting,Court result unavailable,
64d9a7139839f3bf28a439e2b0c43dbb984c0f3810b6b2aba51175c70349dd11,2022-06,Cambridgeshire Constabulary,Cambridgeshire Constabulary,-0.284202,52.588720,On or near Parking Area,E01015594,Peterborough 011C,Shoplifting,Court result unavailable,
a0d97e2fb95a7eb5f7044e874f0012894605b6737a2a9199e3828e9f35767c59,2022-06,Cambridgeshire Constabulary,Cambridgeshire Constabulary,-0.284534,52.591935,On or near Flaxland,E01015594,Peterborough 011C,Shoplifting,Court result unavailable,
8147431c9b5aa3c277e74fcfa31da0ad56733460ce5270b55d8d3c322325e963,2022-06,Cambridgeshire Constabulary,Cambridgeshire Constabulary,-0.284534,52.591935,On or near Flaxland,E01015594,Peterborough 011C,Shoplifting,Unable to prosecute suspect,
79aed08e7f31f25657be1bdace56ae896fe3d92f0c45fa48d4b1b1c0395d2b38,2022-06,Cambridgeshire Constabulary,Cambridgeshire Constabulary,-0.284202,52.588720,On or near Parking Area,E01015594,Peterborough 011C,Shoplifting,Investigation complete; no suspect identified,
70862880927a102dd2c13f5c975f072d9e1535911b6119a883833f03ad32d489,2022-06,Cambridgeshire Constabulary,Cambridgeshire Constabulary,-0.284202,52.588720,On or near Parking Area,E01015594,Peterborough 011C,Shoplifting,Court result unavailable,
671d5f9420d9d6683d512676b52338668d507cb2efd1bf521e6b86d5ee866144,2022-06,Cambridgeshire Constabulary,Cambridgeshire Constabulary,-0.284202,52.588720,On or near Parking Area,E01015594,Peterborough 011C,Shoplifting,Court result unavailable,
e6dba10efb739a4803e0334571758211bfbeb35693a4fa74f6752d209a740282,2022-06,Cambridgeshire Constabulary,Cambridgeshire Constabulary,-0.284202,52.588720,On or near Parking Area,E01015594,Peterborough 011C,Shoplifting,Court result unavailable,
b287203c7992b2bb34e7447d9fbbd7129e203b533c7aad7a5f5dab4239bcb5eb,2022-06,Cambridgeshire Constabulary,Cambridgeshire Constabulary,-0.284202,52.588720,On or near Parking Area,E01015594,Peterborough 011C,Shoplifting,Court result unavailable,
c2920bf0ceebb38b6076d03aebcbd36cf55f378a3a86b7e9b2211114fd5a9dba,2022-06,Cambridgeshire Constabulary,Cambridgeshire Constabulary,-0.284202,52.588720,On or near Parking Area,E01015594,Peterborough 011C,Shoplifting,Court result unavailable,
dbb89f885192888c1cacee7d6c64ae36c2d5ca64cb21f825848f3a9d952e1e37,2022-06,Cambridgeshire Constabulary,Cambridgeshire Constabulary,-0.284202,52.588720,On or near Parking Area,E01015594,Peterborough 011C,Shoplifting,Court result unavailable,
543ff30a175d12894c0fe1619845372e0e156f21fc8a7d62cd70005cfd1f1e8c,2022-06,Cambridgeshire Constabulary,Cambridgeshire Constabulary,-0.284202,52.588720,On or near Parking Area,E01015594,Peterborough 011C,Shoplifting,Court result unavailable,
6a5ab3be2e35cea4d1ebf456551fcb2a093e5ce53160706f16421873bcfeda48,2022-06,Cambridgeshire Constabulary,Cambridgeshire Constabulary,-0.284663,52.592782,On or near Benland,E01015594,Peterborough 011C,Violence and sexual offences,Local resolution,
18ba3b6e788d82c44c6c9a0d4b358e9cd95e3f9c7f950352bfa84bd89be5f2b8,2022-06,Cambridgeshire Constabulary,Cambridgeshire Constabulary,-0.283324,52.585120,On or near Cleatham,E01015594,Peterborough 011C,Violence and sexual offences,Local resolution,
5515ebe0125d4888d4113b4c7257c3b9ad63ed3db37203e2ffb5f07bd4adcfde,2022-06,Cambridgeshire Constabulary,Cambridgeshire Constabulary,-0.284534,52.591935,On or near Flaxland,E01015594,Peterborough 011C,Violence and sexual offences,Unable to prosecute suspect,
8e807987dfc8ad65c07031f7a0bccb61abba57eccf75b5b195806caf82dffd69,2022-06,Cambridgeshire Constabulary,Cambridgeshire Constabulary,-0.283324,52.585120,On or near Cleatham,E01015594,Peterborough 011C,Violence and sexual offences,Local resolution,
408f01dfcef63adda89f63769b36908e152768c31163b8c0e125632f23426dd8,2022-06,Cambridgeshire Constabulary,Cambridgeshire Constabulary,-0.284534,52.591935,On or near Flaxland,E01015594,Peterborough 011C,Violence and sexual offences,Investigation complete; no suspect identified,
51cdbdfaccf145dbe50fb5bde04091499fd5fe0670f04333432e4a910a9dc580,2022-06,Cambridgeshire Constabulary,Cambridgeshire Constabulary,-0.284663,52.592782,On or near Benland,E01015594,Peterborough 011C,Violence and sexual offences,Court result unavailable,
43b67df14d1b048b09a4305c6c9982c9c1c2fafd79a207669b4d0559fa414162,2022-06,Cambridgeshire Constabulary,Cambridgeshire Constabulary,-0.283629,52.587894,On or near Pedestrian Subway,E01015594,Peterborough 011C,Violence and sexual offences,Unable to prosecute suspect,
f212361a4d28bd28256bf1a851039a3b958976ef9214230c39b5b31eb21bc3c5,2022-06,Cambridgeshire Constabulary,Cambridgeshire Constabulary,-0.284663,52.592782,On or near Benland,E01015594,Peterborough 011C,Violence and sexual offences,Unable to prosecute suspect,
32d640e99bb678c20a1bbf3250656064631a9316c708f15bc52ef3a2e7155271,2022-06,Cambridgeshire Constabulary,Cambridgeshire Constabulary,-0.284202,52.588720,On or near Parking Area,E01015594,Peterborough 011C,Violence and sexual offences,Investigation complete; no suspect identified,
9a64b53052ece5cdbcb0bf8d3e4804859abe19039a90a562d4b38d52c253c1a7,2022-06,Cambridgeshire Constabulary,Cambridgeshire Constabulary,-0.284202,52.588720,On or near Parking Area,E01015594,Peterborough 011C,Violence and sexual offences,Unable to prosecute suspect,
6b398743123d4de166472d7b5b5b24d7820ea20758707d28fd33574c0fe9d508,2022-06,Cambridgeshire Constabulary,Cambridgeshire Constabulary,-0.283334,52.589786,On or near Theatre/Concert Hall,E01015594,Peterborough 011C,Violence and sexual offences,Investigation complete; no suspect identified,
f9bc8ab3109ba73f8379d0740e99779b75cfa3eb98146b47a99783ba8f838fbe,2022-06,Cambridgeshire Constabulary,Cambridgeshire Constabulary,-0.284663,52.592782,On or near Benland,E01015594,Peterborough 011C,Violence and sexual offences,Court result unavailable,
6a5d5834fb16e05a080966a83bc693520903693f49a92d9ac13f840693023f51,2022-06,Cambridgeshire Constabulary,Cambridgeshire Constabulary,-0.284534,52.591935,On or near Flaxland,E01015594,Peterborough 011C,Violence and sexual offences,Unable to prosecute suspect,
12880a5028f5839cf2a774ab74b704a724b2e3829711dcfe1bc267a128e382cf,2022-06,Cambridgeshire Constabulary,Cambridgeshire Constabulary,-0.283324,52.585120,On or near Cleatham,E01015594,Peterborough 011C,Violence and sexual offences,Action to be taken by another organisation,
8fa58d5f422dceb2670571a41a81c1adf9721a613e544b2862c1dc3d560021ba,2022-06,Cambridgeshire Constabulary,Cambridgeshire Constabulary,-0.283324,52.585120,On or near Cleatham,E01015594,Peterborough 011C,Violence and sexual offences,Unable to prosecute suspect,
80f85fa22f509653b61671c3302bc9337a99e4cceb35fdd000e9a98468c01ac1,2022-06,Cambridgeshire Constabulary,Cambridgeshire Constabulary,-0.284663,52.592782,On or near Benland,E01015594,Peterborough 011C,Violence and sexual offences,Unable to prosecute suspect,
b7d0b659c84b0e368c491e03c44921e96b106348437e91ab3e6c6e38c4fa5d28,2022-06,Cambridgeshire Constabulary,Cambridgeshire Constabulary,-0.283324,52.585120,On or near Cleatham,E01015594,Peterborough 011C,Violence and sexual offences,Action to be taken by another organisation,
0cbe37d86411229bb1d6b04949b67ce98b3f2ed345084ee0ba3ca52784c63bd4,2022-06,Cambridgeshire Constabulary,Cambridgeshire Constabulary,-0.283334,52.589786,On or near Theatre/Concert Hall,E01015594,Peterborough 011C,Violence and sexual offences,Unable to prosecute suspect,
f6e878b137ebb9b8894a83f30d2f9aab9d93e27c97b68f2f57123a0743805eb3,2022-06,Cambridgeshire Constabulary,Cambridgeshire Constabulary,-0.284202,52.588720,On or near Parking Area,E01015594,Peterborough 011C,Violence and sexual offences,Investigation complete; no suspect identified,
ef113e364cb84b1e18d09bb101f648d9d9eb236735cdfe873b63fa1528d4ae24,2022-06,Cambridgeshire Constabulary,Cambridgeshire Constabulary,-0.288043,52.587526,On or near King Henry Chase,E01015594,Peterborough 011C,Violence and sexual offences,Investigation complete; no suspect identified,
1434efc760f4c67a55b02ff3d865430b29be9af172c726e4eea853b622e252ae,2022-06,Cambridgeshire Constabulary,Cambridgeshire Constabulary,-0.284202,52.588720,On or near Parking Area,E01015594,Peterborough 011C,Violence and sexual offences,Investigation complete; no suspect identified,
0928be63d1bf4bbdefd47f1c79ca86b88e8f587ab0490ee318ce322bc1829347,2022-06,Cambridgeshire Constabulary,Cambridgeshire Constabulary,-0.283324,52.585120,On or near Cleatham,E01015594,Peterborough 011C,Violence and sexual offences,Unable to prosecute suspect,
,2022-06,Cambridgeshire Constabulary,Cambridgeshire Constabulary,-0.286857,52.582726,On or near Parking Area,E01015595,Peterborough 011D,Anti-social behaviour,,
,2022-06,Cambridgeshire Constabulary,Cambridgeshire Constabulary,-0.285897,52.583863,On or near Drayton,E01015595,Peterborough 011D,Anti-social behaviour,,
,2022-06,Cambridgeshire Constabulary,Cambridgeshire Constabulary,-0.285897,52.583863,On or near Drayton,E01015595,Peterborough 011D,Anti-social behaviour,,
9f401620a64f5eb9e6351f754ba8aefcfc0fab1928784603898eacf92576c686,2022-06,Cambridgeshire Constabulary,Cambridgeshire Constabulary,-0.285897,52.583863,On or near Drayton,E01015595,Peterborough 011D,Criminal damage and arson,Unable to prosecute suspect,
a7707cf3de1e88d9d3ba52671135ef1e5d0bcc48dfd0b65fbccd0f52982da228,2022-06,Cambridgeshire Constabulary,Cambridgeshire Constabulary,-0.286857,52.582726,On or near Parking Area,E01015595,Peterborough 011D,Drugs,Formal action is not in the public interest,
22d13de35124e7503ea2257abca3705d5a69202adca211613cf43e42757266b3,2022-06,Cambridgeshire Constabulary,Cambridgeshire Constabulary,-0.286857,52.582726,On or near Parking Area,E01015595,Peterborough 011D,Drugs,Court result unavailable,
0397eb51e8e322dbd0a6c1b78f8a772863e95765bd5af70b21d0326d9f910692,2022-06,Cambridgeshire Constabulary,Cambridgeshire Constabulary,-0.286857,52.582726,On or near Parking Area,E01015595,Peterborough 011D,Other theft,Unable to prosecute suspect,
906ac646bf35b8fcdac4c2f3992c2bf4e9e7de7afaa1ce9b7dbda807fbd439a7,2022-06,Cambridgeshire Constabulary,Cambridgeshire Constabulary,-0.285897,52.583863,On or near Drayton,E01015595,Peterborough 011D,Public order,Unable to prosecute suspect,
fa735f8b8c77cc94ae975f02fc41862c052ac9731ea69e39b958a4d861e9256e,2022-06,Cambridgeshire Constabulary,Cambridgeshire Constabulary,-0.290873,52.582694,On or near Sprignall,E01015595,Peterborough 011D,Vehicle crime,Investigation complete; no suspect identified,
162f7dab97d3da8f92e09e7b9c8280a45afb2aad7c6e83078432c46c9a2298d4,2022-06,Cambridgeshire Constabulary,Cambridgeshire Constabulary,-0.286857,52.582726,On or near Parking Area,E01015595,Peterborough 011D,Violence and sexual offences,Unable to prosecute suspect,
b67340623895b40e32c0711719d10a17a5dddff9ee1003b66d59ab8c1204c1e6,2022-06,Cambridgeshire Constabulary,Cambridgeshire Constabulary,-0.285897,52.583863,On or near Drayton,E01015595,Peterborough 011D,Violence and sexual offences,Unable to prosecute suspect,
2c2a20f7fc4513429918a3f0e283e86d330dde83288c8d67e1141ee76fa05922,2022-06,Cambridgeshire Constabulary,Cambridgeshire Constabulary,-0.286857,52.582726,On or near Parking Area,E01015595,Peterborough 011D,Violence and sexual offences,Investigation complete; no suspect identified,
1e7ae384a8ef08b85de9195e8578884b1651b8618baf9a85659b87edd2d9e4da,2022-06,Cambridgeshire Constabulary,Cambridgeshire Constabulary,-0.286857,52.582726,On or near Parking Area,E01015595,Peterborough 011D,Violence and sexual offences,Unable to prosecute suspect,
20c111872739610995cd0ee3c36cac163fb4c54775c68d3da2d14d230537f821,2022-06,Cambridgeshire Constabulary,Cambridgeshire Constabulary,-0.286857,52.582726,On or near Parking Area,E01015595,Peterborough 011D,Violence and sexual offences,Investigation complete; no suspect identified,
192d51c8a79f7a92f14f0adcbdd39f2211b444b491e90901d71c6253de05a872,2022-06,Cambridgeshire Constabulary,Cambridgeshire Constabulary,-0.286857,52.582726,On or near Parking Area,E01015595,Peterborough 011D,Violence and sexual offences,Unable to prosecute suspect,
c99f1fc19ff7b7bd62fdf800adaf4a2d5fd8018e25cb10c6536bee1791e35fcc,2022-06,Cambridgeshire Constabulary,Cambridgeshire Constabulary,-0.285897,52.583863,On or near Drayton,E01015595,Peterborough 011D,Violence and sexual offences,Unable to prosecute suspect,
5e350e779adaa7bf15d36a9dc8e81786571ad553f05b14baa3131aae5b0b4ed2,2022-06,Cambridgeshire Constabulary,Cambridgeshire Constabulary,-0.286857,52.582726,On or near Parking Area,E01015595,Peterborough 011D,Violence and sexual offences,Court result unavailable,
4f6da32dad019b3b9d1ba0058ee5b10ab6edd027ac6d86855b5791a6d65db74d,2022-06,Cambridgeshire Constabulary,Cambridgeshire Constabulary,-0.291225,52.583508,On or near Muskham,E01015595,Peterborough 011D,Violence and sexual offences,Investigation complete; no suspect identified,
dc01953943d39bd4093b0a155fc96e5e9a429f86e343ba09df7a5b1e018f033a,2022-06,Cambridgeshire Constabulary,Cambridgeshire Constabulary,-0.286857,52.582726,On or near Parking Area,E01015595,Peterborough 011D,Violence and sexual offences,Court result unavailable,
,2022-06,Cambridgeshire Constabulary,Cambridgeshire Constabulary,-0.284979,52.581305,On or near Greenham,E01015597,Peterborough 011E,Anti-social behaviour,,
a02bd254f4943b415b6e238f91b8c2ae26ec0cf6d49051aac446781cf4e46c93,2022-06,Cambridgeshire Constabulary,Cambridgeshire Constabulary,-0.286652,52.579270,On or near Tirrington,E01015597,Peterborough 011E,Other theft,Investigation complete; no suspect identified,
4b6d6e3c12f375943a470d9117b8d52d223cc0fc0faa8c3bb92aed6772546fc0,2022-06,Cambridgeshire Constabulary,Cambridgeshire Constabulary,-0.287094,52.581183,On or near Goffsmill,E01015597,Peterborough 011E,Other theft,Unable to prosecute suspect,
5ce4da12e82f6e9229e7250c7fd338f40b2af1a3756202ec64c742f912074c25,2022-06,Cambridgeshire Constabulary,Cambridgeshire Constabulary,-0.289909,52.580918,On or near Nicholas Taylor Gardens,E01015597,Peterborough 011E,Vehicle crime,Investigation complete; no suspect identified,
c0de86cade3b5844794d2e2d662318d1ac5a48780d37e4882cb0baa80b5ab286,2022-06,Cambridgeshire Constabulary,Cambridgeshire Constabulary,-0.288134,52.577988,On or near Manton,E01015597,Peterborough 011E,Violence and sexual offences,Unable to prosecute suspect,
f7d9ad82a54d40a16824a270181270999df345de54f2b130860a40733d480708,2022-06,Cambridgeshire Constabulary,Cambridgeshire Constabulary,-0.288134,52.577988,On or near Manton,E01015597,Peterborough 011E,Violence and sexual offences,Unable to prosecute suspect,
955bf9a22595353700a31d701b3e56d6ebade22a6e8614d24896ecf8d2d8574c,2022-06,Cambridgeshire Constabulary,Cambridgeshire Constabulary,-0.288134,52.577988,On or near Manton,E01015597,Peterborough 011E,Violence and sexual offences,Unable to prosecute suspect,
e9effacbfc6d8474ba439075dc55ccf73ffd9779b78a7fcd96a7bdc1b7639fe3,2022-06,Cambridgeshire Constabulary,Cambridgeshire Constabulary,-0.286652,52.579270,On or near Tirrington,E01015597,Peterborough 011E,Violence and sexual offences,Unable to prosecute suspect,
17ff896fd256887f2da79c71ef09756ec64a7d7bb4463cfa2de36f4821a23a98,2022-06,Cambridgeshire Constabulary,Cambridgeshire Constabulary,-0.288134,52.577988,On or near Manton,E01015597,Peterborough 011E,Violence and sexual offences,Unable to prosecute suspect,
28e067583983aa35811a777a28eab646f6fdc3e855fcbca7f78e1b3cdac8cd65,2022-06,Cambridgeshire Constabulary,Cambridgeshire Constabulary,-0.288134,52.577988,On or near Manton,E01015597,Peterborough 011E,Violence and sexual offences,Unable to prosecute suspect,
3db0076a7e27a9c0ebb8890031c4ef9f422ce889fd1dbf61afd6e7a05eaa79d3,2022-06,Cambridgeshire Constabulary,Cambridgeshire Constabulary,-0.289909,52.580918,On or near Nicholas Taylor Gardens,E01015597,Peterborough 011E,Violence and sexual offences,Status update unavailable,
,2022-06,Cambridgeshire Constabulary,Cambridgeshire Constabulary,-0.244785,52.584339,On or near Green Lane,E01015601,Peterborough 012A,Anti-social behaviour,,
,2022-06,Cambridgeshire Constabulary,Cambridgeshire Constabulary,-0.249588,52.586038,On or near Springfield Road,E01015601,Peterborough 012A,Anti-social behaviour,,
,2022-06,Cambridgeshire Constabulary,Cambridgeshire Constabulary,-0.246513,52.582819,On or near Norfolk Street,E01015601,Peterborough 012A,Anti-social behaviour,,
,2022-06,Cambridgeshire Constabulary,Cambridgeshire Constabulary,-0.243791,52.584082,On or near Green Lane,E01015601,Peterborough 012A,Anti-social behaviour,,
,2022-06,Cambridgeshire Constabulary,Cambridgeshire Constabulary,-0.246513,52.582819,On or near Norfolk Street,E01015601,Peterborough 012A,Anti-social behaviour,,
,2022-06,Cambridgeshire Constabulary,Cambridgeshire Constabulary,-0.248597,52.585358,On or near Cambridge Avenue,E01015601,Peterborough 012A,Anti-social behaviour,,
f238b13ff4bea1d91eeb05aadaa8c38572d9bd49998b81f83d2910c3273550af,2022-06,Cambridgeshire Constabulary,Cambridgeshire Constabulary,-0.243791,52.584082,On or near Green Lane,E01015601,Peterborough 012A,Criminal damage and arson,Investigation complete; no suspect identified,
4872b2a78a4e8c290c45a08af6d5e4b3cb1a7f48cc68c83531be23ad795d5be9,2022-06,Cambridgeshire Constabulary,Cambridgeshire Constabulary,-0.243952,52.583392,On or near Dogsthorpe Road,E01015601,Peterborough 012A,Criminal damage and arson,Investigation complete; no suspect identified,
ecd2cbfb59ec1f0e0d9da5516cd91ebb628088e316f8b1ea8eafe7240b295bcc,2022-06,Cambridgeshire Constabulary,Cambridgeshire Constabulary,-0.246513,52.582819,On or near Norfolk Street,E01015601,Peterborough 012A,Criminal damage and arson,Investigation complete; no suspect identified,
bd51cf9cd1c816efa522bea17dc39bbd27696f5fe013892df775f70ae52ea3e7,2022-06,Cambridgeshire Constabulary,Cambridgeshire Constabulary,-0.248597,52.585358,On or near Cambridge Avenue,E01015601,Peterborough 012A,Criminal damage and arson,Investigation complete; no suspect identified,
42fbb54bb95e8dedafa474f4f75841cfc74b3a28de176b681917238a580d752d,2022-06,Cambridgeshire Constabulary,Cambridgeshire Constabulary,-0.250042,52.582790,On or near Bamber Street,E01015601,Peterborough 012A,Criminal damage and arson,Unable to prosecute suspect,
62869c5a496af0ea4c9139744f923b3304221e195180e5139806b5f14067e926,2022-06,Cambridgeshire Constabulary,Cambridgeshire Constabulary,-0.245732,52.584650,On or near Lincoln Road,E01015601,Peterborough 012A,Drugs,Offender given a caution,
0d9d3bfcdaff0a50609f53802ae308736bb4b740a40eec42246fcfaa07c8ab88,2022-06,Cambridgeshire Constabulary,Cambridgeshire Constabulary,-0.245732,52.584650,On or near Lincoln Road,E01015601,Peterborough 012A,Other theft,Investigation complete; no suspect identified,
c76a967fd6909c21e7f981241a1a43a61702d8a5e297946a9836148b14a1fc47,2022-06,Cambridgeshire Constabulary,Cambridgeshire Constabulary,-0.246788,52.586284,On or near Petrol Station,E01015601,Peterborough 012A,Other theft,Unable to prosecute suspect,
561aaa613c06e0e6badb2cd528495c6137ee85e7ab4efa27207f128d0fe97ff9,2022-06,Cambridgeshire Constabulary,Cambridgeshire Constabulary,-0.244785,52.584339,On or near Green Lane,E01015601,Peterborough 012A,Public order,Investigation complete; no suspect identified,
f04cd02a112e251689a64046366776cd847483fbfa7a4728880248cb74551fe0,2022-06,Cambridgeshire Constabulary,Cambridgeshire Constabulary,-0.246899,52.586843,On or near Supermarket,E01015601,Peterborough 012A,Public order,Investigation complete; no suspect identified,
b65d9854025e582dcbcbe4343a0ac491dd56f7aa1d02dd85bddca2c1e91d5d3a,2022-06,Cambridgeshire Constabulary,Cambridgeshire Constabulary,-0.246899,52.586843,On or near Supermarket,E01015601,Peterborough 012A,Shoplifting,Investigation complete; no suspect identified,
409e0c5feb9bd5a8fe23b52073179c57b2584d7b21503de32b1d4109f86fc217,2022-06,Cambridgeshire Constabulary,Cambridgeshire Constabulary,-0.246899,52.586843,On or near Supermarket,E01015601,Peterborough 012A,Theft from the person,Investigation complete; no suspect identified,
912ce15a7da73590e2a010a3ce515201fbb4de39cb1a387f6ca679db606a26fb,2022-06,Cambridgeshire Constabulary,Cambridgeshire Constabulary,-0.243952,52.583392,On or near Dogsthorpe Road,E01015601,Peterborough 012A,Theft from the person,Unable to prosecute suspect,
025690e5d95f8e365e099c625fd1a9ffc1d495f09faed51523d85e6caa8f1e9e,2022-06,Cambridgeshire Constabulary,Cambridgeshire Constabulary,-0.248597,52.585358,On or near Cambridge Avenue,E01015601,Peterborough 012A,Vehicle crime,Investigation complete; no suspect identified,
a140910ef2cb7f5d8f9d63bfd0102689c399e6f310aa9641a068abe53ecf31d2,2022-06,Cambridgeshire Constabulary,Cambridgeshire Constabulary,-0.246513,52.582819,On or near Norfolk Street,E01015601,Peterborough 012A,Violence and sexual offences,Unable to prosecute suspect,
5d394949ab7f3e9896ce88c333ce7333f029b64053d8bc2336f5f3ab0300d0f5,2022-06,Cambridgeshire Constabulary,Cambridgeshire Constabulary,-0.250042,52.582790,On or near Bamber Street,E01015601,Peterborough 012A,Violence and sexual offences,Unable to prosecute suspect,
abd4e809961970bd69e8e10de0096395fcecc0765e3c5d1a11b1ec612a41f5e0,2022-06,Cambridgeshire Constabulary,Cambridgeshire Constabulary,-0.249588,52.586038,On or near Springfield Road,E01015601,Peterborough 012A,Violence and sexual offences,Further action is not in the public interest,
231a45313ac904e07c7edf66685f715d7bc33ccf62cf89a464c8a6be3d076655,2022-06,Cambridgeshire Constabulary,Cambridgeshire Constabulary,-0.245732,52.584650,On or near Lincoln Road,E01015601,Peterborough 012A,Violence and sexual offences,Unable to prosecute suspect,
bc17d634ad571ce566e2e2a1a5c54b8d7a0b0023d622f5cb1ed1389fd41a9ba4,2022-06,Cambridgeshire Constabulary,Cambridgeshire Constabulary,-0.248597,52.585358,On or near Cambridge Avenue,E01015601,Peterborough 012A,Violence and sexual offences,Status update unavailable,
0e1bfdeb8eb45ec1507686d3a6c6548678893e0ea4410b93a7d10d8457da3e26,2022-06,Cambridgeshire Constabulary,Cambridgeshire Constabulary,-0.243952,52.583392,On or near Dogsthorpe Road,E01015601,Peterborough 012A,Violence and sexual offences,Unable to prosecute suspect,
3f56da0d756525ee57db436758b1c04fa77644d49dcddfd1e25d48a7cdc83656,2022-06,Cambridgeshire Constabulary,Cambridgeshire Constabulary,-0.248597,52.585358,On or near Cambridge Avenue,E01015601,Peterborough 012A,Violence and sexual offences,Court result unavailable,
0593a2b6d8ac8b54c00f88928c85f472ce3c836c69e260860d5fc831b4459f92,2022-06,Cambridgeshire Constabulary,Cambridgeshire Constabulary,-0.249588,52.586038,On or near Springfield Road,E01015601,Peterborough 012A,Violence and sexual offences,Further action is not in the public interest,
5f7049b9f289b400c4010e2d9def06dbecdeed3fa72eb69de6cf93266297f37c,2022-06,Cambridgeshire Constabulary,Cambridgeshire Constabulary,-0.246033,52.581903,On or near Lime Tree Avenue,E01015601,Peterborough 012A,Violence and sexual offences,Unable to prosecute suspect,
edcbdde6a8445d40a15f8973b7d35c7cc0ad346ab5d66d8e56bbc8232665e628,2022-06,Cambridgeshire Constabulary,Cambridgeshire Constabulary,-0.243791,52.584082,On or near Green Lane,E01015601,Peterborough 012A,Violence and sexual offences,Unable to prosecute suspect,
7e9c1d5e700c8a33fc4dd8b42347417f4ef7f18ebd5c3b542bf851136d8cac85,2022-06,Cambridgeshire Constabulary,Cambridgeshire Constabulary,-0.246033,52.581903,On or near Lime Tree Avenue,E01015601,Peterborough 012A,Violence and sexual offences,Unable to prosecute suspect,
cda6a4285cc957e5a67a576d6ba5dd0a1a196103a30e76a5d8f77a4cf8f967a2,2022-06,Cambridgeshire Constabulary,Cambridgeshire Constabulary,-0.246033,52.581903,On or near Lime Tree Avenue,E01015601,Peterborough 012A,Violence and sexual offences,Unable to prosecute suspect,
e026ece6a8cede723f40c67c4fed7759e39bd902da95a80c293e441bef8acbdb,2022-06,Cambridgeshire Constabulary,Cambridgeshire Constabulary,-0.243791,52.584082,On or near Green Lane,E01015601,Peterborough 012A,Violence and sexual offences,Unable to prosecute suspect,
da008739bd0650a0670b315954157ac9804e4eeacf8c95c2a40350eb7ab25581,2022-06,Cambridgeshire Constabulary,Cambridgeshire Constabulary,-0.246788,52.586284,On or near Petrol Station,E01015601,Peterborough 012A,Violence and sexual offences,Unable to prosecute suspect,
be0d925b16bbd3826c8736234692bfc24954663b4340d4803fb7b42f49bdb7f8,2022-06,Cambridgeshire Constabulary,Cambridgeshire Constabulary,-0.243952,52.583392,On or near Dogsthorpe Road,E01015601,Peterborough 012A,Violence and sexual offences,Investigation complete; no suspect identified,
43fd3207db7cd57e54a91c630facd116dee1c46fb142c9218c5f491f208430b4,2022-06,Cambridgeshire Constabulary,Cambridgeshire Constabulary,-0.248597,52.585358,On or near Cambridge Avenue,E01015601,Peterborough 012A,Violence and sexual offences,Court result unavailable,
bdde40e8bb95dab1cdad0c4ffc73f159940fc9c474dc41ab57900df301ccc76d,2022-06,Cambridgeshire Constabulary,Cambridgeshire Constabulary,-0.248597,52.585358,On or near Cambridge Avenue,E01015601,Peterborough 012A,Violence and sexual offences,Unable to prosecute suspect,
a2ef03983d4ff767820d5798365ebe4fdedcdebcd538d19d36f38706358a5af2,2022-06,Cambridgeshire Constabulary,Cambridgeshire Constabulary,-0.246513,52.582819,On or near Norfolk Street,E01015601,Peterborough 012A,Violence and sexual offences,Unable to prosecute suspect,
e9f819d98ca89cee5dfb78fa898c4cdf38a810c1ba2bddeb19a6faaf2ff815dd,2022-06,Cambridgeshire Constabulary,Cambridgeshire Constabulary,-0.246513,52.582819,On or near Norfolk Street,E01015601,Peterborough 012A,Violence and sexual offences,Status update unavailable,
c0ecde878ab21fb61f402d5e5c9afc9f2cf28bcfb744d513e4fe6e17326a21b8,2022-06,Cambridgeshire Constabulary,Cambridgeshire Constabulary,-0.246033,52.581903,On or near Lime Tree Avenue,E01015601,Peterborough 012A,Violence and sexual offences,Unable to prosecute suspect,
5b8df03a6d70666e8312b725119b49c373d43058be3a04cc545a36a3f821f9d9,2022-06,Cambridgeshire Constabulary,Cambridgeshire Constabulary,-0.250042,52.582790,On or near Bamber Street,E01015601,Peterborough 012A,Violence and sexual offences,Status update unavailable,
9b7b5e130faef0b1a23ba153ef821dc501910502cdeefe2c2959b793b3a0d8e7,2022-06,Cambridgeshire Constabulary,Cambridgeshire Constabulary,-0.246788,52.586284,On or near Petrol Station,E01015601,Peterborough 012A,Violence and sexual offences,Unable to prosecute suspect,
c0459a78da16a55083c83ff8c0370b827b1b12c85b57ee359cc9e66cbc88d3e7,2022-06,Cambridgeshire Constabulary,Cambridgeshire Constabulary,-0.246899,52.586843,On or near Supermarket,E01015601,Peterborough 012A,Violence and sexual offences,Unable to prosecute suspect,
9d040c17a708ca6626285df71060879675dce8c5bd34404127f69369d2551723,2022-06,Cambridgeshire Constabulary,Cambridgeshire Constabulary,-0.246899,52.586843,On or near Supermarket,E01015601,Peterborough 012A,Violence and sexual offences,Unable to prosecute suspect,
f9c22eca7bed847e6ac1026ed387fe67bd38e860447172f3efcca8a305bff1b3,2022-06,Cambridgeshire Constabulary,Cambridgeshire Constabulary,-0.246033,52.581903,On or near Lime Tree Avenue,E01015601,Peterborough 012A,Violence and sexual offences,Unable to prosecute suspect,
0fd85e8617ef4592830952d3bd61099f85fa0a8957c3e9aa2811f897565d1260,2022-06,Cambridgeshire Constabulary,Cambridgeshire Constabulary,-0.246033,52.581903,On or near Lime Tree Avenue,E01015601,Peterborough 012A,Violence and sexual offences,Status update unavailable,
801d26bbabc86d3a9644a812d205771eda0012c6029d8f7cb60ecea0ed0cbf16,2022-06,Cambridgeshire Constabulary,Cambridgeshire Constabulary,-0.249588,52.586038,On or near Springfield Road,E01015601,Peterborough 012A,Other crime,Unable to prosecute suspect,
1336db2dea6e04527114e67ff22775c99a50c6d92bfa6b222da421f8a2a0c4f3,2022-06,Cambridgeshire Constabulary,Cambridgeshire Constabulary,-0.243791,52.584082,On or near Green Lane,E01015601,Peterborough 012A,Other crime,Unable to prosecute suspect,
ddf0be29036874f9e4c35a6f9bd49b1b688f7991d6aeb3d8ecace039c3517ce1,2022-06,Cambridgeshire Constabulary,Cambridgeshire Constabulary,-0.243145,52.595068,On or near Lawn Avenue,E01015651,Peterborough 012B,Other theft,Investigation complete; no suspect identified,
c3ee18283361bd2ef51d757ec0000a939bb070ae5905374c77e5186576a27b0a,2022-06,Cambridgeshire Constabulary,Cambridgeshire Constabulary,-0.244124,52.593123,On or near Peveril Road,E01015651,Peterborough 012B,Public order,Investigation complete; no suspect identified,
1cab10861d808e74e5d8369a2d7d97e03b05551f6fdd313413b0537405e21a89,2022-06,Cambridgeshire Constabulary,Cambridgeshire Constabulary,-0.246558,52.595766,On or near St Pauls Road,E01015651,Peterborough 012B,Shoplifting,Court result unavailable,
c79ab052fa9e0e387158c71410a92b1eaaf3f01bda720e8e42cc2433af663dee,2022-06,Cambridgeshire Constabulary,Cambridgeshire Constabulary,-0.246558,52.595766,On or near St Pauls Road,E01015651,Peterborough 012B,Vehicle crime,Investigation complete; no suspect identified,
905310c8a4608d886db5ef9c9f92c881389ffc2376a892f84bcee3468f469043,2022-06,Cambridgeshire Constabulary,Cambridgeshire Constabulary,-0.237677,52.593728,On or near Sports/Recreation Area,E01015651,Peterborough 012B,Vehicle crime,Investigation complete; no suspect identified,
a241be1cf98a19860d58c80271b9d043fec4f967b2fecf0abd4b09ac0fd048b1,2022-06,Cambridgeshire Constabulary,Cambridgeshire Constabulary,-0.243145,52.595068,On or near Lawn Avenue,E01015651,Peterborough 012B,Violence and sexual offences,Unable to prosecute suspect,
25439d1c5026cb679def7037d8055f983a7693efbd2b8f0d8fd0d3a85f2e606f,2022-06,Cambridgeshire Constabulary,Cambridgeshire Constabulary,-0.243145,52.595068,On or near Lawn Avenue,E01015651,Peterborough 012B,Violence and sexual offences,Unable to prosecute suspect,
e9f2d1690f07e8be6858965b04c433cd9a1f64a0857313859fd2a67045a2583c,2022-06,Cambridgeshire Constabulary,Cambridgeshire Constabulary,-0.244124,52.593123,On or near Peveril Road,E01015651,Peterborough 012B,Violence and sexual offences,Local resolution,
0d9ee07300114f658bf8ce6e9e7addf5670567db5b97a223abd7c092524e4ffc,2022-06,Cambridgeshire Constabulary,Cambridgeshire Constabulary,-0.236401,52.592792,On or near Sports/Recreation Area,E01015651,Peterborough 012B,Violence and sexual offences,Court result unavailable,
,2022-06,Cambridgeshire Constabulary,Cambridgeshire Constabulary,-0.246215,52.588820,On or near Oxford Road,E01015652,Peterborough 012C,Anti-social behaviour,,
,2022-06,Cambridgeshire Constabulary,Cambridgeshire Constabulary,-0.246628,52.590292,On or near Alexandra Road,E01015652,Peterborough 012C,Anti-social behaviour,,
d09a8131f5a943a36490b14b6522cc6840c599de5650394493646fb10119495e,2022-06,Cambridgeshire Constabulary,Cambridgeshire Constabulary,-0.246592,52.587873,On or near Supermarket,E01015652,Peterborough 012C,Other theft,Investigation complete; no suspect identified,
8f7217cecc2def2ef16b79f3f8bb2badceb3c4b84f84fe0e1827b9110d3146a5,2022-06,Cambridgeshire Constabulary,Cambridgeshire Constabulary,-0.246770,52.593414,On or near Vere Road,E01015652,Peterborough 012C,Other theft,Unable to prosecute suspect,
8220fa912384f0739df45f5cd2e1af5014e3ade6d5b403dd9d05b73635f9e052,2022-06,Cambridgeshire Constabulary,Cambridgeshire Constabulary,-0.247749,52.588474,On or near Bus/Coach Station,E01015652,Peterborough 012C,Public order,Unable to prosecute suspect,
d5ac311747d63fb154922813fe4c26f441755ce60d4c92bd0db073aaec5d9303,2022-06,Cambridgeshire Constabulary,Cambridgeshire Constabulary,-0.246592,52.587873,On or near Supermarket,E01015652,Peterborough 012C,Vehicle crime,Court result unavailable,
767a6003dfbfa4cfac15ffc8b69583c699fb76e3940823a1eeb2db2c9fa42c99,2022-06,Cambridgeshire Constabulary,Cambridgeshire Constabulary,-0.246592,52.587873,On or near Supermarket,E01015652,Peterborough 012C,Vehicle crime,Investigation complete; no suspect identified,
9e0c6139bd54551e6e9e7a235d96bdf20f2446e8a971bfc64438ea7ad2131a0a,2022-06,Cambridgeshire Constabulary,Cambridgeshire Constabulary,-0.246592,52.587873,On or near Supermarket,E01015652,Peterborough 012C,Vehicle crime,Status update unavailable,
3cae183f7529c54352ea959b496f4ae123e4af50e0f9c20bcf937d1beae24a25,2022-06,Cambridgeshire Constabulary,Cambridgeshire Constabulary,-0.247749,52.588474,On or near Bus/Coach Station,E01015652,Peterborough 012C,Violence and sexual offences,Unable to prosecute suspect,
9a8bdffb66e5a60ea63a68b43cb1b02ac0bd4e3162c001467a6aa5e29c59cc4e,2022-06,Cambridgeshire Constabulary,Cambridgeshire Constabulary,-0.247749,52.588474,On or near Bus/Coach Station,E01015652,Peterborough 012C,Violence and sexual offences,Unable to prosecute suspect,
dd52d4be70a22cd237a193e2051f2afb451e47220c6f027b4b462dfde64fcfa8,2022-06,Cambridgeshire Constabulary,Cambridgeshire Constabulary,-0.247749,52.588474,On or near Bus/Coach Station,E01015652,Peterborough 012C,Violence and sexual offences,Unable to prosecute suspect,
477403f2643f90ae6dffeeddcbae1c7e3cede2d822ece38bf59760725970f216,2022-06,Cambridgeshire Constabulary,Cambridgeshire Constabulary,-0.246130,52.591687,On or near Northfield Road,E01015652,Peterborough 012C,Violence and sexual offences,Local resolution,
e42971825bfcf2f5b899909ba0ae0b9a62dd9e1df0db59528f367bead75d1759,2022-06,Cambridgeshire Constabulary,Cambridgeshire Constabulary,-0.246130,52.591687,On or near Northfield Road,E01015652,Peterborough 012C,Violence and sexual offences,Local resolution,
de74138fb809a5fa5a96b5c7c6a6f901dd5606d816e9b9c12694af7775a91151,2022-06,Cambridgeshire Constabulary,Cambridgeshire Constabulary,-0.246130,52.591687,On or near Northfield Road,E01015652,Peterborough 012C,Other crime,Further investigation is not in the public interest,
,2022-06,Cambridgeshire Constabulary,Cambridgeshire Constabulary,-0.236008,52.589702,On or near Grimshaw Road,E01015653,Peterborough 012D,Anti-social behaviour,,
,2022-06,Cambridgeshire Constabulary,Cambridgeshire Constabulary,-0.235280,52.590195,On or near Chain Close,E01015653,Peterborough 012D,Anti-social behaviour,,
,2022-06,Cambridgeshire Constabulary,Cambridgeshire Constabulary,-0.224999,52.587785,On or near Delamere Close,E01015653,Peterborough 012D,Anti-social behaviour,,
,2022-06,Cambridgeshire Constabulary,Cambridgeshire Constabulary,-0.235280,52.590195,On or near Chain Close,E01015653,Peterborough 012D,Anti-social behaviour,,
cd63c90180f64356388865acf04cc632e4e8df36c1f9602a07000091f72a7d8a,2022-06,Cambridgeshire Constabulary,Cambridgeshire Constabulary,-0.232026,52.591073,On or near Cheltenham Close,E01015653,Peterborough 012D,Burglary,Investigation complete; no suspect identified,
d6c0841071d274ba2d580689bf457f7621b7fba97289488369dc4fe123765522,2022-06,Cambridgeshire Constabulary,Cambridgeshire Constabulary,-0.226007,52.588402,On or near Mansfield Court,E01015653,Peterborough 012D,Criminal damage and arson,Unable to prosecute suspect,
408b94d3cebe4ee735126e49bd1156399c905785753a6531378067784b6ceff1,2022-06,Cambridgeshire Constabulary,Cambridgeshire Constabulary,-0.235280,52.590195,On or near Chain Close,E01015653,Peterborough 012D,Criminal damage and arson,Unable to prosecute suspect,
7894f26310f39d493b0bb0342d26dba85d4d6d453a8d3d6567495943cf7b5723,2022-06,Cambridgeshire Constabulary,Cambridgeshire Constabulary,-0.238608,52.588563,On or near King'S Gardens,E01015653,Peterborough 012D,Criminal damage and arson,Unable to prosecute suspect,
88c9f1e353befe1ecbcaac660e0675e8bf1cc83151fa397cee96c99d75056d1e,2022-06,Cambridgeshire Constabulary,Cambridgeshire Constabulary,-0.233573,52.591518,On or near Ascot Drive,E01015653,Peterborough 012D,Other theft,Unable to prosecute suspect,
62c87ddbbbf07bb153a8070e745b3d4a9b973530604e02b86479d2f0edc7e200,2022-06,Cambridgeshire Constabulary,Cambridgeshire Constabulary,-0.228025,52.585223,On or near College Park,E01015653,Peterborough 012D,Other theft,Investigation complete; no suspect identified,
8fe164a273f63370b94789057f28db0c3bef58043cdc7da5b2cfed16ae0978ca,2022-06,Cambridgeshire Constabulary,Cambridgeshire Constabulary,-0.228025,52.585223,On or near College Park,E01015653,Peterborough 012D,Other theft,Investigation complete; no suspect identified,
53d1b88d87f34472a96e53584f9ad1923471335331944ceecb75743e4ea59a25,2022-06,Cambridgeshire Constabulary,Cambridgeshire Constabulary,-0.233573,52.591518,On or near Ascot Drive,E01015653,Peterborough 012D,Robbery,Unable to prosecute suspect,
422a87145f80108c1c08e1cf31db9403c4ce0a93254b7504e694fe0b93942902,2022-06,Cambridgeshire Constabulary,Cambridgeshire Constabulary,-0.226886,52.590402,On or near Newark Avenue,E01015653,Peterborough 012D,Vehicle crime,Investigation complete; no suspect identified,
89c4a6618e8f6265a3a77cd7ac9039c6661562d88b2684e84d686cf6fe866da9,2022-06,Cambridgeshire Constabulary,Cambridgeshire Constabulary,-0.233573,52.591518,On or near Ascot Drive,E01015653,Peterborough 012D,Vehicle crime,Investigation complete; no suspect identified,
b671466752cce6cc89b8fabc911d7767afd1578d3ad1930e94039499f8415a12,2022-06,Cambridgeshire Constabulary,Cambridgeshire Constabulary,-0.235280,52.590195,On or near Chain Close,E01015653,Peterborough 012D,Vehicle crime,Investigation complete; no suspect identified,
88325dccdeab50e9add1b00788dc5771c5df77fe0d525bf9076853ff182d482a,2022-06,Cambridgeshire Constabulary,Cambridgeshire Constabulary,-0.233920,52.589500,On or near Sallows Road,E01015653,Peterborough 012D,Violence and sexual offences,Offender given a caution,
f20e00aae58d17c789d7e0f243743aacd70363cadd2629e9261041553f045674,2022-06,Cambridgeshire Constabulary,Cambridgeshire Constabulary,-0.238608,52.588563,On or near King'S Gardens,E01015653,Peterborough 012D,Violence and sexual offences,Unable to prosecute suspect,
a8abe2fb3ac629704eabfe3b13b4127d7f46b8cecc2dc8f1d2ed6a5dce3d5116,2022-06,Cambridgeshire Constabulary,Cambridgeshire Constabulary,-0.235280,52.590195,On or near Chain Close,E01015653,Peterborough 012D,Violence and sexual offences,Unable to prosecute suspect,
06f9178a0340918ed3bb5773678ae2239ac86c36fe841a380cb890dd2c754d81,2022-06,Cambridgeshire Constabulary,Cambridgeshire Constabulary,-0.235280,52.590195,On or near Chain Close,E01015653,Peterborough 012D,Violence and sexual offences,Unable to prosecute suspect,
0143472ebabb8ff30441b9386ea96a284f93f34fbe4430a028cfdf1cc6df7fbf,2022-06,Cambridgeshire Constabulary,Cambridgeshire Constabulary,-0.235280,52.590195,On or near Chain Close,E01015653,Peterborough 012D,Violence and sexual offences,Unable to prosecute suspect,
31a66e7415bbd0e75535014ff3d773cfbeb471aca8580f074b31ac2e6744379b,2022-06,Cambridgeshire Constabulary,Cambridgeshire Constabulary,-0.225353,52.587421,On or near Tait Close,E01015653,Peterborough 012D,Violence and sexual offences,Unable to prosecute suspect,
84288c7712c7bcf7418b9494a71a828cd7d0bb21387b9e65167d1c0c13d04493,2022-06,Cambridgeshire Constabulary,Cambridgeshire Constabulary,-0.235280,52.590195,On or near Chain Close,E01015653,Peterborough 012D,Violence and sexual offences,Unable to prosecute suspect,
b93bc1f8e4d967e843f760d4e1bb641882ef5d4ab2d611eb6a1ac3881434ac35,2022-06,Cambridgeshire Constabulary,Cambridgeshire Constabulary,-0.238608,52.588563,On or near King'S Gardens,E01015653,Peterborough 012D,Violence and sexual offences,Unable to prosecute suspect,
5a7da8e542a8291ea947aa0ad164d07c56422a60305c979bb21c6a1c24a30121,2022-06,Cambridgeshire Constabulary,Cambridgeshire Constabulary,-0.238608,52.588563,On or near King'S Gardens,E01015653,Peterborough 012D,Violence and sexual offences,Investigation complete; no suspect identified,
ec01376bef175fd843ac54b8988d47156413a82942acce762c5e2643dca9cef8,2022-06,Cambridgeshire Constabulary,Cambridgeshire Constabulary,-0.226007,52.588402,On or near Mansfield Court,E01015653,Peterborough 012D,Violence and sexual offences,Unable to prosecute suspect,
fccd2fbc867e3b4d1626098fb326c30047f27cd04faad83cae7a50a9e103b9cb,2022-06,Cambridgeshire Constabulary,Cambridgeshire Constabulary,-0.233573,52.591518,On or near Ascot Drive,E01015653,Peterborough 012D,Other crime,Unable to prosecute suspect,
,2022-06,Cambridgeshire Constabulary,Cambridgeshire Constabulary,-0.245615,52.587193,On or near Parking Area,E01015654,Peterborough 012E,Anti-social behaviour,,
,2022-06,Cambridgeshire Constabulary,Cambridgeshire Constabulary,-0.236444,52.582894,On or near Princes Gate,E01015654,Peterborough 012E,Anti-social behaviour,,
d1900343c12275a4c5ffa137f4494b624fc7ebe1d20e1be5f74f049ce01a7d33,2022-06,Cambridgeshire Constabulary,Cambridgeshire Constabulary,-0.234997,52.585839,On or near Park Crescent,E01015654,Peterborough 012E,Bicycle theft,Investigation complete; no suspect identified,
1c3cefb343e9f091a1a67c73072e44b6c534fd25e7afd24a864683b424af3f32,2022-06,Cambridgeshire Constabulary,Cambridgeshire Constabulary,-0.234997,52.585839,On or near Park Crescent,E01015654,Peterborough 012E,Bicycle theft,Investigation complete; no suspect identified,
d4f9da15e00a2fa079ce585f37898270244dd0cb7ed7b4a197ee040a13f2f81c,2022-06,Cambridgeshire Constabulary,Cambridgeshire Constabulary,-0.243740,52.587956,On or near Century Square,E01015654,Peterborough 012E,Criminal damage and arson,Unable to prosecute suspect,
fe79ca2ca44893302c540dfffba24e719909dd491099b8bc97bafca25353b4b2,2022-06,Cambridgeshire Constabulary,Cambridgeshire Constabulary,-0.245615,52.587193,On or near Parking Area,E01015654,Peterborough 012E,Criminal damage and arson,Unable to prosecute suspect,
77a6efe4e2a4790bc2c9fe698885b963605505a1b872311e5f83abc9f1f31e8d,2022-06,Cambridgeshire Constabulary,Cambridgeshire Constabulary,-0.243740,52.587956,On or near Century Square,E01015654,Peterborough 012E,Criminal damage and arson,Unable to prosecute suspect,
2dcf69cd60df1f1f72819a8f2aa7a415dd151faeb057572242eb448266e1f577,2022-06,Cambridgeshire Constabulary,Cambridgeshire Constabulary,-0.245284,52.588105,On or near Sports/Recreation Area,E01015654,Peterborough 012E,Criminal damage and arson,Investigation complete; no suspect identified,
7d0238a4006c2f1a8ca46e538f654677205aeec5814bb53a24f077e2a9d0c64b,2022-06,Cambridgeshire Constabulary,Cambridgeshire Constabulary,-0.244047,52.588015,On or near Sports/Recreation Area,E01015654,Peterborough 012E,Criminal damage and arson,Unable to prosecute suspect,
e2ced3303979b3086e7b2c16bd1a8579ad51701356344eaf4f17f1fc87e0884f,2022-06,Cambridgeshire Constabulary,Cambridgeshire Constabulary,-0.240331,52.586071,On or near Queen'S Drive West,E01015654,Peterborough 012E,Drugs,Local resolution,
a2ccbd138e7f73729ed355dd37836f334ad9762a108047980207d61e289d436e,2022-06,Cambridgeshire Constabulary,Cambridgeshire Constabulary,-0.242521,52.587785,On or near Waterloo Road,E01015654,Peterborough 012E,Drugs,Court result unavailable,
4d3d10002df22a32c57cef5d1b49bfad457366b4a80bed2aaee4e5f37bc38e11,2022-06,Cambridgeshire Constabulary,Cambridgeshire Constabulary,-0.244047,52.588015,On or near Sports/Recreation Area,E01015654,Peterborough 012E,Other theft,Investigation complete; no suspect identified,
442dc0d38f19104f92a404156fe151fbfe1ca7a315d2167dc2573b624a67eae4,2022-06,Cambridgeshire Constabulary,Cambridgeshire Constabulary,-0.244047,52.588015,On or near Sports/Recreation Area,E01015654,Peterborough 012E,Other theft,Investigation complete; no suspect identified,
41424cd880ba058e89bd2db76e5f32ffb248658b4981c9988b8089235b997e9b,2022-06,Cambridgeshire Constabulary,Cambridgeshire Constabulary,-0.238098,52.584717,On or near Park Road,E01015654,Peterborough 012E,Other theft,Unable to prosecute suspect,
42093a7d9e77198a0afffdd731baa1a5d2cb67d20ba7d3f510b134798e1986c9,2022-06,Cambridgeshire Constabulary,Cambridgeshire Constabulary,-0.240331,52.586071,On or near Queen'S Drive West,E01015654,Peterborough 012E,Other theft,Investigation complete; no suspect identified,
1944c1f3e3f9ea12b98ce4a35631aa52122ef51114fdb8d208850088af3e6a6b,2022-06,Cambridgeshire Constabulary,Cambridgeshire Constabulary,-0.244828,52.585464,On or near Highbury Street,E01015654,Peterborough 012E,Other theft,Investigation complete; no suspect identified,
6119d3f0bcc9849b79faf97a364d0f4a062d319c45882fd27e55d4d1354d6edd,2022-06,Cambridgeshire Constabulary,Cambridgeshire Constabulary,-0.244104,52.586973,On or near Alma Road,E01015654,Peterborough 012E,Public order,Unable to prosecute suspect,
595762bac116c2ee6a4ae177fab430b3e5a97838ded19ba3c7a7ecbed59b4ac1,2022-06,Cambridgeshire Constabulary,Cambridgeshire Constabulary,-0.241411,52.587499,On or near Chantry Close,E01015654,Peterborough 012E,Public order,Unable to prosecute suspect,
8335a9af1a6a88fd807e2a134bec8ac0ba2a1de7bc5c049600e98def2969d66f,2022-06,Cambridgeshire Constabulary,Cambridgeshire Constabulary,-0.240331,52.586071,On or near Queen'S Drive West,E01015654,Peterborough 012E,Public order,Unable to prosecute suspect,
f18be996bcca37a2f04a65c5ab6d0129b7a3985b02fa9a110fc1e25b55bed881,2022-06,Cambridgeshire Constabulary,Cambridgeshire Constabulary,-0.241696,52.587009,On or near Dogsthorpe Grove,E01015654,Peterborough 012E,Public order,Unable to prosecute suspect,
d5ec24cf56fa7dc3edf5dd4a640673ac086811b1f25aef0bb5207142e5eb4306,2022-06,Cambridgeshire Constabulary,Cambridgeshire Constabulary,-0.241696,52.587009,On or near Dogsthorpe Grove,E01015654,Peterborough 012E,Public order,Court result unavailable,
fddc44559d1463d03b323f2914ccd17d6fadb579b5b5bc2366e3d12cb87060fb,2022-06,Cambridgeshire Constabulary,Cambridgeshire Constabulary,-0.245615,52.587193,On or near Parking Area,E01015654,Peterborough 012E,Public order,Investigation complete; no suspect identified,
f9f995040578616ee072a3a9dd8bf2d5bb67ea935bdf9d6ff0dacac9acbee0b5,2022-06,Cambridgeshire Constabulary,Cambridgeshire Constabulary,-0.234997,52.585839,On or near Park Crescent,E01015654,Peterborough 012E,Public order,Investigation complete; no suspect identified,
3dd893eceef24d6c23b07d26b4ab6691d2dd10acb8e76ed95f6ae9cc0b7c42d6,2022-06,Cambridgeshire Constabulary,Cambridgeshire Constabulary,-0.245615,52.587193,On or near Parking Area,E01015654,Peterborough 012E,Public order,Investigation complete; no suspect identified,
25e8bcf5757931198a1229b5e1e8f7a22c4a82c9e8194074c5222739025b5841,2022-06,Cambridgeshire Constabulary,Cambridgeshire Constabulary,-0.245615,52.587193,On or near Parking Area,E01015654,Peterborough 012E,Theft from the person,Investigation complete; no suspect identified,
c091536a7fd484c967bf937b2364edd7facbf3b05bb4e96516dd8cee0120d6b4,2022-06,Cambridgeshire Constabulary,Cambridgeshire Constabulary,-0.241696,52.587009,On or near Dogsthorpe Grove,E01015654,Peterborough 012E,Theft from the person,Investigation complete; no suspect identified,
e8be20b30bd4b1b607cfefdaf1c20db2c99aad063370b73aebae0c853b8746f2,2022-06,Cambridgeshire Constabulary,Cambridgeshire Constabulary,-0.244047,52.588015,On or near Sports/Recreation Area,E01015654,Peterborough 012E,Vehicle crime,Investigation complete; no suspect identified,
40ac1d9fce1d9979fcd841251b73c7d8ad83fb6d310477da078acf8c6d3c8f1a,2022-06,Cambridgeshire Constabulary,Cambridgeshire Constabulary,-0.237926,52.586791,On or near Queen'S Gardens,E01015654,Peterborough 012E,Vehicle crime,Investigation complete; no suspect identified,
1c870273faae6df4f0f0a718d85edd0e77c92cbacdcf65df4888a73ab0bbcf56,2022-06,Cambridgeshire Constabulary,Cambridgeshire Constabulary,-0.241411,52.587499,On or near Chantry Close,E01015654,Peterborough 012E,Vehicle crime,Investigation complete; no suspect identified,
5f05db306c336bb8d17612942bc2bf945332794e6f400db663606691e42d0902,2022-06,Cambridgeshire Constabulary,Cambridgeshire Constabulary,-0.234997,52.585839,On or near Park Crescent,E01015654,Peterborough 012E,Violence and sexual offences,Status update unavailable,
b769843da252d8f788826f4c04a6991d370e624eb964b81035dad3322aba776d,2022-06,Cambridgeshire Constabulary,Cambridgeshire Constabulary,-0.234997,52.585839,On or near Park Crescent,E01015654,Peterborough 012E,Violence and sexual offences,Unable to prosecute suspect,
0d282e19436d1767409d0c1f414744de5162bb9305639fb7dec93f3afd8bf02c,2022-06,Cambridgeshire Constabulary,Cambridgeshire Constabulary,-0.242521,52.587785,On or near Waterloo Road,E01015654,Peterborough 012E,Violence and sexual offences,Unable to prosecute suspect,
803e0647270e7e3dca0c60c8569c888b51b3dccb8a6c35a01e1f3d9e18915714,2022-06,Cambridgeshire Constabulary,Cambridgeshire Constabulary,-0.242521,52.587785,On or near Waterloo Road,E01015654,Peterborough 012E,Violence and sexual offences,Unable to prosecute suspect,
aced69a47baefef6cb0753fdfa0453e31b42ef12b2b5d2ac269978884cc58719,2022-06,Cambridgeshire Constabulary,Cambridgeshire Constabulary,-0.234997,52.585839,On or near Park Crescent,E01015654,Peterborough 012E,Violence and sexual offences,Further action is not in the public interest,
eaba52f8b9d0226f8ea0c5a00356ee0994a802a310bf1b8704d2097e15334981,2022-06,Cambridgeshire Constabulary,Cambridgeshire Constabulary,-0.234997,52.585839,On or near Park Crescent,E01015654,Peterborough 012E,Violence and sexual offences,Unable to prosecute suspect,
8a894a09e5edde58d360993d677f22c392623824ba0e4042b8e935303128a18d,2022-06,Cambridgeshire Constabulary,Cambridgeshire Constabulary,-0.241696,52.587009,On or near Dogsthorpe Grove,E01015654,Peterborough 012E,Violence and sexual offences,Unable to prosecute suspect,
441be94d4defc480885e24e0eef61b0f36d422a95b57f813bf79d98cffdd2e4b,2022-06,Cambridgeshire Constabulary,Cambridgeshire Constabulary,-0.234997,52.585839,On or near Park Crescent,E01015654,Peterborough 012E,Violence and sexual offences,Unable to prosecute suspect,
2b90f9e81be6cf79c6e35b259d77ef7532b9ecd4501caabfc885d3cf0ead7ff5,2022-06,Cambridgeshire Constabulary,Cambridgeshire Constabulary,-0.242521,52.587785,On or near Waterloo Road,E01015654,Peterborough 012E,Violence and sexual offences,Court result unavailable,
64239d0a08b25d5763a76392f116661b3467c5430f51f0f4366297e2a571ce8e,2022-06,Cambridgeshire Constabulary,Cambridgeshire Constabulary,-0.244104,52.586973,On or near Alma Road,E01015654,Peterborough 012E,Violence and sexual offences,Unable to prosecute suspect,
d9d8d39175f17c88b5cb2f2d0cc0d5057569a5488c56f0651ebccded70199eb9,2022-06,Cambridgeshire Constabulary,Cambridgeshire Constabulary,-0.236444,52.582894,On or near Princes Gate,E01015654,Peterborough 012E,Violence and sexual offences,Unable to prosecute suspect,
,2022-06,Cambridgeshire Constabulary,Cambridgeshire Constabulary,-0.213405,52.596269,On or near Cropston Road,E01015606,Peterborough 013A,Anti-social behaviour,,
,2022-06,Cambridgeshire Constabulary,Cambridgeshire Constabulary,-0.213405,52.596269,On or near Cropston Road,E01015606,Peterborough 013A,Anti-social behaviour,,
,2022-06,Cambridgeshire Constabulary,Cambridgeshire Constabulary,-0.213405,52.596269,On or near Cropston Road,E01015606,Peterborough 013A,Anti-social behaviour,,
,2022-06,Cambridgeshire Constabulary,Cambridgeshire Constabulary,-0.211750,52.594122,On or near Barrowfield,E01015606,Peterborough 013A,Anti-social behaviour,,
b81134e615bc23de1a4e4f90f34f9a2902014c253c6b320b96059d2406deed84,2022-06,Cambridgeshire Constabulary,Cambridgeshire Constabulary,-0.210873,52.596446,On or near Bradegate Drive,E01015606,Peterborough 013A,Burglary,Offender given a caution,
af3c7590860473f7a9655cc3dd6d83c2badcaa144e3689c4401d5fa64aa68519,2022-06,Cambridgeshire Constabulary,Cambridgeshire Constabulary,-0.211750,52.594122,On or near Barrowfield,E01015606,Peterborough 013A,Other theft,Unable to prosecute suspect,
4fe9c3e1e74dbaa476c0888286e33010ca8f76c8150d22475463142394671459,2022-06,Cambridgeshire Constabulary,Cambridgeshire Constabulary,-0.220958,52.596059,On or near Eastern Close,E01015606,Peterborough 013A,Possession of weapons,Further action is not in the public interest,
d1778b053c3933ec62ad20d13b3865f5447d1c6bf244da40fd1198307d162b86,2022-06,Cambridgeshire Constabulary,Cambridgeshire Constabulary,-0.218274,52.594903,On or near Sports/Recreation Area,E01015606,Peterborough 013A,Public order,Unable to prosecute suspect,
ac63d7ed654309aebd6516f3eb2d302a895176aa472edffb00a9f07fb115f09f,2022-06,Cambridgeshire Constabulary,Cambridgeshire Constabulary,-0.218274,52.594903,On or near Sports/Recreation Area,E01015606,Peterborough 013A,Public order,Investigation complete; no suspect identified,
157de43f3af85c56fb30d95ef7e5cdcf27d566e4e6373e16dc8f98523d229e9d,2022-06,Cambridgeshire Constabulary,Cambridgeshire Constabulary,-0.215861,52.588888,On or near Oxney Road,E01015606,Peterborough 013A,Vehicle crime,Status update unavailable,
3f0f3d7c0415f0316e1dd8ae6c3052eb379913f699477b8765c99fb8bd2ce8e2,2022-06,Cambridgeshire Constabulary,Cambridgeshire Constabulary,-0.215861,52.588888,On or near Oxney Road,E01015606,Peterborough 013A,Vehicle crime,Investigation complete; no suspect identified,
ab18c0e33a337b6dee819cbf596fd5ab3978abb469fb7263c5cb7b5ca25b914f,2022-06,Cambridgeshire Constabulary,Cambridgeshire Constabulary,-0.214835,52.594132,On or near Wimborne Drive,E01015606,Peterborough 013A,Vehicle crime,Investigation complete; no suspect identified,
126ac71f2e0835f34639d71aaadcd028b51395321a4b125baca316221f9d8d39,2022-06,Cambridgeshire Constabulary,Cambridgeshire Constabulary,-0.211750,52.594122,On or near Barrowfield,E01015606,Peterborough 013A,Vehicle crime,Investigation complete; no suspect identified,
07659084ca45a3c1c05c8efbf687a9c1ff7d04acf38571952cfd61e0ddea5944,2022-06,Cambridgeshire Constabulary,Cambridgeshire Constabulary,-0.212898,52.597493,On or near Willoughby Court,E01015606,Peterborough 013A,Vehicle crime,Investigation complete; no suspect identified,
45ebf3eff8e55d124df221ef4518f7c68d3eeb6271345c662e8252cfca22afaa,2022-06,Cambridgeshire Constabulary,Cambridgeshire Constabulary,-0.213405,52.596269,On or near Cropston Road,E01015606,Peterborough 013A,Violence and sexual offences,Unable to prosecute suspect,
6b743f4530b62cbcd29de424fd6c414f17c420e09b4099d5531458f776d01c96,2022-06,Cambridgeshire Constabulary,Cambridgeshire Constabulary,-0.211750,52.594122,On or near Barrowfield,E01015606,Peterborough 013A,Violence and sexual offences,Unable to prosecute suspect,
845b20b6c95113e0123096e365425ef720ae7f628fd19bf9171ef600826688c8,2022-06,Cambridgeshire Constabulary,Cambridgeshire Constabulary,-0.213405,52.596269,On or near Cropston Road,E01015606,Peterborough 013A,Violence and sexual offences,Unable to prosecute suspect,
d3dae94f49c1f0f0ad3ed778bd39c18cdccb3c4c9750cdb63f375e9a7959fd1e,2022-06,Cambridgeshire Constabulary,Cambridgeshire Constabulary,-0.211750,52.594122,On or near Barrowfield,E01015606,Peterborough 013A,Violence and sexual offences,Unable to prosecute suspect,
1134c6bd8a6393ede22b0b18b4e4b34faa17dcf53f254b8e2d37ab6f09a46f4b,2022-06,Cambridgeshire Constabulary,Cambridgeshire Constabulary,-0.213405,52.596269,On or near Cropston Road,E01015606,Peterborough 013A,Violence and sexual offences,Status update unavailable,
f54f2cb285137547f7346ac7f57378b4a1c94782a15c4621c258f3476f4e3aa2,2022-06,Cambridgeshire Constabulary,Cambridgeshire Constabulary,-0.215861,52.588888,On or near Oxney Road,E01015606,Peterborough 013A,Violence and sexual offences,Unable to prosecute suspect,
,2022-06,Cambridgeshire Constabulary,Cambridgeshire Constabulary,-0.237016,52.570468,On or near Parking Area,E01015611,Peterborough 013B,Anti-social behaviour,,
,2022-06,Cambridgeshire Constabulary,Cambridgeshire Constabulary,-0.234077,52.573832,On or near South Street,E01015611,Peterborough 013B,Anti-social behaviour,,
,2022-06,Cambridgeshire Constabulary,Cambridgeshire Constabulary,-0.233198,52.573306,On or near Hereward Road,E01015611,Peterborough 013B,Anti-social behaviour,,
,2022-06,Cambridgeshire Constabulary,Cambridgeshire Constabulary,-0.228985,52.569835,On or near Hammonds Drive,E01015611,Peterborough 013B,Anti-social behaviour,,
,2022-06,Cambridgeshire Constabulary,Cambridgeshire Constabulary,-0.228491,52.572561,On or near Mitchell Close,E01015611,Peterborough 013B,Anti-social behaviour,,
,2022-06,Cambridgeshire Constabulary,Cambridgeshire Constabulary,-0.241610,52.568504,On or near Rivergate,E01015611,Peterborough 013B,Anti-social behaviour,,
46ebae38723f55d4dd2068c97159f9582c00083bb6ad5a5b89def9de066621f3,2022-06,Cambridgeshire Constabulary,Cambridgeshire Constabulary,-0.232813,52.571871,On or near Sports/Recreation Area,E01015611,Peterborough 013B,Bicycle theft,Investigation complete; no suspect identified,
60138b7103bfbe0c7aee8119a3d97d17d0441731518c9661665480c16ab15923,2022-06,Cambridgeshire Constabulary,Cambridgeshire Constabulary,-0.239573,52.568888,On or near Embankment Road,E01015611,Peterborough 013B,Bicycle theft,Investigation complete; no suspect identified,
bf0362e998f503d0389934c77b6a47bc31e69e0ac8451ce519e898e2ec69fa73,2022-06,Cambridgeshire Constabulary,Cambridgeshire Constabulary,-0.237016,52.570468,On or near Parking Area,E01015611,Peterborough 013B,Bicycle theft,Investigation complete; no suspect identified,
d305dfa1826652e23643ad346c1e5c8c348b6f9c724cf9a1a3a25b87c8f3cb99,2022-06,Cambridgeshire Constabulary,Cambridgeshire Constabulary,-0.241610,52.568504,On or near Rivergate,E01015611,Peterborough 013B,Bicycle theft,Investigation complete; no suspect identified,
98a3bf1d418636a04bb3ecc7b89999714f1db43478c8ce2b4c91462f1b15b68b,2022-06,Cambridgeshire Constabulary,Cambridgeshire Constabulary,-0.218100,52.569699,On or near Second Drove,E01015611,Peterborough 013B,Burglary,Investigation complete; no suspect identified,
8cbfa53a860bd977e33a5cb2a0c23d8c5f42426a613d41caab955cb36d35cb71,2022-06,Cambridgeshire Constabulary,Cambridgeshire Constabulary,-0.228720,52.573473,On or near Atkinson Street,E01015611,Peterborough 013B,Burglary,Investigation complete; no suspect identified,
d27d662dad96f3f076005f08c3c928868214626a13be268c51458fe89a7b069d,2022-06,Cambridgeshire Constabulary,Cambridgeshire Constabulary,-0.228985,52.569835,On or near Hammonds Drive,E01015611,Peterborough 013B,Criminal damage and arson,Investigation complete; no suspect identified,
c84a8e51e4d83e017f1ec1a86e6160dba7b5ae42c96eb53b701a07d26ca7264c,2022-06,Cambridgeshire Constabulary,Cambridgeshire Constabulary,-0.218100,52.569699,On or near Second Drove,E01015611,Peterborough 013B,Criminal damage and arson,Local resolution,
614fb83323a30b0366d66097eed0ab3fa0aadaafc284ad6590f8f79c77fc4bd6,2022-06,Cambridgeshire Constabulary,Cambridgeshire Constabulary,-0.230900,52.575043,On or near Field Walk,E01015611,Peterborough 013B,Criminal damage and arson,Investigation complete; no suspect identified,
f33745a581b287361d8c2db69b8e20239023b16d4e4b8c69178696096a7c3c49,2022-06,Cambridgeshire Constabulary,Cambridgeshire Constabulary,-0.237016,52.570468,On or near Parking Area,E01015611,Peterborough 013B,Drugs,Status update unavailable,
8bcedf750a2d2f3e7031f6894044fc4813ca397e40db22560d403e76284acf4e,2022-06,Cambridgeshire Constabulary,Cambridgeshire Constabulary,-0.241610,52.568504,On or near Rivergate,E01015611,Peterborough 013B,Drugs,Unable to prosecute suspect,
ed93758e69bd28704d11c2c06a7bafe6e7a7233102d5db5ab45b6a482662f218,2022-06,Cambridgeshire Constabulary,Cambridgeshire Constabulary,-0.234589,52.568813,On or near Sports/Recreation Area,E01015611,Peterborough 013B,Drugs,Local resolution,
95c1358fd039692fad51d6325fd91618b6d5eb0a34d40f9bfe03d007ac97fec8,2022-06,Cambridgeshire Constabulary,Cambridgeshire Constabulary,-0.235242,52.572752,On or near Granby Street,E01015611,Peterborough 013B,Other theft,Investigation complete; no suspect identified,
96d131e022ec9337cba6ce3de9b4eb10d676a4ec4fc950b727e2127f089eb659,2022-06,Cambridgeshire Constabulary,Cambridgeshire Constabulary,-0.228985,52.569835,On or near Hammonds Drive,E01015611,Peterborough 013B,Other theft,Unable to prosecute suspect,
7418fd00fd0742a9bc334ac9071517a419bcfaec27d19190be6c99f9c3635b7b,2022-06,Cambridgeshire Constabulary,Cambridgeshire Constabulary,-0.218100,52.569699,On or near Second Drove,E01015611,Peterborough 013B,Other theft,Investigation complete; no suspect identified,
1b007f47f6025146276599b01a030b72e703d5cef1b47540c6032dfecebba70a,2022-06,Cambridgeshire Constabulary,Cambridgeshire Constabulary,-0.228985,52.569835,On or near Hammonds Drive,E01015611,Peterborough 013B,Other theft,Investigation complete; no suspect identified,
9b4f1739fa11ff786b2ca689f33b0bdce58b992af22feca7dffcc4a82718c40a,2022-06,Cambridgeshire Constabulary,Cambridgeshire Constabulary,-0.230657,52.574122,On or near Eastgate,E01015611,Peterborough 013B,Other theft,Investigation complete; no suspect identified,
efc0fa0423c8b0ee035bf271a92dbe81f2fa344caa76823de47e887c164a5cde,2022-06,Cambridgeshire Constabulary,Cambridgeshire Constabulary,-0.234316,52.571929,On or near Bishop'S Road,E01015611,Peterborough 013B,Possession of weapons,Court result unavailable,
20580ee63a3e25ac83b4ecce6f462c75f848d57b009bded32bb85bf0b2004d6c,2022-06,Cambridgeshire Constabulary,Cambridgeshire Constabulary,-0.234589,52.568813,On or near Sports/Recreation Area,E01015611,Peterborough 013B,Public order,Unable to prosecute suspect,
2541862fdec2323c553898ea1ccc1ffacad11a71208f1c4e7b6921ccec8d93ae,2022-06,Cambridgeshire Constabulary,Cambridgeshire Constabulary,-0.231845,52.573205,On or near Wake Road,E01015611,Peterborough 013B,Public order,Unable to prosecute suspect,
b7826625ca92497d32a0a54612346d15513569ae22bd1691647a91de71abab4b,2022-06,Cambridgeshire Constabulary,Cambridgeshire Constabulary,-0.241610,52.568504,On or near Rivergate,E01015611,Peterborough 013B,Public order,Unable to prosecute suspect,
e05df95cb14126c0558929f048e8d06ef0eedd4893de04bc33e3ad0116143145,2022-06,Cambridgeshire Constabulary,Cambridgeshire Constabulary,-0.241610,52.568504,On or near Rivergate,E01015611,Peterborough 013B,Public order,Unable to prosecute suspect,
f8c618aded8149f57a23d765e8668ca8784b6f8ac3bd7e6723e678c2a4828a27,2022-06,Cambridgeshire Constabulary,Cambridgeshire Constabulary,-0.229825,52.570217,On or near Potters Way,E01015611,Peterborough 013B,Public order,Unable to prosecute suspect,
f97048c33c7e6a889bf5781a3d914f6764970f1593f77833075e01cb7c0ab7c4,2022-06,Cambridgeshire Constabulary,Cambridgeshire Constabulary,-0.234589,52.568813,On or near Sports/Recreation Area,E01015611,Peterborough 013B,Robbery,Investigation complete; no suspect identified,
0c7a84aad45ad897962741589dcf4641b5749a3dc3ef91e585003a56f0459283,2022-06,Cambridgeshire Constabulary,Cambridgeshire Constabulary,-0.216680,52.571979,On or near Newton Way,E01015611,Peterborough 013B,Shoplifting,Investigation complete; no suspect identified,
27b20b0387bcfe9d9eaf1148a0d0ceb89db49def5006be0f33940253197d76f3,2022-06,Cambridgeshire Constabulary,Cambridgeshire Constabulary,-0.207813,52.572646,On or near Titan Drive,E01015611,Peterborough 013B,Shoplifting,Investigation complete; no suspect identified,
d2cbe6451865c95e9ad87a624a90609ebf1dfa61b1db9bca2ea09e4c946d0ef1,2022-06,Cambridgeshire Constabulary,Cambridgeshire Constabulary,-0.216680,52.571979,On or near Newton Way,E01015611,Peterborough 013B,Shoplifting,Investigation complete; no suspect identified,
16ad8cc79496819b35c7a3165def8951683642485fac8f44e326b66f281554bd,2022-06,Cambridgeshire Constabulary,Cambridgeshire Constabulary,-0.216680,52.571979,On or near Newton Way,E01015611,Peterborough 013B,Shoplifting,Investigation complete; no suspect identified,
47ec0b9edd1c61017f14a29f78ef74a13d851daa4d2462ddd144d75f90562b10,2022-06,Cambridgeshire Constabulary,Cambridgeshire Constabulary,-0.230996,52.573390,On or near Fengate Close,E01015611,Peterborough 013B,Vehicle crime,Investigation complete; no suspect identified,
ab01819aba0ec9835f0e80c9ae9680281a5acfea33c50bfd4acffdde29c00220,2022-06,Cambridgeshire Constabulary,Cambridgeshire Constabulary,-0.222226,52.572404,On or near Nursery Lane,E01015611,Peterborough 013B,Vehicle crime,Investigation complete; no suspect identified,
65e4bdadd827e57b0604041d7b8257922b60d4306c47c6d895f4c089d588c438,2022-06,Cambridgeshire Constabulary,Cambridgeshire Constabulary,-0.241610,52.568504,On or near Rivergate,E01015611,Peterborough 013B,Vehicle crime,Unable to prosecute suspect,
21edf70380e2b9cc66c83d7e8f838e8dd9c249f8407d4c1f0b5c4d39ab76dcb3,2022-06,Cambridgeshire Constabulary,Cambridgeshire Constabulary,-0.216680,52.571979,On or near Newton Way,E01015611,Peterborough 013B,Vehicle crime,Unable to prosecute suspect,
e02b1c54358af3b965e9a074fdee3fd93cd85c507e0713e47f8a82e9b9ea8e69,2022-06,Cambridgeshire Constabulary,Cambridgeshire Constabulary,-0.216680,52.571979,On or near Newton Way,E01015611,Peterborough 013B,Vehicle crime,Investigation complete; no suspect identified,
a2d8694c7109345a6f41345ff35dd7c39059da4cfe29c849da82b25d8c01f961,2022-06,Cambridgeshire Constabulary,Cambridgeshire Constabulary,-0.216680,52.571979,On or near Newton Way,E01015611,Peterborough 013B,Vehicle crime,Investigation complete; no suspect identified,
51896232a1240ed06f03b5518481f09ea700b01ee0fd3dfa30885bb5ea064529,2022-06,Cambridgeshire Constabulary,Cambridgeshire Constabulary,-0.207813,52.572646,On or near Titan Drive,E01015611,Peterborough 013B,Vehicle crime,Unable to prosecute suspect,
67549a46f53ab94482266504973bfa480bf4b7acc7976f7073a0896af5e20f75,2022-06,Cambridgeshire Constabulary,Cambridgeshire Constabulary,-0.231845,52.573205,On or near Wake Road,E01015611,Peterborough 013B,Violence and sexual offences,Unable to prosecute suspect,
c72ffa63b6f8e23a847ba9805c2c078482bd42d4285375e973fe03bed6e9c785,2022-06,Cambridgeshire Constabulary,Cambridgeshire Constabulary,-0.231845,52.573205,On or near Wake Road,E01015611,Peterborough 013B,Violence and sexual offences,Unable to prosecute suspect,
f524b994f1f40ad9003e03f6ff1cc601286a8973fa459b9e177548601740be3d,2022-06,Cambridgeshire Constabulary,Cambridgeshire Constabulary,-0.241610,52.568504,On or near Rivergate,E01015611,Peterborough 013B,Violence and sexual offences,Unable to prosecute suspect,
52020a100b47b7efa424d5b603c31405592b817fd6700fad6285c102e20783af,2022-06,Cambridgeshire Constabulary,Cambridgeshire Constabulary,-0.234589,52.568813,On or near Sports/Recreation Area,E01015611,Peterborough 013B,Violence and sexual offences,Unable to prosecute suspect,
db2e2bf4df1525376f9321a715f1b366c38656462c32a1fcbcf91d5b4461dea0,2022-06,Cambridgeshire Constabulary,Cambridgeshire Constabulary,-0.241610,52.568504,On or near Rivergate,E01015611,Peterborough 013B,Violence and sexual offences,Offender given a caution,
62791dbd04ea337ffd5e19aa5fb035dac2083c2b754fdbcfd4ebfda39ec582f3,2022-06,Cambridgeshire Constabulary,Cambridgeshire Constabulary,-0.228985,52.569835,On or near Hammonds Drive,E01015611,Peterborough 013B,Violence and sexual offences,Court result unavailable,
3e8b67eef1e65c88408d0e7d5208f5624fdaa3a0b26676a9138804d2283e963c,2022-06,Cambridgeshire Constabulary,Cambridgeshire Constabulary,-0.241610,52.568504,On or near Rivergate,E01015611,Peterborough 013B,Violence and sexual offences,Unable to prosecute suspect,
be251f1d80ead442903d57fb73aed55e49809b19da4e800790273205f000a92b,2022-06,Cambridgeshire Constabulary,Cambridgeshire Constabulary,-0.241610,52.568504,On or near Rivergate,E01015611,Peterborough 013B,Violence and sexual offences,Unable to prosecute suspect,
239f6ee5a28f33f070c7184243507654f90cd96e15497832de6dff429d8ccf52,2022-06,Cambridgeshire Constabulary,Cambridgeshire Constabulary,-0.224475,52.571530,On or near Parking Area,E01015611,Peterborough 013B,Violence and sexual offences,Offender given a caution,
9a51fd45cca8dbdae777c80577c75adcc8836bcd527e9d4868957c400ad243f4,2022-06,Cambridgeshire Constabulary,Cambridgeshire Constabulary,-0.216680,52.571979,On or near Newton Way,E01015611,Peterborough 013B,Violence and sexual offences,Investigation complete; no suspect identified,
db494a562d8bb01502c98636e182301ad8fc05334b77b3b185e3755d64cdd88b,2022-06,Cambridgeshire Constabulary,Cambridgeshire Constabulary,-0.228720,52.573473,On or near Atkinson Street,E01015611,Peterborough 013B,Violence and sexual offences,Unable to prosecute suspect,
e0d82eb1d6729637e6950e232585fdd62faa4d453ea564d5c849fdbc55418b2a,2022-06,Cambridgeshire Constabulary,Cambridgeshire Constabulary,-0.235242,52.572752,On or near Granby Street,E01015611,Peterborough 013B,Violence and sexual offences,Unable to prosecute suspect,
3a77763dfb190323fb5e6b1e3386b5ec2df9382d6db23abf239876190dc90427,2022-06,Cambridgeshire Constabulary,Cambridgeshire Constabulary,-0.234589,52.568813,On or near Sports/Recreation Area,E01015611,Peterborough 013B,Violence and sexual offences,Unable to prosecute suspect,
2c4e7e7260c9fd0d62babfc3d5349fb80e431a7fd3e744e5abd3839d60a68fad,2022-06,Cambridgeshire Constabulary,Cambridgeshire Constabulary,-0.216680,52.571979,On or near Newton Way,E01015611,Peterborough 013B,Violence and sexual offences,Unable to prosecute suspect,
f4671422ffdb5716cedbcb90155cf0b32c51432d263799c770974df31fc811fc,2022-06,Cambridgeshire Constabulary,Cambridgeshire Constabulary,-0.241610,52.568504,On or near Rivergate,E01015611,Peterborough 013B,Violence and sexual offences,Offender given a caution,
b8c5b2481c0f97954522c5a6257ac93ce309d2c3a3c1f72891e90c3d29c11c56,2022-06,Cambridgeshire Constabulary,Cambridgeshire Constabulary,-0.234316,52.571929,On or near Bishop'S Road,E01015611,Peterborough 013B,Violence and sexual offences,Court result unavailable,
1f26e93a5c904d75a2ffe2109647c9d27a0d2ba04f1a9961bcda20b70e2e5390,2022-06,Cambridgeshire Constabulary,Cambridgeshire Constabulary,-0.216680,52.571979,On or near Newton Way,E01015611,Peterborough 013B,Violence and sexual offences,Investigation complete; no suspect identified,
3a77891bce12bd07cc1d961b1fa9f426d0ef2af78f009ca96cb2a178c679ef61,2022-06,Cambridgeshire Constabulary,Cambridgeshire Constabulary,-0.225934,52.570482,On or near Shopping Area,E01015611,Peterborough 013B,Other crime,Unable to prosecute suspect,
c228541c0cfa99885b00163abae6ed93d967e76dcbc47ec367641ef855d570b2,2022-06,Cambridgeshire Constabulary,Cambridgeshire Constabulary,-0.209292,52.571122,On or near Third Drove,E01015611,Peterborough 013B,Other crime,Unable to prosecute suspect,
4a6f563c4ba1947fd492d1f2022f5eb6380b01466ffc081fae3e28c589a78906,2022-06,Cambridgeshire Constabulary,Cambridgeshire Constabulary,-0.234589,52.568813,On or near Sports/Recreation Area,E01015611,Peterborough 013B,Other crime,Investigation complete; no suspect identified,
89aae72c44341eff8bedcf236b5ffbc76230a6298cd8cbb78aeefda071d16b0e,2022-06,Cambridgeshire Constabulary,Cambridgeshire Constabulary,-0.228985,52.569835,On or near Hammonds Drive,E01015611,Peterborough 013B,Other crime,Status update unavailable,
,2022-06,Cambridgeshire Constabulary,Cambridgeshire Constabulary,-0.206055,52.593667,On or near Saltersgate,E01015613,Peterborough 013C,Anti-social behaviour,,
,2022-06,Cambridgeshire Constabulary,Cambridgeshire Constabulary,-0.204507,52.596503,On or near St Michael'S Gate,E01015613,Peterborough 013C,Anti-social behaviour,,
,2022-06,Cambridgeshire Constabulary,Cambridgeshire Constabulary,-0.208729,52.592530,On or near Henshaw,E01015613,Peterborough 013C,Anti-social behaviour,,
,2022-06,Cambridgeshire Constabulary,Cambridgeshire Constabulary,-0.204507,52.596503,On or near St Michael'S Gate,E01015613,Peterborough 013C,Anti-social behaviour,,
706c973d3431fde3dcb0160110cde918c63869f73da663ae2b85835b4714920f,2022-06,Cambridgeshire Constabulary,Cambridgeshire Constabulary,-0.204404,52.595764,On or near St Michael'S Gate,E01015613,Peterborough 013C,Burglary,Unable to prosecute suspect,
803dfd47a71478fa7c46f8f586244a26901304b9dc9bc3d9145a9cb67d496285,2022-06,Cambridgeshire Constabulary,Cambridgeshire Constabulary,-0.208729,52.592530,On or near Henshaw,E01015613,Peterborough 013C,Burglary,Investigation complete; no suspect identified,
0e6dc4d2dd0f1337e11e8a0366325da254c65df99603b6e1a650e3d3550f9150,2022-06,Cambridgeshire Constabulary,Cambridgeshire Constabulary,-0.204404,52.595764,On or near St Michael'S Gate,E01015613,Peterborough 013C,Criminal damage and arson,Unable to prosecute suspect,
f7b0f7d99c62336c6deee6c9e5b161d0c59bd42bee758da47954a58004051ae6,2022-06,Cambridgeshire Constabulary,Cambridgeshire Constabulary,-0.206055,52.593667,On or near Saltersgate,E01015613,Peterborough 013C,Criminal damage and arson,Investigation complete; no suspect identified,
c0fc9991cb0fbee15b3ccb1a8d048fc6110a5e7f7171cd983f3f9de1ccf1cb1c,2022-06,Cambridgeshire Constabulary,Cambridgeshire Constabulary,-0.204507,52.596503,On or near St Michael'S Gate,E01015613,Peterborough 013C,Other theft,Unable to prosecute suspect,
e2504ac17ede3a2f7569994862b7fc62d182410b81503279815f4ba5f5cd2710,2022-06,Cambridgeshire Constabulary,Cambridgeshire Constabulary,-0.206055,52.593667,On or near Saltersgate,E01015613,Peterborough 013C,Public order,Investigation complete; no suspect identified,
d40d4bdf4bdf1f9c172217c67f813afd6cb825fd8035d9c32c57c7448e426ddf,2022-06,Cambridgeshire Constabulary,Cambridgeshire Constabulary,-0.206055,52.593667,On or near Saltersgate,E01015613,Peterborough 013C,Public order,Unable to prosecute suspect,
468898729f5f703d958b369a20b227cb8d2485ade3d94ce1f21ca4bb2b350dfc,2022-06,Cambridgeshire Constabulary,Cambridgeshire Constabulary,-0.204507,52.596503,On or near St Michael'S Gate,E01015613,Peterborough 013C,Violence and sexual offences,Investigation complete; no suspect identified,
19980ad79beb3bb680dc71d7b7f1f92c15604c6600be3d1a74a015fb9268b8bf,2022-06,Cambridgeshire Constabulary,Cambridgeshire Constabulary,-0.204507,52.596503,On or near St Michael'S Gate,E01015613,Peterborough 013C,Violence and sexual offences,Unable to prosecute suspect,
ffac7e8f3443dca2e5fe08887a82191f6f30383c1d3fc772283623cbe1020193,2022-06,Cambridgeshire Constabulary,Cambridgeshire Constabulary,-0.204507,52.596503,On or near St Michael'S Gate,E01015613,Peterborough 013C,Violence and sexual offences,Investigation complete; no suspect identified,
aa9788381fb11c68ad2ec157387b131df548e41f7865d1dbc90c7eb6f31bb39e,2022-06,Cambridgeshire Constabulary,Cambridgeshire Constabulary,-0.204404,52.595764,On or near St Michael'S Gate,E01015613,Peterborough 013C,Violence and sexual offences,Court result unavailable,
ac8556254eba8ddc3978915edb252aaedd00b17414b02eb3bc4cfba29015d0c3,2022-06,Cambridgeshire Constabulary,Cambridgeshire Constabulary,-0.204404,52.595764,On or near St Michael'S Gate,E01015613,Peterborough 013C,Violence and sexual offences,Unable to prosecute suspect,
bdb9bf57f35ce1c9c7126fac52f04f282b009eccaf351ab1733c75c07e6b8ea9,2022-06,Cambridgeshire Constabulary,Cambridgeshire Constabulary,-0.204404,52.595764,On or near St Michael'S Gate,E01015613,Peterborough 013C,Violence and sexual offences,Unable to prosecute suspect,
e0dfbb27357fc2436d6980e4a08c79d0119c71c522774c0d44cf605ab40f09af,2022-06,Cambridgeshire Constabulary,Cambridgeshire Constabulary,-0.209329,52.592305,On or near North Terrace,E01015613,Peterborough 013C,Violence and sexual offences,Unable to prosecute suspect,
4f31b7d29e2db0c25e9d899a249760d89ba23c095fe2a3716d14019ee06efdff,2022-06,Cambridgeshire Constabulary,Cambridgeshire Constabulary,-0.209329,52.592305,On or near North Terrace,E01015613,Peterborough 013C,Violence and sexual offences,Unable to prosecute suspect,
dcec1400c528b429c8a6ce145bc60b2a194498ab876cb735971f8fbfafb04186,2022-06,Cambridgeshire Constabulary,Cambridgeshire Constabulary,-0.209329,52.592305,On or near North Terrace,E01015613,Peterborough 013C,Violence and sexual offences,Court result unavailable,
,2022-06,Cambridgeshire Constabulary,Cambridgeshire Constabulary,-0.205299,52.589403,On or near Heron Park,E01015614,Peterborough 013D,Anti-social behaviour,,
,2022-06,Cambridgeshire Constabulary,Cambridgeshire Constabulary,-0.205299,52.589403,On or near Heron Park,E01015614,Peterborough 013D,Anti-social behaviour,,
117b2b89e4f32a7bfb40343b54dd5ef2e4b478975213c87f6ed6e748a504b650,2022-06,Cambridgeshire Constabulary,Cambridgeshire Constabulary,-0.194273,52.592229,On or near Eyebury Road,E01015614,Peterborough 013D,Burglary,Investigation complete; no suspect identified,
5b03e8a1e96f8cc6668486e3042a72354e29b3e7e561c54a19a47607f295f6f7,2022-06,Cambridgeshire Constabulary,Cambridgeshire Constabulary,-0.203105,52.582411,On or near Park/Open Space,E01015614,Peterborough 013D,Criminal damage and arson,Investigation complete; no suspect identified,
4ec90b9541c66945eb245fbc35067cbebf60efad90cea0cf43baa69b1d8d90bc,2022-06,Cambridgeshire Constabulary,Cambridgeshire Constabulary,-0.214542,52.587906,On or near Petrol Station,E01015614,Peterborough 013D,Other theft,Investigation complete; no suspect identified,
dad62f7dac17b3cd7c37bfc9468f50e3e6a81bc817e40c0d9fa669e3cfae97c6,2022-06,Cambridgeshire Constabulary,Cambridgeshire Constabulary,-0.214542,52.587906,On or near Petrol Station,E01015614,Peterborough 013D,Other theft,Investigation complete; no suspect identified,
bef480f0efb3c0ee263de5b774a945e237b6155e91ac462192522e0f900a8d3f,2022-06,Cambridgeshire Constabulary,Cambridgeshire Constabulary,-0.214542,52.587906,On or near Petrol Station,E01015614,Peterborough 013D,Other theft,Investigation complete; no suspect identified,
5f591831c16d476e7dc202443fc90d65a5ca15e8d742e98a69fbf590191c1a68,2022-06,Cambridgeshire Constabulary,Cambridgeshire Constabulary,-0.210881,52.588282,On or near Marriott Court,E01015614,Peterborough 013D,Other theft,Investigation complete; no suspect identified,
74071f9b5291b32a31d25c655472d5895e957642b5bbad66f763178b6a223ea6,2022-06,Cambridgeshire Constabulary,Cambridgeshire Constabulary,-0.214542,52.587906,On or near Petrol Station,E01015614,Peterborough 013D,Other theft,Investigation complete; no suspect identified,
0c73def390594cdc6bef906cdf7e402e92a22fd5b57e0ce3d69e020e0dfcf044,2022-06,Cambridgeshire Constabulary,Cambridgeshire Constabulary,-0.214542,52.587906,On or near Petrol Station,E01015614,Peterborough 013D,Other theft,Investigation complete; no suspect identified,
28d7a3d9989c0ec8cf33f0ab60246d3f2ea195341ec6c1c8f0320e34e6aba891,2022-06,Cambridgeshire Constabulary,Cambridgeshire Constabulary,-0.214542,52.587906,On or near Petrol Station,E01015614,Peterborough 013D,Other theft,Investigation complete; no suspect identified,
7fec817925023e9e568e5470c949123e513099a3380cf895b6caecd56a1b16f4,2022-06,Cambridgeshire Constabulary,Cambridgeshire Constabulary,-0.214542,52.587906,On or near Petrol Station,E01015614,Peterborough 013D,Other theft,Investigation complete; no suspect identified,
fad81d4374ade6dc512b44b20a0c06d5539ddbe0d13f3bf61b6ff42b8b0c3a22,2022-06,Cambridgeshire Constabulary,Cambridgeshire Constabulary,-0.205977,52.586545,On or near Palmers Road,E01015614,Peterborough 013D,Other theft,Investigation complete; no suspect identified,
3c37b96e1523acb3abab0533da52e4d1f8b597b7ef3467e0914689c1a1614972,2022-06,Cambridgeshire Constabulary,Cambridgeshire Constabulary,-0.210881,52.588282,On or near Marriott Court,E01015614,Peterborough 013D,Shoplifting,Investigation complete; no suspect identified,
3c98b1bc58001b3a8591aaf4d4507a9617ef932f7ecac140d04b8d59f6498dc8,2022-06,Cambridgeshire Constabulary,Cambridgeshire Constabulary,-0.210881,52.588282,On or near Marriott Court,E01015614,Peterborough 013D,Shoplifting,Court result unavailable,
d02fce4baf4bd9956ff1276ee52a824a92c2829a48ef5138c3f2c233f68ba789,2022-06,Cambridgeshire Constabulary,Cambridgeshire Constabulary,-0.210881,52.588282,On or near Marriott Court,E01015614,Peterborough 013D,Shoplifting,Local resolution,
f390f2150be483cb51925d02be531529d88f8d841bd01a8834e4f71cdcef9901,2022-06,Cambridgeshire Constabulary,Cambridgeshire Constabulary,-0.206268,52.587008,On or near The Maples,E01015614,Peterborough 013D,Vehicle crime,Investigation complete; no suspect identified,
d9c15cb7ee6d48602eece8cee63814524fa685dbf30414597b4fc92addf7fa24,2022-06,Cambridgeshire Constabulary,Cambridgeshire Constabulary,-0.205548,52.592697,On or near Langdyke,E01015614,Peterborough 013D,Violence and sexual offences,Unable to prosecute suspect,
6eb2ddf86bb37d720e6f2eeb9a5da049e0f656931eca5ac46adfeadd46904718,2022-06,Cambridgeshire Constabulary,Cambridgeshire Constabulary,-0.205977,52.586545,On or near Palmers Road,E01015614,Peterborough 013D,Violence and sexual offences,Unable to prosecute suspect,
2a845194002f67156299406eef0b55b4e65f9ed202f04acd17f7ee441fef86b3,2022-06,Cambridgeshire Constabulary,Cambridgeshire Constabulary,-0.206268,52.587008,On or near The Maples,E01015614,Peterborough 013D,Violence and sexual offences,Unable to prosecute suspect,
cf96ed6f4522288c5f6e104e8e6b0d0fced90e483b3e4e201073a64d5be52941,2022-06,Cambridgeshire Constabulary,Cambridgeshire Constabulary,-0.194273,52.592229,On or near Eyebury Road,E01015614,Peterborough 013D,Violence and sexual offences,Investigation complete; no suspect identified,
,2022-06,Cambridgeshire Constabulary,Cambridgeshire Constabulary,-0.227510,52.582616,On or near Sports/Recreation Area,E01015615,Peterborough 013E,Anti-social behaviour,,
,2022-06,Cambridgeshire Constabulary,Cambridgeshire Constabulary,-0.227275,52.584789,On or near Eastfield Road,E01015615,Peterborough 013E,Anti-social behaviour,,
,2022-06,Cambridgeshire Constabulary,Cambridgeshire Constabulary,-0.227510,52.582616,On or near Sports/Recreation Area,E01015615,Peterborough 013E,Anti-social behaviour,,
,2022-06,Cambridgeshire Constabulary,Cambridgeshire Constabulary,-0.217891,52.588694,On or near Hill Close,E01015615,Peterborough 013E,Anti-social behaviour,,
cb0b055d92205c3089c609f2262a9c504e8c7fe68a9187ec66f51de1cacd5c60,2022-06,Cambridgeshire Constabulary,Cambridgeshire Constabulary,-0.222836,52.586143,On or near Briar Way,E01015615,Peterborough 013E,Burglary,Investigation complete; no suspect identified,
1e7872ff9f9de0008aa9f941209c7275d6530c3dd7e0893a166bfef992159d04,2022-06,Cambridgeshire Constabulary,Cambridgeshire Constabulary,-0.224226,52.586811,On or near Petrol Station,E01015615,Peterborough 013E,Criminal damage and arson,Unable to prosecute suspect,
57b804dca69d6d9f68aa634fbeb2910679561391b27619894a6db16a437f4a4d,2022-06,Cambridgeshire Constabulary,Cambridgeshire Constabulary,-0.224226,52.586811,On or near Petrol Station,E01015615,Peterborough 013E,Criminal damage and arson,Unable to prosecute suspect,
dda0feab4f736cc49e2d62854c852149bb8271ac8d1b35769b2994784b17d513,2022-06,Cambridgeshire Constabulary,Cambridgeshire Constabulary,-0.218807,52.585750,On or near Viney Close,E01015615,Peterborough 013E,Criminal damage and arson,Unable to prosecute suspect,
0dea20a4d630038a93d8078988dae346aba56af49e077aa8b19ee077faa6ca82,2022-06,Cambridgeshire Constabulary,Cambridgeshire Constabulary,-0.227275,52.584789,On or near Eastfield Road,E01015615,Peterborough 013E,Criminal damage and arson,Investigation complete; no suspect identified,
0cee2da735c8073e3bcf437fed7bd8c9968c16ec7b1852776804681d86af9c57,2022-06,Cambridgeshire Constabulary,Cambridgeshire Constabulary,-0.224226,52.586811,On or near Petrol Station,E01015615,Peterborough 013E,Other theft,Investigation complete; no suspect identified,
1b16653b1986da48de15ac232f9f98fb3c48a845af122555ba5b1ca4be81983e,2022-06,Cambridgeshire Constabulary,Cambridgeshire Constabulary,-0.224226,52.586811,On or near Petrol Station,E01015615,Peterborough 013E,Public order,Unable to prosecute suspect,
ff8d696e775cd172fc5573ff552ed103a4d3754b5234059e3a49545ef094e834,2022-06,Cambridgeshire Constabulary,Cambridgeshire Constabulary,-0.227510,52.582616,On or near Sports/Recreation Area,E01015615,Peterborough 013E,Public order,Unable to prosecute suspect,
9cb7f3423d44d71887a7b45c863215396b6204e53d16e393614908b6af504630,2022-06,Cambridgeshire Constabulary,Cambridgeshire Constabulary,-0.224226,52.586811,On or near Petrol Station,E01015615,Peterborough 013E,Theft from the person,Unable to prosecute suspect,
d12d88bc673417eb8843461d36ab3400555b4909655b8a6106700922547a6cde,2022-06,Cambridgeshire Constabulary,Cambridgeshire Constabulary,-0.222836,52.586143,On or near Briar Way,E01015615,Peterborough 013E,Vehicle crime,Investigation complete; no suspect identified,
585b92da399e51229afe2bec03f1c6eda01de3d281c3a534fcf1726cdb6d653a,2022-06,Cambridgeshire Constabulary,Cambridgeshire Constabulary,-0.221624,52.585810,On or near Reeves Way,E01015615,Peterborough 013E,Violence and sexual offences,Unable to prosecute suspect,
11882338842f3a007d147f273b87bd6e30923fb20eab4bf7a9c0d727b00237db,2022-06,Cambridgeshire Constabulary,Cambridgeshire Constabulary,-0.218807,52.585750,On or near Viney Close,E01015615,Peterborough 013E,Violence and sexual offences,Unable to prosecute suspect,
f88e5817c4c26631916397d1f8e51d4a57f64063a82d66b61f7d90ba5e16d446,2022-06,Cambridgeshire Constabulary,Cambridgeshire Constabulary,-0.227275,52.584789,On or near Eastfield Road,E01015615,Peterborough 013E,Violence and sexual offences,Unable to prosecute suspect,
dfa3f9193d73cd49ae8bfc63d46896307aec3af93c44a4e90ae488aefd6b2396,2022-06,Cambridgeshire Constabulary,Cambridgeshire Constabulary,-0.227510,52.582616,On or near Sports/Recreation Area,E01015615,Peterborough 013E,Violence and sexual offences,Investigation complete; no suspect identified,
a335597693ea8272fb9254b7bd68823fe65eeaaa2350c09d74749b9cd90e77c4,2022-06,Cambridgeshire Constabulary,Cambridgeshire Constabulary,-0.227510,52.582616,On or near Sports/Recreation Area,E01015615,Peterborough 013E,Violence and sexual offences,Investigation complete; no suspect identified,
519f3fb333bf52b11421f46cadb55f41a8f73bde26af935f02b0b028ba0b45d7,2022-06,Cambridgeshire Constabulary,Cambridgeshire Constabulary,-0.218807,52.585750,On or near Viney Close,E01015615,Peterborough 013E,Violence and sexual offences,Action to be taken by another organisation,
,2022-06,Cambridgeshire Constabulary,Cambridgeshire Constabulary,-0.214116,52.577335,On or near Padholme Road East,E01015616,Peterborough 013F,Anti-social behaviour,,
,2022-06,Cambridgeshire Constabulary,Cambridgeshire Constabulary,-0.225318,52.580255,On or near Park Lane,E01015616,Peterborough 013F,Anti-social behaviour,,
,2022-06,Cambridgeshire Constabulary,Cambridgeshire Constabulary,-0.209781,52.585919,On or near Sports/Recreation Area,E01015616,Peterborough 013F,Anti-social behaviour,,
,2022-06,Cambridgeshire Constabulary,Cambridgeshire Constabulary,-0.225318,52.580255,On or near Park Lane,E01015616,Peterborough 013F,Anti-social behaviour,,
,2022-06,Cambridgeshire Constabulary,Cambridgeshire Constabulary,-0.227539,52.580801,On or near Kingsley Road,E01015616,Peterborough 013F,Anti-social behaviour,,
,2022-06,Cambridgeshire Constabulary,Cambridgeshire Constabulary,-0.207198,52.580135,On or near Newark Road,E01015616,Peterborough 013F,Anti-social behaviour,,
bc6789c50e88bd47b04aa43699975a2e5bc4cd74e5eee87480f6ef2ba6837e75,2022-06,Cambridgeshire Constabulary,Cambridgeshire Constabulary,-0.225774,52.582492,On or near Norman Road,E01015616,Peterborough 013F,Criminal damage and arson,Investigation complete; no suspect identified,
db8728a8176a200ce82be78794f7b9e4ce3da10abaf58067a71a572f533f8907,2022-06,Cambridgeshire Constabulary,Cambridgeshire Constabulary,-0.227539,52.580801,On or near Kingsley Road,E01015616,Peterborough 013F,Drugs,Unable to prosecute suspect,
91a420bb00f382e4c0c12619780a1367dcc6b7bb563d88c74fb4ac330d214df0,2022-06,Cambridgeshire Constabulary,Cambridgeshire Constabulary,-0.227539,52.580801,On or near Kingsley Road,E01015616,Peterborough 013F,Drugs,Unable to prosecute suspect,
ba121bc0d0139dfad6e65ad577b7715e12af5ee21670eda4a3e13636abc49819,2022-06,Cambridgeshire Constabulary,Cambridgeshire Constabulary,-0.218032,52.576486,On or near Roundhouse Close,E01015616,Peterborough 013F,Other theft,Investigation complete; no suspect identified,
b355cc289a64d51dcd780aa8135dddde6fcc2c0d8873b262ef3b878a8bfe717d,2022-06,Cambridgeshire Constabulary,Cambridgeshire Constabulary,-0.210090,52.578695,On or near Flag Business Exchange,E01015616,Peterborough 013F,Other theft,Investigation complete; no suspect identified,
b5de7dd0639fbe50e384be1a95db14b8b0de8efeef9a21191acb4f27a35330b4,2022-06,Cambridgeshire Constabulary,Cambridgeshire Constabulary,-0.221194,52.576759,On or near Petrol Station,E01015616,Peterborough 013F,Other theft,Status update unavailable,
706a9d1d5c25483eaee5999b3e1615fdbc30d078aae5159a0ac6c6a66a1db53f,2022-06,Cambridgeshire Constabulary,Cambridgeshire Constabulary,-0.203833,52.584454,On or near Edgerley Drain Road,E01015616,Peterborough 013F,Other theft,Investigation complete; no suspect identified,
c4d9723b21485fd0d80e13700b50f74d317f94132f465187eb67ad63ca43b149,2022-06,Cambridgeshire Constabulary,Cambridgeshire Constabulary,-0.210090,52.578695,On or near Flag Business Exchange,E01015616,Peterborough 013F,Other theft,Investigation complete; no suspect identified,
4afb1c618ace29123238fc6c4dd3d0d4f267f8972225670615c10ca87ab5089f,2022-06,Cambridgeshire Constabulary,Cambridgeshire Constabulary,-0.214116,52.577335,On or near Padholme Road East,E01015616,Peterborough 013F,Public order,Investigation complete; no suspect identified,
e7f5cad11f23a310bbd87dd69bb160f4999be88bd6ddfaeb53f7f33c23ef3ffa,2022-06,Cambridgeshire Constabulary,Cambridgeshire Constabulary,-0.214116,52.577335,On or near Padholme Road East,E01015616,Peterborough 013F,Public order,Investigation complete; no suspect identified,
7bb9a14c32c8e2d2bdb39a12f070f20c91491397558deef78c8188e233214b79,2022-06,Cambridgeshire Constabulary,Cambridgeshire Constabulary,-0.225318,52.580255,On or near Park Lane,E01015616,Peterborough 013F,Public order,Local resolution,
f1a74de320f1eb2e041c14870a690ffc6e16da71169099eb6c446a3ba098c126,2022-06,Cambridgeshire Constabulary,Cambridgeshire Constabulary,-0.225318,52.580255,On or near Park Lane,E01015616,Peterborough 013F,Public order,Unable to prosecute suspect,
dd95d4798768c961f6b01f4a10378c2fecff84bd43647f879f1f403c7c6f39b1,2022-06,Cambridgeshire Constabulary,Cambridgeshire Constabulary,-0.228505,52.579539,On or near Durham Road,E01015616,Peterborough 013F,Public order,Investigation complete; no suspect identified,
1f02e1ceffff32830282b415279828170031af2f9cc04157552b6f04d80c951f,2022-06,Cambridgeshire Constabulary,Cambridgeshire Constabulary,-0.218032,52.576486,On or near Roundhouse Close,E01015616,Peterborough 013F,Shoplifting,Investigation complete; no suspect identified,
6c8185052d76f84e32e8cd31044fe7005da96732497ac0f03e2d9b0ef37e8ed6,2022-06,Cambridgeshire Constabulary,Cambridgeshire Constabulary,-0.218032,52.576486,On or near Roundhouse Close,E01015616,Peterborough 013F,Shoplifting,Unable to prosecute suspect,
c088f00f6c555b153647921525f449d49d41f1f53a7e7e80a15c639827a0ee1f,2022-06,Cambridgeshire Constabulary,Cambridgeshire Constabulary,-0.218032,52.576486,On or near Roundhouse Close,E01015616,Peterborough 013F,Shoplifting,Court result unavailable,
1db9187803c705f85552311f0a3f3ad17ecdc437be3ad3c4e045b8e51ab24708,2022-06,Cambridgeshire Constabulary,Cambridgeshire Constabulary,-0.218032,52.576486,On or near Roundhouse Close,E01015616,Peterborough 013F,Shoplifting,Court result unavailable,
e2a03904c49e42402c243a23ab808cc423296e4a6506a84f9687771a3d867505,2022-06,Cambridgeshire Constabulary,Cambridgeshire Constabulary,-0.210805,52.579272,On or near Vicarage Farm Road,E01015616,Peterborough 013F,Vehicle crime,Unable to prosecute suspect,
80b27d3ddc17a4eec6f59e352b79302f0f3670f12881e8a29f2c591828f02059,2022-06,Cambridgeshire Constabulary,Cambridgeshire Constabulary,-0.208396,52.583336,On or near Sports/Recreation Area,E01015616,Peterborough 013F,Vehicle crime,Investigation complete; no suspect identified,
19e720435a307d7779b11d2833947a03741d41b9666f8baef8d376fbf3101517,2022-06,Cambridgeshire Constabulary,Cambridgeshire Constabulary,-0.210805,52.579272,On or near Vicarage Farm Road,E01015616,Peterborough 013F,Violence and sexual offences,Offender given a caution,
94935ebc17e019b3ef1c34bb5516d525d87c57d9b0d58bbc3278c833cbd3d535,2022-06,Cambridgeshire Constabulary,Cambridgeshire Constabulary,-0.225774,52.582492,On or near Norman Road,E01015616,Peterborough 013F,Violence and sexual offences,Status update unavailable,
63febf947f5e4c7413475987e0ea36f28e2a7fe281d210562b72c2a5f874d282,2022-06,Cambridgeshire Constabulary,Cambridgeshire Constabulary,-0.225774,52.582492,On or near Norman Road,E01015616,Peterborough 013F,Violence and sexual offences,Unable to prosecute suspect,
f506a4340e40b2b7930144ff19f5569619474a0887603eff41d6a4619062028e,2022-06,Cambridgeshire Constabulary,Cambridgeshire Constabulary,-0.226606,52.577946,On or near De Bec Close,E01015616,Peterborough 013F,Violence and sexual offences,Unable to prosecute suspect,
169d8504cd82d359d83270d411575823f93a7d121f05f0cd2f56ada18b6146fd,2022-06,Cambridgeshire Constabulary,Cambridgeshire Constabulary,-0.226606,52.577946,On or near De Bec Close,E01015616,Peterborough 013F,Violence and sexual offences,Unable to prosecute suspect,
3f4d0c824cc7a3af45f85f95a40bd372af33b4ea9799fe8717b09bb455d501da,2022-06,Cambridgeshire Constabulary,Cambridgeshire Constabulary,-0.225318,52.580255,On or near Park Lane,E01015616,Peterborough 013F,Violence and sexual offences,Unable to prosecute suspect,
37ffc3803b6b636114c3031f55a04e00731f01c12d8b8ba6069c46c4b6d120f5,2022-06,Cambridgeshire Constabulary,Cambridgeshire Constabulary,-0.227539,52.580801,On or near Kingsley Road,E01015616,Peterborough 013F,Violence and sexual offences,Unable to prosecute suspect,
cd923608d0cc696944cfe245e1a8a0228473cf634a6fc0e80469f8b7ee855f6a,2022-06,Cambridgeshire Constabulary,Cambridgeshire Constabulary,-0.224316,52.578756,On or near Eastleigh Road,E01015616,Peterborough 013F,Violence and sexual offences,Unable to prosecute suspect,
a5005c3ca9b4fdb7398b31ed2513751927db3f4871732bae4ead316d1c6962b6,2022-06,Cambridgeshire Constabulary,Cambridgeshire Constabulary,-0.225318,52.580255,On or near Park Lane,E01015616,Peterborough 013F,Violence and sexual offences,Unable to prosecute suspect,
03a7cf9bb251de259fe8ccf15cc08172ab8a8fcc955d20eeab8632d88d6f1cd0,2022-06,Cambridgeshire Constabulary,Cambridgeshire Constabulary,-0.225774,52.582492,On or near Norman Road,E01015616,Peterborough 013F,Violence and sexual offences,Local resolution,
aa363eaac7a8e88243df426b2d5d1fa7717443fa32180f105d25585841fd889e,2022-06,Cambridgeshire Constabulary,Cambridgeshire Constabulary,-0.209781,52.585919,On or near Sports/Recreation Area,E01015616,Peterborough 013F,Violence and sexual offences,Local resolution,
e19b63a7ac6f3278c12f60dde1296b72342f4d249bfd5f384235d4d4174b4b8e,2022-06,Cambridgeshire Constabulary,Cambridgeshire Constabulary,-0.218032,52.576486,On or near Roundhouse Close,E01015616,Peterborough 013F,Violence and sexual offences,Court result unavailable,
261ea3c3f0d623adf20486b22390e1dbe7055cbf9fdf2b6601521fac6bdfcd91,2022-06,Cambridgeshire Constabulary,Cambridgeshire Constabulary,-0.208396,52.583336,On or near Sports/Recreation Area,E01015616,Peterborough 013F,Violence and sexual offences,Unable to prosecute suspect,
a98a5bd160f6f7f480bba97ebe25a771f51b78ddc258d5400d5e41c4c24e7237,2022-06,Cambridgeshire Constabulary,Cambridgeshire Constabulary,-0.210805,52.579272,On or near Vicarage Farm Road,E01015616,Peterborough 013F,Violence and sexual offences,Unable to prosecute suspect,
284f13280da9995e0329bf1fbf16b94181427c5aeb83e82ab9bbfdb0c0ba5252,2022-06,Cambridgeshire Constabulary,Cambridgeshire Constabulary,-0.224316,52.578756,On or near Eastleigh Road,E01015616,Peterborough 013F,Violence and sexual offences,Unable to prosecute suspect,
6dd4f2826baf5ca2400d82e3b08e0f005d16e5244acd2743fe2d472e74a3af75,2022-06,Cambridgeshire Constabulary,Cambridgeshire Constabulary,-0.226606,52.577946,On or near De Bec Close,E01015616,Peterborough 013F,Violence and sexual offences,Unable to prosecute suspect,
6726aab2446e37cd757afa0df8e442ab0c1fb0673d1a785e991434721a1fa22e,2022-06,Cambridgeshire Constabulary,Cambridgeshire Constabulary,-0.225318,52.580255,On or near Park Lane,E01015616,Peterborough 013F,Violence and sexual offences,Unable to prosecute suspect,
d7c69bf16416c391b77b8b47025a6ba42a2981fed5d5b3dfcca7c3284ba25817,2022-06,Cambridgeshire Constabulary,Cambridgeshire Constabulary,-0.218032,52.576486,On or near Roundhouse Close,E01015616,Peterborough 013F,Violence and sexual offences,Unable to prosecute suspect,
16493bdd7a2a453427c88baeea77f107bc8f160fffd875d3c7cc1c2af7d98692,2022-06,Cambridgeshire Constabulary,Cambridgeshire Constabulary,-0.218032,52.576486,On or near Roundhouse Close,E01015616,Peterborough 013F,Violence and sexual offences,Court result unavailable,
453decf23f6fcc2d71bc3b293f744fb6fd8326cda959acf618c69fe5b1a2338e,2022-06,Cambridgeshire Constabulary,Cambridgeshire Constabulary,-0.218032,52.576486,On or near Roundhouse Close,E01015616,Peterborough 013F,Violence and sexual offences,Unable to prosecute suspect,
91b80510cc43fb6c965d194b98d6a41376666bdf7c8e1453b7297345d51b299b,2022-06,Cambridgeshire Constabulary,Cambridgeshire Constabulary,-0.218032,52.576486,On or near Roundhouse Close,E01015616,Peterborough 013F,Other crime,Status update unavailable,
,2022-06,Cambridgeshire Constabulary,Cambridgeshire Constabulary,-0.250070,52.580228,On or near Dyson Close,E01015599,Peterborough 014A,Anti-social behaviour,,
,2022-06,Cambridgeshire Constabulary,Cambridgeshire Constabulary,-0.250070,52.580228,On or near Dyson Close,E01015599,Peterborough 014A,Anti-social behaviour,,
,2022-06,Cambridgeshire Constabulary,Cambridgeshire Constabulary,-0.245074,52.572655,On or near Church Street,E01015599,Peterborough 014A,Anti-social behaviour,,
,2022-06,Cambridgeshire Constabulary,Cambridgeshire Constabulary,-0.244992,52.575828,On or near Parking Area,E01015599,Peterborough 014A,Anti-social behaviour,,
,2022-06,Cambridgeshire Constabulary,Cambridgeshire Constabulary,-0.241286,52.574020,On or near Midgate,E01015599,Peterborough 014A,Anti-social behaviour,,
,2022-06,Cambridgeshire Constabulary,Cambridgeshire Constabulary,-0.241545,52.571245,On or near St Peters Road,E01015599,Peterborough 014A,Anti-social behaviour,,
,2022-06,Cambridgeshire Constabulary,Cambridgeshire Constabulary,-0.241286,52.574020,On or near Midgate,E01015599,Peterborough 014A,Anti-social behaviour,,
,2022-06,Cambridgeshire Constabulary,Cambridgeshire Constabulary,-0.243696,52.570945,On or near Wentworth Street,E01015599,Peterborough 014A,Anti-social behaviour,,
,2022-06,Cambridgeshire Constabulary,Cambridgeshire Constabulary,-0.235427,52.576963,On or near Crawthorne Road,E01015599,Peterborough 014A,Anti-social behaviour,,
,2022-06,Cambridgeshire Constabulary,Cambridgeshire Constabulary,-0.246989,52.576073,On or near Parking Area,E01015599,Peterborough 014A,Anti-social behaviour,,
,2022-06,Cambridgeshire Constabulary,Cambridgeshire Constabulary,-0.247580,52.573088,On or near Pedestrian Subway,E01015599,Peterborough 014A,Anti-social behaviour,,
,2022-06,Cambridgeshire Constabulary,Cambridgeshire Constabulary,-0.240393,52.570896,On or near Parking Area,E01015599,Peterborough 014A,Anti-social behaviour,,
,2022-06,Cambridgeshire Constabulary,Cambridgeshire Constabulary,-0.243921,52.568655,On or near Viersen Platz,E01015599,Peterborough 014A,Anti-social behaviour,,
,2022-06,Cambridgeshire Constabulary,Cambridgeshire Constabulary,-0.235427,52.576963,On or near Crawthorne Road,E01015599,Peterborough 014A,Anti-social behaviour,,
,2022-06,Cambridgeshire Constabulary,Cambridgeshire Constabulary,-0.246537,52.574448,On or near Bus/Coach Station,E01015599,Peterborough 014A,Anti-social behaviour,,
,2022-06,Cambridgeshire Constabulary,Cambridgeshire Constabulary,-0.235427,52.576963,On or near Crawthorne Road,E01015599,Peterborough 014A,Anti-social behaviour,,
,2022-06,Cambridgeshire Constabulary,Cambridgeshire Constabulary,-0.241286,52.574020,On or near Midgate,E01015599,Peterborough 014A,Anti-social behaviour,,
,2022-06,Cambridgeshire Constabulary,Cambridgeshire Constabulary,-0.243155,52.570838,On or near Shopping Area,E01015599,Peterborough 014A,Anti-social behaviour,,
,2022-06,Cambridgeshire Constabulary,Cambridgeshire Constabulary,-0.241137,52.574809,On or near Supermarket,E01015599,Peterborough 014A,Anti-social behaviour,,
,2022-06,Cambridgeshire Constabulary,Cambridgeshire Constabulary,-0.241286,52.574020,On or near Midgate,E01015599,Peterborough 014A,Anti-social behaviour,,
,2022-06,Cambridgeshire Constabulary,Cambridgeshire Constabulary,-0.240793,52.572331,On or near Conference/Exhibition Centre,E01015599,Peterborough 014A,Anti-social behaviour,,
,2022-06,Cambridgeshire Constabulary,Cambridgeshire Constabulary,-0.241286,52.574020,On or near Midgate,E01015599,Peterborough 014A,Anti-social behaviour,,
,2022-06,Cambridgeshire Constabulary,Cambridgeshire Constabulary,-0.238603,52.575418,On or near Nightclub,E01015599,Peterborough 014A,Anti-social behaviour,,
,2022-06,Cambridgeshire Constabulary,Cambridgeshire Constabulary,-0.245074,52.572655,On or near Church Street,E01015599,Peterborough 014A,Anti-social behaviour,,
,2022-06,Cambridgeshire Constabulary,Cambridgeshire Constabulary,-0.241545,52.571245,On or near St Peters Road,E01015599,Peterborough 014A,Anti-social behaviour,,
,2022-06,Cambridgeshire Constabulary,Cambridgeshire Constabulary,-0.235427,52.576963,On or near Crawthorne Road,E01015599,Peterborough 014A,Anti-social behaviour,,
,2022-06,Cambridgeshire Constabulary,Cambridgeshire Constabulary,-0.243155,52.570838,On or near Shopping Area,E01015599,Peterborough 014A,Anti-social behaviour,,
,2022-06,Cambridgeshire Constabulary,Cambridgeshire Constabulary,-0.247848,52.576374,On or near Parking Area,E01015599,Peterborough 014A,Anti-social behaviour,,
,2022-06,Cambridgeshire Constabulary,Cambridgeshire Constabulary,-0.250070,52.580228,On or near Dyson Close,E01015599,Peterborough 014A,Anti-social behaviour,,
,2022-06,Cambridgeshire Constabulary,Cambridgeshire Constabulary,-0.241137,52.574809,On or near Supermarket,E01015599,Peterborough 014A,Anti-social behaviour,,
,2022-06,Cambridgeshire Constabulary,Cambridgeshire Constabulary,-0.241286,52.574020,On or near Midgate,E01015599,Peterborough 014A,Anti-social behaviour,,
5facc366e8e0c64d096d414113644cc2d259d61c631b2640e4cb2609ef6d4350,2022-06,Cambridgeshire Constabulary,Cambridgeshire Constabulary,-0.245074,52.572655,On or near Church Street,E01015599,Peterborough 014A,Bicycle theft,Investigation complete; no suspect identified,
74ddd43069fc4867b513ff966090cf670d651d384f831f14417027974c577a49,2022-06,Cambridgeshire Constabulary,Cambridgeshire Constabulary,-0.241881,52.570594,On or near Nightclub,E01015599,Peterborough 014A,Bicycle theft,Unable to prosecute suspect,
4fe720bf8825fd0af3e8dc38545d595df1d2d44a71ea01f0d2f67b81477723bc,2022-06,Cambridgeshire Constabulary,Cambridgeshire Constabulary,-0.241137,52.574809,On or near Supermarket,E01015599,Peterborough 014A,Bicycle theft,Investigation complete; no suspect identified,
1c2d69b724db95b7b58638230ae9ca25876db852d79138582ae686c55e05b4db,2022-06,Cambridgeshire Constabulary,Cambridgeshire Constabulary,-0.241873,52.569299,On or near Bridge Street,E01015599,Peterborough 014A,Bicycle theft,Investigation complete; no suspect identified,
dd7f1c74e208fc741402f52cf3ee0145b7d46d9f2e95850a9cd3b92c23ea1b93,2022-06,Cambridgeshire Constabulary,Cambridgeshire Constabulary,-0.242527,52.576583,On or near Fitzwilliam Street,E01015599,Peterborough 014A,Bicycle theft,Investigation complete; no suspect identified,
b65f6f6d2bfb9cebc8d9d8147358c7e0ea1aeac7748c89101e74fbb8065a921e,2022-06,Cambridgeshire Constabulary,Cambridgeshire Constabulary,-0.241376,52.572870,On or near Dean'S Court,E01015599,Peterborough 014A,Bicycle theft,Investigation complete; no suspect identified,
0cbdd45a623f074de5319e2dad2e77f44aa5be9bdc029b2133ca1feea061637f,2022-06,Cambridgeshire Constabulary,Cambridgeshire Constabulary,-0.241376,52.572870,On or near Dean'S Court,E01015599,Peterborough 014A,Bicycle theft,Investigation complete; no suspect identified,
67260919774bffcfafae591aabe841ae9a20a7c196087c7865886ffc351b9a0b,2022-06,Cambridgeshire Constabulary,Cambridgeshire Constabulary,-0.241545,52.571245,On or near St Peters Road,E01015599,Peterborough 014A,Bicycle theft,Investigation complete; no suspect identified,
408709f39fde144f68575758d2b52eeec3290cdd9d9a4537e1812c964c4e0274,2022-06,Cambridgeshire Constabulary,Cambridgeshire Constabulary,-0.241873,52.569299,On or near Bridge Street,E01015599,Peterborough 014A,Bicycle theft,Investigation complete; no suspect identified,
7e0e8deff0a37cbfdd2062d1a2bb482a364bc2ff2e0accffe9c614140da79822,2022-06,Cambridgeshire Constabulary,Cambridgeshire Constabulary,-0.246246,52.572880,On or near Cowgate,E01015599,Peterborough 014A,Bicycle theft,Investigation complete; no suspect identified,
ae90f69d076e730deaad261949734b3233b0ff79bf749286c3ee9c41bb23711c,2022-06,Cambridgeshire Constabulary,Cambridgeshire Constabulary,-0.243921,52.568655,On or near Viersen Platz,E01015599,Peterborough 014A,Bicycle theft,Court result unavailable,
4aea6c6781197eb44731ce19224070be8a27cad3be5771ac1dfcaac0bd868e5b,2022-06,Cambridgeshire Constabulary,Cambridgeshire Constabulary,-0.241873,52.569299,On or near Bridge Street,E01015599,Peterborough 014A,Bicycle theft,Investigation complete; no suspect identified,
a26036dff9fe7b1ba57c1447e874ad03a24814530cb49c2330d6b88b443445a3,2022-06,Cambridgeshire Constabulary,Cambridgeshire Constabulary,-0.243921,52.568655,On or near Viersen Platz,E01015599,Peterborough 014A,Bicycle theft,Unable to prosecute suspect,
b94ca7637843b659168a11406f2f69e33f6678a163fffd90969074ca7d98af84,2022-06,Cambridgeshire Constabulary,Cambridgeshire Constabulary,-0.241545,52.571245,On or near St Peters Road,E01015599,Peterborough 014A,Bicycle theft,Investigation complete; no suspect identified,
08e66bb586a2819480deb51101c5ccec52cfaf7a672a87e9bf7a55236966bd80,2022-06,Cambridgeshire Constabulary,Cambridgeshire Constabulary,-0.242527,52.576583,On or near Fitzwilliam Street,E01015599,Peterborough 014A,Bicycle theft,Investigation complete; no suspect identified,
157bd65c976c9bec01c28ffe43944b8be63a114ca6419af454036c7e22c4ec5f,2022-06,Cambridgeshire Constabulary,Cambridgeshire Constabulary,-0.243921,52.568655,On or near Viersen Platz,E01015599,Peterborough 014A,Bicycle theft,Investigation complete; no suspect identified,
7ac1f674325bfb81f5c493b8df23cb517e6ac06dafdbfc511d4179748d067126,2022-06,Cambridgeshire Constabulary,Cambridgeshire Constabulary,-0.241376,52.572870,On or near Dean'S Court,E01015599,Peterborough 014A,Bicycle theft,Court result unavailable,
6444e0c6bbf1ea6d040e3700452f8a1a928bc048790a71badabf2a8c90e39bd9,2022-06,Cambridgeshire Constabulary,Cambridgeshire Constabulary,-0.243921,52.568655,On or near Viersen Platz,E01015599,Peterborough 014A,Bicycle theft,Investigation complete; no suspect identified,
5c31e2e07bf199fbc82909fb92953422e7ca1729f0e21fede5a6d3d4e0319e63,2022-06,Cambridgeshire Constabulary,Cambridgeshire Constabulary,-0.243921,52.568655,On or near Viersen Platz,E01015599,Peterborough 014A,Bicycle theft,Investigation complete; no suspect identified,
a9c965435bce5e4f1e57d5d5ffae975b56955430b31103ca19cf2fdfa78b4311,2022-06,Cambridgeshire Constabulary,Cambridgeshire Constabulary,-0.241286,52.574020,On or near Midgate,E01015599,Peterborough 014A,Bicycle theft,Investigation complete; no suspect identified,
d342f17335e789badbf0f81f0b0aa591e158b66b616e12433223dc0e0c5f3f08,2022-06,Cambridgeshire Constabulary,Cambridgeshire Constabulary,-0.241545,52.571245,On or near St Peters Road,E01015599,Peterborough 014A,Bicycle theft,Investigation complete; no suspect identified,
7675469b5ca5d11fe8572452c1ca65d9d1246bd477169a5cdc625156241b112d,2022-06,Cambridgeshire Constabulary,Cambridgeshire Constabulary,-0.241137,52.574809,On or near Supermarket,E01015599,Peterborough 014A,Bicycle theft,Investigation complete; no suspect identified,
2fbda2b9e0934b6545dc69fd1b75942a4fdd393bd3808c9a554d519452012d4b,2022-06,Cambridgeshire Constabulary,Cambridgeshire Constabulary,-0.241137,52.574809,On or near Supermarket,E01015599,Peterborough 014A,Bicycle theft,Investigation complete; no suspect identified,
429f02492f1dd1a82826793942d61e07fa1ef93516e1023944c2e48167e53331,2022-06,Cambridgeshire Constabulary,Cambridgeshire Constabulary,-0.244900,52.572212,On or near Cross Street,E01015599,Peterborough 014A,Bicycle theft,Investigation complete; no suspect identified,
93247f865c8f1520c9f807b412ef2aa313196d633761fe8d1449978b391ced81,2022-06,Cambridgeshire Constabulary,Cambridgeshire Constabulary,-0.241873,52.569299,On or near Bridge Street,E01015599,Peterborough 014A,Bicycle theft,Investigation complete; no suspect identified,
18141a26229eea6233d21f21bb4691f1243a42489292a0a5e2e836c71ef46ef0,2022-06,Cambridgeshire Constabulary,Cambridgeshire Constabulary,-0.245702,52.570237,On or near Albert Place,E01015599,Peterborough 014A,Bicycle theft,Investigation complete; no suspect identified,
1419702de173efc3e82da51f25df94f193a9f8336596974e9d24ae606f937d7d,2022-06,Cambridgeshire Constabulary,Cambridgeshire Constabulary,-0.250492,52.578157,On or near Pedestrian Subway,E01015599,Peterborough 014A,Burglary,Investigation complete; no suspect identified,
ef79ded53664d797dffccf284b7214f75a11ec7a75699b819d6eef846b40306e,2022-06,Cambridgeshire Constabulary,Cambridgeshire Constabulary,-0.245401,52.572984,On or near King Street,E01015599,Peterborough 014A,Burglary,Unable to prosecute suspect,
e12b395b958bb504f7d602cfef3efab3b60f96174ba8c503fb5d88ec9f02118d,2022-06,Cambridgeshire Constabulary,Cambridgeshire Constabulary,-0.241376,52.572870,On or near Dean'S Court,E01015599,Peterborough 014A,Burglary,Investigation complete; no suspect identified,
d50dd2d42054adc391f8c112232ff874933d26cd09976621e6deda7f28d813c9,2022-06,Cambridgeshire Constabulary,Cambridgeshire Constabulary,-0.241376,52.572870,On or near Dean'S Court,E01015599,Peterborough 014A,Burglary,Investigation complete; no suspect identified,
b00e7d244f19817bec7f6e068bcb06d04cb688370a70b0da031a46adc3d58f23,2022-06,Cambridgeshire Constabulary,Cambridgeshire Constabulary,-0.243155,52.570838,On or near Shopping Area,E01015599,Peterborough 014A,Burglary,Unable to prosecute suspect,
d6a09f50e7b39ffffa41c8dd14609221778fbacacae50b8dc75453d61ec921b7,2022-06,Cambridgeshire Constabulary,Cambridgeshire Constabulary,-0.244978,52.574695,On or near Shopping Area,E01015599,Peterborough 014A,Burglary,Unable to prosecute suspect,
5ecc7fe83d6b2d9afeeb31332396eb485e7a16321f5143670aab6f2341fa979d,2022-06,Cambridgeshire Constabulary,Cambridgeshire Constabulary,-0.241286,52.574020,On or near Midgate,E01015599,Peterborough 014A,Burglary,Investigation complete; no suspect identified,
73c64b657cd6127ad4cff243347df5b38bf1fbf666366f7203ca7027f1b75b77,2022-06,Cambridgeshire Constabulary,Cambridgeshire Constabulary,-0.243155,52.570838,On or near Shopping Area,E01015599,Peterborough 014A,Burglary,Investigation complete; no suspect identified,
bd4fee9ab89680413b134e12fd697d80a7327c22ae568457a253516493c649ef,2022-06,Cambridgeshire Constabulary,Cambridgeshire Constabulary,-0.250492,52.578157,On or near Pedestrian Subway,E01015599,Peterborough 014A,Criminal damage and arson,Investigation complete; no suspect identified,
eb59ad64d70ec7eb7af6523f026e8ed1c6a053ad0977a1b8306e7e495124fe30,2022-06,Cambridgeshire Constabulary,Cambridgeshire Constabulary,-0.250492,52.578157,On or near Pedestrian Subway,E01015599,Peterborough 014A,Criminal damage and arson,Investigation complete; no suspect identified,
b72a7ab863082ced1f7b9fd08933274ebe6759fcfc7d70555fdc747a03e39df2,2022-06,Cambridgeshire Constabulary,Cambridgeshire Constabulary,-0.241286,52.574020,On or near Midgate,E01015599,Peterborough 014A,Criminal damage and arson,Investigation complete; no suspect identified,
699cf02d5412aa9105d4fcc3ed82c0a3295518e3bc763e49f580b1c409818407,2022-06,Cambridgeshire Constabulary,Cambridgeshire Constabulary,-0.245401,52.572984,On or near King Street,E01015599,Peterborough 014A,Criminal damage and arson,Investigation complete; no suspect identified,
8dc54d0bb41c0359139bc336bdee29b907c9cbddaaa38392afac32249ad92bc8,2022-06,Cambridgeshire Constabulary,Cambridgeshire Constabulary,-0.245401,52.572984,On or near King Street,E01015599,Peterborough 014A,Criminal damage and arson,Offender given a caution,
f5750c1763366c7626940529b02532a47b7f4f86e523aa21408aaf99f187a43d,2022-06,Cambridgeshire Constabulary,Cambridgeshire Constabulary,-0.246989,52.576073,On or near Parking Area,E01015599,Peterborough 014A,Criminal damage and arson,Unable to prosecute suspect,
e8c82526109d89b56b25bba15c1d83c06bf80aaae342b72f230921d688b0e56d,2022-06,Cambridgeshire Constabulary,Cambridgeshire Constabulary,-0.246989,52.576073,On or near Parking Area,E01015599,Peterborough 014A,Criminal damage and arson,Investigation complete; no suspect identified,
37f84bb0ce520cee047cbc7f1956ebe469ee0f9b72e8871b903e9c644cd357c8,2022-06,Cambridgeshire Constabulary,Cambridgeshire Constabulary,-0.245643,52.576530,On or near Parking Area,E01015599,Peterborough 014A,Criminal damage and arson,Investigation complete; no suspect identified,
d86e00c2cb18b54c105b8d9ef7b43b0c5cff3e2a65691f86dd74e7efb82a0348,2022-06,Cambridgeshire Constabulary,Cambridgeshire Constabulary,-0.240793,52.572331,On or near Conference/Exhibition Centre,E01015599,Peterborough 014A,Criminal damage and arson,Unable to prosecute suspect,
9eec1e8a441dc871784ca203e956752f04456f71485ac227cf4218feb26d5134,2022-06,Cambridgeshire Constabulary,Cambridgeshire Constabulary,-0.242527,52.576583,On or near Fitzwilliam Street,E01015599,Peterborough 014A,Criminal damage and arson,Unable to prosecute suspect,
665e6ffd58011fe5ed5316be7eb06b73a2d7fbae65eb7d1ac545e053d9000a8c,2022-06,Cambridgeshire Constabulary,Cambridgeshire Constabulary,-0.246537,52.574448,On or near Bus/Coach Station,E01015599,Peterborough 014A,Criminal damage and arson,Investigation complete; no suspect identified,
55fe5b51d70018150f448e272b714cb1d0f374613b3eb17a817476e3bee2848f,2022-06,Cambridgeshire Constabulary,Cambridgeshire Constabulary,-0.250492,52.578157,On or near Pedestrian Subway,E01015599,Peterborough 014A,Criminal damage and arson,Investigation complete; no suspect identified,
afbefaf9cb912fab29da30ab3e2584d3f9567be022c936f8f301bb625fe7a94f,2022-06,Cambridgeshire Constabulary,Cambridgeshire Constabulary,-0.245401,52.572984,On or near King Street,E01015599,Peterborough 014A,Criminal damage and arson,Investigation complete; no suspect identified,
84a543f9e8f8b109d1f9329c8e873a24ab6af3c8515459039e7960fa65ecd8a2,2022-06,Cambridgeshire Constabulary,Cambridgeshire Constabulary,-0.243837,52.576656,On or near Nightclub,E01015599,Peterborough 014A,Criminal damage and arson,Unable to prosecute suspect,
26006d6f3af86c6c0d26f238bfe98cd9c142dd59a77d1e4fd0fb2cebd7ae8239,2022-06,Cambridgeshire Constabulary,Cambridgeshire Constabulary,-0.245401,52.572984,On or near King Street,E01015599,Peterborough 014A,Criminal damage and arson,Investigation complete; no suspect identified,
4d42ef5afaa16b577f57f67cde1e200756727197a3f05a05a7778fd32665b25c,2022-06,Cambridgeshire Constabulary,Cambridgeshire Constabulary,-0.245074,52.572655,On or near Church Street,E01015599,Peterborough 014A,Criminal damage and arson,Local resolution,
d8a5d6c6efde02f0c70bc20ffbe17d89c10710fb57515a49be2096ab5c747673,2022-06,Cambridgeshire Constabulary,Cambridgeshire Constabulary,-0.247848,52.576374,On or near Parking Area,E01015599,Peterborough 014A,Criminal damage and arson,Investigation complete; no suspect identified,
5e367ab74a0eb468942aa6b27ae89398fc4afc1a66716de1d6940e237eb9bccf,2022-06,Cambridgeshire Constabulary,Cambridgeshire Constabulary,-0.243837,52.576656,On or near Nightclub,E01015599,Peterborough 014A,Criminal damage and arson,Investigation complete; no suspect identified,
2cca31d07bf5df7f1221eb9fefda51ee36d75eee8170d5dca7f7f3c7421d47d6,2022-06,Cambridgeshire Constabulary,Cambridgeshire Constabulary,-0.241137,52.574809,On or near Supermarket,E01015599,Peterborough 014A,Criminal damage and arson,Unable to prosecute suspect,
b0f857af15df042d7c0b3b21fb830fd3ba2f08db692c84d532ce7fa678b7cabb,2022-06,Cambridgeshire Constabulary,Cambridgeshire Constabulary,-0.250492,52.578157,On or near Pedestrian Subway,E01015599,Peterborough 014A,Criminal damage and arson,Unable to prosecute suspect,
76fb551edb14bb5ed0f769527c9fc0196c9553d16860ef199398408906ac6d74,2022-06,Cambridgeshire Constabulary,Cambridgeshire Constabulary,-0.238405,52.574480,On or near City Road,E01015599,Peterborough 014A,Drugs,Status update unavailable,
2a7f34cd2da3b7f192f338dbd1c3c34ba5c79b6610b39791df11aa4c053296ca,2022-06,Cambridgeshire Constabulary,Cambridgeshire Constabulary,-0.243837,52.576656,On or near Nightclub,E01015599,Peterborough 014A,Other theft,Investigation complete; no suspect identified,
4ad8c2dc97f5877c9a6285b7597cda9252cc427dba6efa611290c440729879c5,2022-06,Cambridgeshire Constabulary,Cambridgeshire Constabulary,-0.244566,52.577989,On or near Parking Area,E01015599,Peterborough 014A,Other theft,Investigation complete; no suspect identified,
ecf82a753205208e541d6f7525f46cc02f0d9b85aebbff031636c326bb3e9b31,2022-06,Cambridgeshire Constabulary,Cambridgeshire Constabulary,-0.241137,52.574809,On or near Supermarket,E01015599,Peterborough 014A,Other theft,Investigation complete; no suspect identified,
d059c3a647c24ef5f2fac94c3fb21575a79b78b4df07d2e60ed12c4b09b40fff,2022-06,Cambridgeshire Constabulary,Cambridgeshire Constabulary,-0.246246,52.572880,On or near Cowgate,E01015599,Peterborough 014A,Other theft,Investigation complete; no suspect identified,
ff4c10936f006d4c39a453ea1778cb76c929fcb7edb8fd2b3f5fc7c35d4ff8fa,2022-06,Cambridgeshire Constabulary,Cambridgeshire Constabulary,-0.248427,52.574440,On or near Station Road,E01015599,Peterborough 014A,Other theft,Investigation complete; no suspect identified,
ba7a82abe6642009fa20e71098c3995cb21c3c135c4a70f4604b54ab378db1a0,2022-06,Cambridgeshire Constabulary,Cambridgeshire Constabulary,-0.244900,52.572212,On or near Cross Street,E01015599,Peterborough 014A,Other theft,Investigation complete; no suspect identified,
f8ebf388ad21818e34eb477a3eda88bf5c9e3ef34b817b73f891ee2658d1cbdc,2022-06,Cambridgeshire Constabulary,Cambridgeshire Constabulary,-0.241286,52.574020,On or near Midgate,E01015599,Peterborough 014A,Other theft,Unable to prosecute suspect,
08c078ad1a68c5a3aa004c5f5410e5b6901f777276a1caba448557e8b176c9a6,2022-06,Cambridgeshire Constabulary,Cambridgeshire Constabulary,-0.243837,52.576656,On or near Nightclub,E01015599,Peterborough 014A,Other theft,Investigation complete; no suspect identified,
c4f1e7679b16cc02e8aee1284ae4124f578be4078d72451aacf8e255d9652d85,2022-06,Cambridgeshire Constabulary,Cambridgeshire Constabulary,-0.250070,52.580228,On or near Dyson Close,E01015599,Peterborough 014A,Other theft,Investigation complete; no suspect identified,
f102137917050b2cbcbee73db47bf4aa87c41f536be14b3c2c6a59d4130281ee,2022-06,Cambridgeshire Constabulary,Cambridgeshire Constabulary,-0.238603,52.575418,On or near Nightclub,E01015599,Peterborough 014A,Other theft,Unable to prosecute suspect,
1397ca0b712e2162b2a28bc14f05f773abf42995426b9378cc37f68ab6f5a1e5,2022-06,Cambridgeshire Constabulary,Cambridgeshire Constabulary,-0.245401,52.572984,On or near King Street,E01015599,Peterborough 014A,Other theft,Investigation complete; no suspect identified,
8b59bace177fe124ffffbf017add48fe187e7af83a2ee45e035b071fb86e435d,2022-06,Cambridgeshire Constabulary,Cambridgeshire Constabulary,-0.248215,52.574203,On or near Parking Area,E01015599,Peterborough 014A,Other theft,Investigation complete; no suspect identified,
44812a59a1fa9ce5d8fdfb3f6b02c791515c217ba1d63e3ad54fbd938f867611,2022-06,Cambridgeshire Constabulary,Cambridgeshire Constabulary,-0.241286,52.574020,On or near Midgate,E01015599,Peterborough 014A,Other theft,Court result unavailable,
45d56eed35232f679c213a4b0be501dcd8ee53b0ef98f9a976944a989d68d91f,2022-06,Cambridgeshire Constabulary,Cambridgeshire Constabulary,-0.245173,52.577935,On or near Craig Street,E01015599,Peterborough 014A,Other theft,Investigation complete; no suspect identified,
ba9e0d43b22d100960bcd8491e9ffd1c99926b05f5bf3e53d3b90008ef9d10b9,2022-06,Cambridgeshire Constabulary,Cambridgeshire Constabulary,-0.245401,52.572984,On or near King Street,E01015599,Peterborough 014A,Other theft,Investigation complete; no suspect identified,
5e3011c982de81fb0b682160e7e5089c8d9b82470e9309e9cd6258ae04145181,2022-06,Cambridgeshire Constabulary,Cambridgeshire Constabulary,-0.246989,52.576073,On or near Parking Area,E01015599,Peterborough 014A,Other theft,Investigation complete; no suspect identified,
4bd0eb98dbc340572c9eaf199128e3c8c643a4fcfbc0a97d19f1427ac2d92314,2022-06,Cambridgeshire Constabulary,Cambridgeshire Constabulary,-0.241376,52.572870,On or near Dean'S Court,E01015599,Peterborough 014A,Other theft,Investigation complete; no suspect identified,
bf3d32764d7e5b01ab23f9772a1066253d7bbb43017847e6e3d00637c2db73e4,2022-06,Cambridgeshire Constabulary,Cambridgeshire Constabulary,-0.245401,52.572984,On or near King Street,E01015599,Peterborough 014A,Other theft,Investigation complete; no suspect identified,
de0988d70f57925d88558ea1813dfbee2ff3f10e1c40672bea23ddd71ee9170d,2022-06,Cambridgeshire Constabulary,Cambridgeshire Constabulary,-0.245401,52.572984,On or near King Street,E01015599,Peterborough 014A,Other theft,Investigation complete; no suspect identified,
7325e59f3c1b91ca781817f81bac4993f524948e8fcd6d53f915df30d3528a48,2022-06,Cambridgeshire Constabulary,Cambridgeshire Constabulary,-0.241137,52.574809,On or near Supermarket,E01015599,Peterborough 014A,Other theft,Unable to prosecute suspect,
4ea2c3517856126f8a20f8c32948719bd7712baae3337b3aca6779b12716dc30,2022-06,Cambridgeshire Constabulary,Cambridgeshire Constabulary,-0.241286,52.574020,On or near Midgate,E01015599,Peterborough 014A,Other theft,Investigation complete; no suspect identified,
aeb082a3486d977ecf9c73189f6123e87e9962614164aca997a3d1ad1ca71811,2022-06,Cambridgeshire Constabulary,Cambridgeshire Constabulary,-0.243921,52.568655,On or near Viersen Platz,E01015599,Peterborough 014A,Other theft,Investigation complete; no suspect identified,
6c37610ef7eb90e542ee03b1669387c3cb25e2e9f5cfabc011ddcd3b5f3a4115,2022-06,Cambridgeshire Constabulary,Cambridgeshire Constabulary,-0.243921,52.568655,On or near Viersen Platz,E01015599,Peterborough 014A,Other theft,Investigation complete; no suspect identified,
3eebab7d5e55c5ac31057d5b609c31048a96650d3991c9ad9c29d8956960bac1,2022-06,Cambridgeshire Constabulary,Cambridgeshire Constabulary,-0.250492,52.578157,On or near Pedestrian Subway,E01015599,Peterborough 014A,Possession of weapons,Unable to prosecute suspect,
d5cdeb116561fc1ebba66d938e4f77981615d48b66ab976a086f07b898874950,2022-06,Cambridgeshire Constabulary,Cambridgeshire Constabulary,-0.244992,52.575828,On or near Parking Area,E01015599,Peterborough 014A,Possession of weapons,Unable to prosecute suspect,
83abfe6e5ba862ef500ec4fcef3335d5f3f0aebbd861c36b1b5c347cf05c7ad8,2022-06,Cambridgeshire Constabulary,Cambridgeshire Constabulary,-0.250492,52.578157,On or near Pedestrian Subway,E01015599,Peterborough 014A,Possession of weapons,Offender given a caution,
37ea27acf811aaa21ac2615ba41b01354eff788bfa82e4e7620e229e304c6cbf,2022-06,Cambridgeshire Constabulary,Cambridgeshire Constabulary,-0.244900,52.572212,On or near Cross Street,E01015599,Peterborough 014A,Possession of weapons,Court result unavailable,
da4ba50f4b5b1cd598a8d12f725dea61cdd99e014dc755e4880eba9fd1584b52,2022-06,Cambridgeshire Constabulary,Cambridgeshire Constabulary,-0.248427,52.574440,On or near Station Road,E01015599,Peterborough 014A,Possession of weapons,Unable to prosecute suspect,
4e96f85db025de46f9c6ff90b73b2f0cdca7c6b6dfc26411065433fb4d89e05b,2022-06,Cambridgeshire Constabulary,Cambridgeshire Constabulary,-0.241137,52.574809,On or near Supermarket,E01015599,Peterborough 014A,Possession of weapons,Unable to prosecute suspect,
2e79a393125a6282b9be365884727416122d5e1602c21140244474199eb93c11,2022-06,Cambridgeshire Constabulary,Cambridgeshire Constabulary,-0.241286,52.574020,On or near Midgate,E01015599,Peterborough 014A,Public order,Investigation complete; no suspect identified,
b82e64fe1007ef4cbc6df42a8c4c5e5bc46484b88e1fde0c0494fdd39de53304,2022-06,Cambridgeshire Constabulary,Cambridgeshire Constabulary,-0.241286,52.574020,On or near Midgate,E01015599,Peterborough 014A,Public order,Unable to prosecute suspect,
bb11fff719acec3e5307a57ce29c1ffee9acea5b666a3c43be14e9cfaa832e27,2022-06,Cambridgeshire Constabulary,Cambridgeshire Constabulary,-0.245401,52.572984,On or near King Street,E01015599,Peterborough 014A,Public order,Investigation complete; no suspect identified,
3f423def16e4b9177c4ddb9952c2d660e50fefedd39b692f012f383d0341ad03,2022-06,Cambridgeshire Constabulary,Cambridgeshire Constabulary,-0.245137,52.578833,On or near Sports/Recreation Area,E01015599,Peterborough 014A,Public order,Unable to prosecute suspect,
0cd55c9bc8b16e62f77605538e5a205e90c368df777639165645736156d6a962,2022-06,Cambridgeshire Constabulary,Cambridgeshire Constabulary,-0.241286,52.574020,On or near Midgate,E01015599,Peterborough 014A,Public order,Investigation complete; no suspect identified,
f639d7d4106ebfb7493b1031232c43aae648806d2022ac68a47df5b27e72bd40,2022-06,Cambridgeshire Constabulary,Cambridgeshire Constabulary,-0.241286,52.574020,On or near Midgate,E01015599,Peterborough 014A,Public order,Investigation complete; no suspect identified,
656eb65848ea1c81eca99b4ec3777d530892ec6e6fbc7542c539c19388f99343,2022-06,Cambridgeshire Constabulary,Cambridgeshire Constabulary,-0.245173,52.577935,On or near Craig Street,E01015599,Peterborough 014A,Public order,Unable to prosecute suspect,
d67ad13be51742dff37e6b186800c6221836d5eb72eba00fdae48820060ae916,2022-06,Cambridgeshire Constabulary,Cambridgeshire Constabulary,-0.241376,52.572870,On or near Dean'S Court,E01015599,Peterborough 014A,Public order,Unable to prosecute suspect,
4684000df7d9894cbc0b8a2e320e6d504faea81826de7f7fbe30a0ec728f051d,2022-06,Cambridgeshire Constabulary,Cambridgeshire Constabulary,-0.241873,52.569299,On or near Bridge Street,E01015599,Peterborough 014A,Public order,Investigation complete; no suspect identified,
3ef72559f3eb3a3700b27be340ad23ba4099d046e59716343ac8dc60fe1fbdea,2022-06,Cambridgeshire Constabulary,Cambridgeshire Constabulary,-0.243921,52.568655,On or near Viersen Platz,E01015599,Peterborough 014A,Public order,Unable to prosecute suspect,
7ca1e47dc4345afc1a6e9888047a20306a6eabbf5cee6ee834d4ccc31682066d,2022-06,Cambridgeshire Constabulary,Cambridgeshire Constabulary,-0.245894,52.573926,On or near Shopping Area,E01015599,Peterborough 014A,Public order,Unable to prosecute suspect,
019d4f925892acc3437d5964028bdd8d41a2815218ba6ee05525daddbdc2d27a,2022-06,Cambridgeshire Constabulary,Cambridgeshire Constabulary,-0.241286,52.574020,On or near Midgate,E01015599,Peterborough 014A,Public order,Investigation complete; no suspect identified,
06554573ea3d79a08cdede12a6010882f5bc1e3c2f34baf4622292b460c0c6ba,2022-06,Cambridgeshire Constabulary,Cambridgeshire Constabulary,-0.241286,52.574020,On or near Midgate,E01015599,Peterborough 014A,Public order,Unable to prosecute suspect,
8c1adf9e0e329d76aa807040ca05aa1627c445668ce12dd0ba4ecc6da02b9e9c,2022-06,Cambridgeshire Constabulary,Cambridgeshire Constabulary,-0.241286,52.574020,On or near Midgate,E01015599,Peterborough 014A,Public order,Investigation complete; no suspect identified,
7ac59bb86df7faeed2419615ea509bf1bd813e73f471983e20009c4f160f2cc6,2022-06,Cambridgeshire Constabulary,Cambridgeshire Constabulary,-0.250492,52.578157,On or near Pedestrian Subway,E01015599,Peterborough 014A,Public order,Investigation complete; no suspect identified,
cda4cbbef528b4fb2496fc2ace8806d843e3345081d4bed0f29b99287c69796f,2022-06,Cambridgeshire Constabulary,Cambridgeshire Constabulary,-0.243921,52.568655,On or near Viersen Platz,E01015599,Peterborough 014A,Public order,Unable to prosecute suspect,
5de81969a4f317925815de095fcca0966295b94a6f1c5a9681d698d125c5ac11,2022-06,Cambridgeshire Constabulary,Cambridgeshire Constabulary,-0.241376,52.572870,On or near Dean'S Court,E01015599,Peterborough 014A,Public order,Unable to prosecute suspect,
056102e2b6c97f64c81c1add1c8e69c6a1bc5fb8fc7223d796ddaafdd61fec25,2022-06,Cambridgeshire Constabulary,Cambridgeshire Constabulary,-0.243921,52.568655,On or near Viersen Platz,E01015599,Peterborough 014A,Public order,Investigation complete; no suspect identified,
6f9afa03a47ea2bba56efb7c2cd880fe7b3bb8665624245e6f48ea1548349076,2022-06,Cambridgeshire Constabulary,Cambridgeshire Constabulary,-0.238007,52.571157,On or near Gravel Walk,E01015599,Peterborough 014A,Public order,Investigation complete; no suspect identified,
c6dfa96143a7fb29c5722bc537123ed7536df35f13565b84784dab6d322b1e22,2022-06,Cambridgeshire Constabulary,Cambridgeshire Constabulary,-0.241376,52.572870,On or near Dean'S Court,E01015599,Peterborough 014A,Public order,Local resolution,
8413fe532a44a457e095609da1e94dcb114416f9da9bc6c07d9c259645e43be9,2022-06,Cambridgeshire Constabulary,Cambridgeshire Constabulary,-0.241376,52.572870,On or near Dean'S Court,E01015599,Peterborough 014A,Public order,Investigation complete; no suspect identified,
720dc8a3dcf996b9ae6350aeddeb7cfa9a8ff50fa80cee2502bc34d13f820c52,2022-06,Cambridgeshire Constabulary,Cambridgeshire Constabulary,-0.250070,52.580228,On or near Dyson Close,E01015599,Peterborough 014A,Public order,Investigation complete; no suspect identified,
0192180170277b79ddaf8d651344f64265e523ad61c10291a1ed03768b44da11,2022-06,Cambridgeshire Constabulary,Cambridgeshire Constabulary,-0.241376,52.572870,On or near Dean'S Court,E01015599,Peterborough 014A,Public order,Unable to prosecute suspect,
0ebf1c86abc0bff2ad27af9a9036639680edcc000c02fb3351ff007e4e344c6a,2022-06,Cambridgeshire Constabulary,Cambridgeshire Constabulary,-0.245894,52.573926,On or near Shopping Area,E01015599,Peterborough 014A,Public order,Unable to prosecute suspect,
431f007ac41c96b2dc9d160c76bb07b6139a253ad5bcc64572b1eb30a083323f,2022-06,Cambridgeshire Constabulary,Cambridgeshire Constabulary,-0.243921,52.568655,On or near Viersen Platz,E01015599,Peterborough 014A,Public order,Investigation complete; no suspect identified,
719387abebd0a0817500b0ceaffd49569d8ef6126b26a90566408b50d796422b,2022-06,Cambridgeshire Constabulary,Cambridgeshire Constabulary,-0.245401,52.572984,On or near King Street,E01015599,Peterborough 014A,Public order,Investigation complete; no suspect identified,
0ebe5d46e263db7a387755ede2c193b5ea387f502975fac96fc879e7dc49c476,2022-06,Cambridgeshire Constabulary,Cambridgeshire Constabulary,-0.241286,52.574020,On or near Midgate,E01015599,Peterborough 014A,Public order,Unable to prosecute suspect,
3143bedd9d46da04ee9babe155a441832ded398541089aa08245daccadb7cd8d,2022-06,Cambridgeshire Constabulary,Cambridgeshire Constabulary,-0.244900,52.572212,On or near Cross Street,E01015599,Peterborough 014A,Public order,Investigation complete; no suspect identified,
cdd239c60fb9afff1546034bd3d77c0210d204e6a054edda2308ae434e8bc736,2022-06,Cambridgeshire Constabulary,Cambridgeshire Constabulary,-0.241376,52.572870,On or near Dean'S Court,E01015599,Peterborough 014A,Public order,Unable to prosecute suspect,
99e7900f6ace835e525e9a5d34053eab6fce98b94873742d5128ef8913563274,2022-06,Cambridgeshire Constabulary,Cambridgeshire Constabulary,-0.240793,52.572331,On or near Conference/Exhibition Centre,E01015599,Peterborough 014A,Public order,Unable to prosecute suspect,
7f41749aa196019dec678cbd395007ce4e7ddf654688d81a16bf1fb3b5915749,2022-06,Cambridgeshire Constabulary,Cambridgeshire Constabulary,-0.241286,52.574020,On or near Midgate,E01015599,Peterborough 014A,Public order,Investigation complete; no suspect identified,
c5c3c5451a5cf282e57aa7e4b745295e769cef6cd7ee9597c750bf1d8e5fcac6,2022-06,Cambridgeshire Constabulary,Cambridgeshire Constabulary,-0.241286,52.574020,On or near Midgate,E01015599,Peterborough 014A,Public order,Investigation complete; no suspect identified,
0d10056f0b7ef5a8b57e3748f40f6359164dbecea701ab3b3bcb4f9988a261d2,2022-06,Cambridgeshire Constabulary,Cambridgeshire Constabulary,-0.241286,52.574020,On or near Midgate,E01015599,Peterborough 014A,Public order,Investigation complete; no suspect identified,
100ec4e06646758996c8ea2423b5e2130c7b5f03f46664ec84d180564cf98dc5,2022-06,Cambridgeshire Constabulary,Cambridgeshire Constabulary,-0.241286,52.574020,On or near Midgate,E01015599,Peterborough 014A,Public order,Investigation complete; no suspect identified,
0331417cd68b2d3d83dabccedcb37db27008a3da974c41c20ed402bf2f5410e7,2022-06,Cambridgeshire Constabulary,Cambridgeshire Constabulary,-0.243921,52.568655,On or near Viersen Platz,E01015599,Peterborough 014A,Public order,Unable to prosecute suspect,
2ceeb51c2677d499715e4b0398ace71eec367022ab58d4cf6c553e473b610e96,2022-06,Cambridgeshire Constabulary,Cambridgeshire Constabulary,-0.241286,52.574020,On or near Midgate,E01015599,Peterborough 014A,Public order,Unable to prosecute suspect,
06268ca6f7e8d4549c46d1668b6d90842f9b2a0a64c3484753cc6ed0cb0bb839,2022-06,Cambridgeshire Constabulary,Cambridgeshire Constabulary,-0.245640,52.574381,On or near Queensgate Shopping Centre,E01015599,Peterborough 014A,Shoplifting,Investigation complete; no suspect identified,
2a5819f30f5a3113635354a47b45abd1e9ac3a4fd73253e7fc950c0b9aa6c781,2022-06,Cambridgeshire Constabulary,Cambridgeshire Constabulary,-0.241286,52.574020,On or near Midgate,E01015599,Peterborough 014A,Shoplifting,Court result unavailable,
3386514a33549a755c9f9c3603ea033ab893506530338195fc1267e136abe57c,2022-06,Cambridgeshire Constabulary,Cambridgeshire Constabulary,-0.243921,52.568655,On or near Viersen Platz,E01015599,Peterborough 014A,Shoplifting,Court result unavailable,
61ceaba4e684b54040e0f8ac3b78dd98192e41d3684fff1eaeb4d9e08090bbc6,2022-06,Cambridgeshire Constabulary,Cambridgeshire Constabulary,-0.241286,52.574020,On or near Midgate,E01015599,Peterborough 014A,Shoplifting,Court result unavailable,
7f1688a405e0ffc71ac5a4890cf74e9f30667f8380038296631448c1bb679f8c,2022-06,Cambridgeshire Constabulary,Cambridgeshire Constabulary,-0.245401,52.572984,On or near King Street,E01015599,Peterborough 014A,Shoplifting,Local resolution,
96e4cdb2d7133d7436a2970d4f56d4d375a69cf5fef1c9d73364b99056b12326,2022-06,Cambridgeshire Constabulary,Cambridgeshire Constabulary,-0.241137,52.574809,On or near Supermarket,E01015599,Peterborough 014A,Shoplifting,Unable to prosecute suspect,
a4e095a1dc66d0348de2171e2e7d2583c0cecdcf315d2b8bc987172b50cdc365,2022-06,Cambridgeshire Constabulary,Cambridgeshire Constabulary,-0.241137,52.574809,On or near Supermarket,E01015599,Peterborough 014A,Shoplifting,Court result unavailable,
5eb6d7be2f7f75ae2362ed1c0b6f9d3ec7e4a1cd06bd188497ff259d1bf97d21,2022-06,Cambridgeshire Constabulary,Cambridgeshire Constabulary,-0.241286,52.574020,On or near Midgate,E01015599,Peterborough 014A,Shoplifting,Investigation complete; no suspect identified,
75c63dc3457f4271d83d2157e8e87b2b37b94c80d6e00cc19f1dff028c83fa5c,2022-06,Cambridgeshire Constabulary,Cambridgeshire Constabulary,-0.241881,52.570594,On or near Nightclub,E01015599,Peterborough 014A,Shoplifting,Court result unavailable,
077632c887b4b42acfda4259611e1522b7bfa4c09a3a5097808b3636aadb38d4,2022-06,Cambridgeshire Constabulary,Cambridgeshire Constabulary,-0.243155,52.570838,On or near Shopping Area,E01015599,Peterborough 014A,Shoplifting,Local resolution,
0216884c1deeddca67dd2eb540662d226bc332029123c8ba41c3f56be088b796,2022-06,Cambridgeshire Constabulary,Cambridgeshire Constabulary,-0.241376,52.572870,On or near Dean'S Court,E01015599,Peterborough 014A,Shoplifting,Investigation complete; no suspect identified,
59d9b7fd4bf5c5d1823b5ec2d5dd02c0b7dbe9bf03cb4500131ca26c83d61f5b,2022-06,Cambridgeshire Constabulary,Cambridgeshire Constabulary,-0.243155,52.570838,On or near Shopping Area,E01015599,Peterborough 014A,Shoplifting,Court result unavailable,
2c7371160d11d9a0acdf0e813a128bbc952b8a6ac15b42ce23e007b1857158c0,2022-06,Cambridgeshire Constabulary,Cambridgeshire Constabulary,-0.243155,52.570838,On or near Shopping Area,E01015599,Peterborough 014A,Shoplifting,Court result unavailable,
bfbbd97903a778bcef1a5bd93f2ec517a3efbfeaf2b96285d0cfbc2459cfd133,2022-06,Cambridgeshire Constabulary,Cambridgeshire Constabulary,-0.245640,52.574381,On or near Queensgate Shopping Centre,E01015599,Peterborough 014A,Shoplifting,Investigation complete; no suspect identified,
9f84500a7e9b71c65bba77a574e5214623d0a5e0c8c8be228562e3637e004608,2022-06,Cambridgeshire Constabulary,Cambridgeshire Constabulary,-0.241286,52.574020,On or near Midgate,E01015599,Peterborough 014A,Shoplifting,Court result unavailable,
7531cfebd888af52116814b294dce2467401fd6c3703fcffbd33b96e08b7cf80,2022-06,Cambridgeshire Constabulary,Cambridgeshire Constabulary,-0.243155,52.570838,On or near Shopping Area,E01015599,Peterborough 014A,Shoplifting,Investigation complete; no suspect identified,
b0e69dacadbd5663bb5dac4a83d1ded7b84e26a2f20156b7300873186bdada2d,2022-06,Cambridgeshire Constabulary,Cambridgeshire Constabulary,-0.243921,52.568655,On or near Viersen Platz,E01015599,Peterborough 014A,Shoplifting,Investigation complete; no suspect identified,
897679696bac301364e3154cf17506f4b9b9824a2789558f22ba16745b222976,2022-06,Cambridgeshire Constabulary,Cambridgeshire Constabulary,-0.243155,52.570838,On or near Shopping Area,E01015599,Peterborough 014A,Shoplifting,Investigation complete; no suspect identified,
78018115f9fbc14615b8b0835951fbc658b58129eec264acaf90ea4139e25f59,2022-06,Cambridgeshire Constabulary,Cambridgeshire Constabulary,-0.241286,52.574020,On or near Midgate,E01015599,Peterborough 014A,Shoplifting,Court result unavailable,
c471ce5354249f7e53f2fe7a41fb3f0929171532ec033f489de1948e9996529f,2022-06,Cambridgeshire Constabulary,Cambridgeshire Constabulary,-0.250070,52.580228,On or near Dyson Close,E01015599,Peterborough 014A,Shoplifting,Investigation complete; no suspect identified,
b887bd7cf12a625076cc26c90de158ad1b96ab97f4c088826cd4ea0730468f76,2022-06,Cambridgeshire Constabulary,Cambridgeshire Constabulary,-0.243155,52.570838,On or near Shopping Area,E01015599,Peterborough 014A,Shoplifting,Court result unavailable,
fe6fbcc388fc808b31cf11dfcf214845f5a9e03a56aa7730ef4643148770ad31,2022-06,Cambridgeshire Constabulary,Cambridgeshire Constabulary,-0.245894,52.573926,On or near Shopping Area,E01015599,Peterborough 014A,Shoplifting,Offender given a caution,
093e936bb356cc6cd5f2bfb3aa9516a8bc4bbf74f74861b3caa15d4e2c4f19ff,2022-06,Cambridgeshire Constabulary,Cambridgeshire Constabulary,-0.243921,52.568655,On or near Viersen Platz,E01015599,Peterborough 014A,Shoplifting,Unable to prosecute suspect,
2fd113e9375e3ab4726a3a491e64183f85a39acc3663a95a119230d1147c7f70,2022-06,Cambridgeshire Constabulary,Cambridgeshire Constabulary,-0.245401,52.572984,On or near King Street,E01015599,Peterborough 014A,Shoplifting,Unable to prosecute suspect,
8f5e99f4d2a469077729c53105e3a65535277072cf867c0d446ff2474402f17d,2022-06,Cambridgeshire Constabulary,Cambridgeshire Constabulary,-0.243155,52.570838,On or near Shopping Area,E01015599,Peterborough 014A,Shoplifting,Investigation complete; no suspect identified,
27232dd5966ecf12f6ca82060d5c789d234a4b69d46e6da2307d686256e6b68d,2022-06,Cambridgeshire Constabulary,Cambridgeshire Constabulary,-0.241286,52.574020,On or near Midgate,E01015599,Peterborough 014A,Shoplifting,Unable to prosecute suspect,
d3fb3a1dd87d1a8bfacdf6a7fa6faf7ac8220dab446849a3c6808a369092cde4,2022-06,Cambridgeshire Constabulary,Cambridgeshire Constabulary,-0.241286,52.574020,On or near Midgate,E01015599,Peterborough 014A,Shoplifting,Investigation complete; no suspect identified,
e03d1b3ccad13b7a0e9e96da42fbd52ae383405f1197853ff5131b66296bece1,2022-06,Cambridgeshire Constabulary,Cambridgeshire Constabulary,-0.248427,52.574440,On or near Station Road,E01015599,Peterborough 014A,Shoplifting,Unable to prosecute suspect,
22259f7f92e5d6ea9af5e5095d9ddb369af7fefe10f3b40fabf0b39ce573495d,2022-06,Cambridgeshire Constabulary,Cambridgeshire Constabulary,-0.241286,52.574020,On or near Midgate,E01015599,Peterborough 014A,Shoplifting,Court result unavailable,
6d6148b6267f1aba9c2f6870261769a3b5c4e1ab4c403196c0ffd92e5f19da85,2022-06,Cambridgeshire Constabulary,Cambridgeshire Constabulary,-0.245401,52.572984,On or near King Street,E01015599,Peterborough 014A,Shoplifting,Unable to prosecute suspect,
54910e3abf86a93e543ca19baa3108224a6e9bf426015e6eee6d9db70c24f953,2022-06,Cambridgeshire Constabulary,Cambridgeshire Constabulary,-0.241286,52.574020,On or near Midgate,E01015599,Peterborough 014A,Shoplifting,Unable to prosecute suspect,
f4f6a5bbcf45d802f9457fdccbcbb7869957067a9798172ffce7e9aac67d1d2a,2022-06,Cambridgeshire Constabulary,Cambridgeshire Constabulary,-0.248427,52.574440,On or near Station Road,E01015599,Peterborough 014A,Shoplifting,Investigation complete; no suspect identified,
b72d6d23bf9f34e338829fe7efcdbcb1c858511b5529c959c7ed655bc18ed57f,2022-06,Cambridgeshire Constabulary,Cambridgeshire Constabulary,-0.243155,52.570838,On or near Shopping Area,E01015599,Peterborough 014A,Shoplifting,Unable to prosecute suspect,
68d1b75fcb755b5d3d5d095492f45c2eb7487cc1bed28cc210763d6bd0b54d3c,2022-06,Cambridgeshire Constabulary,Cambridgeshire Constabulary,-0.241376,52.572870,On or near Dean'S Court,E01015599,Peterborough 014A,Shoplifting,Investigation complete; no suspect identified,
7587c9314be823340f42043435e367b5f3ac92dd568266002af1c4473eb71121,2022-06,Cambridgeshire Constabulary,Cambridgeshire Constabulary,-0.250070,52.580228,On or near Dyson Close,E01015599,Peterborough 014A,Shoplifting,Investigation complete; no suspect identified,
0f197ac44d9f693cf2a8f5bebb721e34ba78efd614efa00d88844fe7da5d5e91,2022-06,Cambridgeshire Constabulary,Cambridgeshire Constabulary,-0.245401,52.572984,On or near King Street,E01015599,Peterborough 014A,Shoplifting,Investigation complete; no suspect identified,
b4029cbc31294d45084bdffd55816f0816c928be97ee892dbf513786368dbc1c,2022-06,Cambridgeshire Constabulary,Cambridgeshire Constabulary,-0.241137,52.574809,On or near Supermarket,E01015599,Peterborough 014A,Shoplifting,Unable to prosecute suspect,
6788b2ad5c713049b61b860b339213dd757146b550053c896b055e1d30119610,2022-06,Cambridgeshire Constabulary,Cambridgeshire Constabulary,-0.245894,52.573926,On or near Shopping Area,E01015599,Peterborough 014A,Shoplifting,Investigation complete; no suspect identified,
220e9c36b343217df11225d9b37e8836e39f7a4c581fb48b790a6a825045d1b9,2022-06,Cambridgeshire Constabulary,Cambridgeshire Constabulary,-0.250070,52.580228,On or near Dyson Close,E01015599,Peterborough 014A,Shoplifting,Investigation complete; no suspect identified,
0983ff3ffb2c782f78a8d643938a18ecb8bd0d9639602941a9f35b14c0e583bc,2022-06,Cambridgeshire Constabulary,Cambridgeshire Constabulary,-0.248427,52.574440,On or near Station Road,E01015599,Peterborough 014A,Shoplifting,Unable to prosecute suspect,
8c972ceb4491ccfd05d24e2ef5ee9f511006264110d34a28f3b1978a7171fb46,2022-06,Cambridgeshire Constabulary,Cambridgeshire Constabulary,-0.241881,52.570594,On or near Nightclub,E01015599,Peterborough 014A,Shoplifting,Investigation complete; no suspect identified,
913379cda3edb14860026fa6a803ac8041d3d2c75bc45e5b3577474bd4227d3a,2022-06,Cambridgeshire Constabulary,Cambridgeshire Constabulary,-0.243921,52.568655,On or near Viersen Platz,E01015599,Peterborough 014A,Shoplifting,Court result unavailable,
10ec0ea8700bbe215fdf296844aa6b7016924ea873996dc2384666ebd1173664,2022-06,Cambridgeshire Constabulary,Cambridgeshire Constabulary,-0.241137,52.574809,On or near Supermarket,E01015599,Peterborough 014A,Shoplifting,Court result unavailable,
c5f688a2a9b4ae1d5aab211da282b0908005be327f119bfbb180d51cb36ea998,2022-06,Cambridgeshire Constabulary,Cambridgeshire Constabulary,-0.243155,52.570838,On or near Shopping Area,E01015599,Peterborough 014A,Shoplifting,Court result unavailable,
ef7b4dec6e8110dce7badbe35a68abb921b121a435f32eb56fbbe064a3aff573,2022-06,Cambridgeshire Constabulary,Cambridgeshire Constabulary,-0.241137,52.574809,On or near Supermarket,E01015599,Peterborough 014A,Theft from the person,Unable to prosecute suspect,
d86bcc541846e330421fa828fc6e5402d15493edfa2c3763b068db0a3629057d,2022-06,Cambridgeshire Constabulary,Cambridgeshire Constabulary,-0.241137,52.574809,On or near Supermarket,E01015599,Peterborough 014A,Theft from the person,Status update unavailable,
a16c3d8fba66a8a6628987b91a2dca9a650df5aafb3f7e1aea3d145374a9a8b1,2022-06,Cambridgeshire Constabulary,Cambridgeshire Constabulary,-0.235427,52.576963,On or near Crawthorne Road,E01015599,Peterborough 014A,Theft from the person,Investigation complete; no suspect identified,
aeccc3b78876c5e266c79a7872a2f87f7fd1797930d6d93732a1ed2783c8fbce,2022-06,Cambridgeshire Constabulary,Cambridgeshire Constabulary,-0.241376,52.572870,On or near Dean'S Court,E01015599,Peterborough 014A,Theft from the person,Investigation complete; no suspect identified,
515d3c0695776e1cad6104f1e5ab320d21ec10c8930f1653e425a1280143c23e,2022-06,Cambridgeshire Constabulary,Cambridgeshire Constabulary,-0.246537,52.574448,On or near Bus/Coach Station,E01015599,Peterborough 014A,Theft from the person,Investigation complete; no suspect identified,
ed0e64a4665ef66fc01737258f25bad1edd2ae26292c71ba13024e674a298cb0,2022-06,Cambridgeshire Constabulary,Cambridgeshire Constabulary,-0.246989,52.576073,On or near Parking Area,E01015599,Peterborough 014A,Vehicle crime,Investigation complete; no suspect identified,
d24edfcd65acbf9d1a9098a4c8ede27be33f8536cc123c4949f84f23cbad3efc,2022-06,Cambridgeshire Constabulary,Cambridgeshire Constabulary,-0.247848,52.576374,On or near Parking Area,E01015599,Peterborough 014A,Vehicle crime,Investigation complete; no suspect identified,
8aaa25dba1f4b1e28c3d6e75329748af924f1140f8288975b1eab8b6b69a4ac4,2022-06,Cambridgeshire Constabulary,Cambridgeshire Constabulary,-0.248427,52.574440,On or near Station Road,E01015599,Peterborough 014A,Vehicle crime,Investigation complete; no suspect identified,
988c90b0b2c0769eee845c4527b5fbee30dd5a03b7b7105f0dc59b6e6aee1068,2022-06,Cambridgeshire Constabulary,Cambridgeshire Constabulary,-0.246989,52.576073,On or near Parking Area,E01015599,Peterborough 014A,Vehicle crime,Investigation complete; no suspect identified,
75007e72360d827baa80c25c69bc1a3adbdafa0282cf31ca4a6f7e9e6e85ce65,2022-06,Cambridgeshire Constabulary,Cambridgeshire Constabulary,-0.235427,52.576963,On or near Crawthorne Road,E01015599,Peterborough 014A,Vehicle crime,Investigation complete; no suspect identified,
7fa7e39beb87c941b5c69b3d0bbafae5d66096c7f70bdca4495ce0fe23c6c648,2022-06,Cambridgeshire Constabulary,Cambridgeshire Constabulary,-0.247628,52.575238,On or near Parking Area,E01015599,Peterborough 014A,Vehicle crime,Investigation complete; no suspect identified,
deb4e9dde866565a7c3936b40b8b36703b5a9f45ac9b60edebc18e68ef77aaa4,2022-06,Cambridgeshire Constabulary,Cambridgeshire Constabulary,-0.235427,52.576963,On or near Crawthorne Road,E01015599,Peterborough 014A,Vehicle crime,Unable to prosecute suspect,
6cc92c5c8551af5f17f9cdfd68ffd41a9a6f981676114a5043f40716b4bd6614,2022-06,Cambridgeshire Constabulary,Cambridgeshire Constabulary,-0.246989,52.576073,On or near Parking Area,E01015599,Peterborough 014A,Vehicle crime,Investigation complete; no suspect identified,
759b2072c5591e5cc3fe8bc39ac974c43d80858e2539471ff77538ffc37af039,2022-06,Cambridgeshire Constabulary,Cambridgeshire Constabulary,-0.246246,52.572880,On or near Cowgate,E01015599,Peterborough 014A,Vehicle crime,Investigation complete; no suspect identified,
72a8d4a50968597190d66c1b5a4c618d70421d65261109823e52c243db9e8f05,2022-06,Cambridgeshire Constabulary,Cambridgeshire Constabulary,-0.245356,52.571877,On or near Priestgate,E01015599,Peterborough 014A,Vehicle crime,Investigation complete; no suspect identified,
11aa7d14c545f6736a48a5bd1144c04ce9d4835ae5ab77eda85dc018a3645dfe,2022-06,Cambridgeshire Constabulary,Cambridgeshire Constabulary,-0.246989,52.576073,On or near Parking Area,E01015599,Peterborough 014A,Vehicle crime,Investigation complete; no suspect identified,
1778e2a5fec4047c08212e19eeefc732df8e322f42ce8df8a510237b735c3b8e,2022-06,Cambridgeshire Constabulary,Cambridgeshire Constabulary,-0.243696,52.570945,On or near Wentworth Street,E01015599,Peterborough 014A,Vehicle crime,Investigation complete; no suspect identified,
0554d3105aea952e5f97c3cddc02519f9635ee7316ffff75f8478ef7fe5ddc2f,2022-06,Cambridgeshire Constabulary,Cambridgeshire Constabulary,-0.245074,52.572655,On or near Church Street,E01015599,Peterborough 014A,Vehicle crime,Investigation complete; no suspect identified,
4ae558b902e1a3279e30b6811890c714c7bf75b1ac00242def29429b6b1321ed,2022-06,Cambridgeshire Constabulary,Cambridgeshire Constabulary,-0.247628,52.575238,On or near Parking Area,E01015599,Peterborough 014A,Vehicle crime,Investigation complete; no suspect identified,
b15253e285365abf3f948bd02463e3999c1f4975c04d54f3db432df280169129,2022-06,Cambridgeshire Constabulary,Cambridgeshire Constabulary,-0.243155,52.570838,On or near Shopping Area,E01015599,Peterborough 014A,Violence and sexual offences,Unable to prosecute suspect,
4a95a8d8888bc7d6b24306858ad6f90f644b24dac9dd8e3694a9d86dad8f6ba8,2022-06,Cambridgeshire Constabulary,Cambridgeshire Constabulary,-0.241286,52.574020,On or near Midgate,E01015599,Peterborough 014A,Violence and sexual offences,Unable to prosecute suspect,
a37e7fff425b3004f45542344a542918dae80af340f8620c4fbfc2aab2db21d2,2022-06,Cambridgeshire Constabulary,Cambridgeshire Constabulary,-0.238007,52.571157,On or near Gravel Walk,E01015599,Peterborough 014A,Violence and sexual offences,Investigation complete; no suspect identified,
8ba407f5b59d5b3d2cea293f56ad8c444a0acd9883b45772b136de0e0cb9480b,2022-06,Cambridgeshire Constabulary,Cambridgeshire Constabulary,-0.241873,52.569299,On or near Bridge Street,E01015599,Peterborough 014A,Violence and sexual offences,Investigation complete; no suspect identified,
7501809fbde9d9820f8e21226a9e77ab8ed69c4a525cd3b09fadf6f30a95a61e,2022-06,Cambridgeshire Constabulary,Cambridgeshire Constabulary,-0.250070,52.580228,On or near Dyson Close,E01015599,Peterborough 014A,Violence and sexual offences,Unable to prosecute suspect,
f32763579b30b7a10aedc12d5bb6bab9b21cc2da2b982d89c9d218d706d434d9,2022-06,Cambridgeshire Constabulary,Cambridgeshire Constabulary,-0.244900,52.572212,On or near Cross Street,E01015599,Peterborough 014A,Violence and sexual offences,Investigation complete; no suspect identified,
9d61c846934b54cb816b17476f863b4ef63f6cc395825faabb440cae268a5b41,2022-06,Cambridgeshire Constabulary,Cambridgeshire Constabulary,-0.241376,52.572870,On or near Dean'S Court,E01015599,Peterborough 014A,Violence and sexual offences,Unable to prosecute suspect,
210f5431ecfd5ece67483eecbf03154d686f316a8ece2f34e22bd635a3aed39d,2022-06,Cambridgeshire Constabulary,Cambridgeshire Constabulary,-0.241873,52.569299,On or near Bridge Street,E01015599,Peterborough 014A,Violence and sexual offences,Investigation complete; no suspect identified,
19b2bd350cc633f8448282bce4817ba14e95927926ce50803579fc1cce80352f,2022-06,Cambridgeshire Constabulary,Cambridgeshire Constabulary,-0.241286,52.574020,On or near Midgate,E01015599,Peterborough 014A,Violence and sexual offences,Unable to prosecute suspect,
a32a6d9a886027f698ed8f44a1387da5c25b7d55231f46ccd50eb0dece6164a3,2022-06,Cambridgeshire Constabulary,Cambridgeshire Constabulary,-0.243921,52.568655,On or near Viersen Platz,E01015599,Peterborough 014A,Violence and sexual offences,Investigation complete; no suspect identified,
e31a9b9a0bee596a50de13c9b9b5f3edfdb0bb121d79217a6fe68a13be699642,2022-06,Cambridgeshire Constabulary,Cambridgeshire Constabulary,-0.241376,52.572870,On or near Dean'S Court,E01015599,Peterborough 014A,Violence and sexual offences,Unable to prosecute suspect,
93451faaf639daaca55ef831c2873a64a371280ab3c9bd16943f7e458a83524e,2022-06,Cambridgeshire Constabulary,Cambridgeshire Constabulary,-0.246709,52.576815,On or near Bright Street,E01015599,Peterborough 014A,Violence and sexual offences,Unable to prosecute suspect,
d12c4221fe9628cbe1d859b215faf5b98c341e7f91732b2e7218345aafc2170d,2022-06,Cambridgeshire Constabulary,Cambridgeshire Constabulary,-0.235427,52.576963,On or near Crawthorne Road,E01015599,Peterborough 014A,Violence and sexual offences,Unable to prosecute suspect,
8596c07995fe7ec98b920cfa7270abe55fc5dd0a77c8d65e0c2c042d3d9fa7e6,2022-06,Cambridgeshire Constabulary,Cambridgeshire Constabulary,-0.241873,52.569299,On or near Bridge Street,E01015599,Peterborough 014A,Violence and sexual offences,Investigation complete; no suspect identified,
54b3a202214503f45b9155b8d07a0f7e765087e0b580cd82222b81281158e346,2022-06,Cambridgeshire Constabulary,Cambridgeshire Constabulary,-0.241137,52.574809,On or near Supermarket,E01015599,Peterborough 014A,Violence and sexual offences,Unable to prosecute suspect,
a46bc08bbffcfcaaa62e36c63d17da0875b69f648aa23ec18fff075daa8f52ea,2022-06,Cambridgeshire Constabulary,Cambridgeshire Constabulary,-0.245074,52.572655,On or near Church Street,E01015599,Peterborough 014A,Violence and sexual offences,Investigation complete; no suspect identified,
c6db4a0e6cf53329fa9afee439382474177f497dee37a904dfb81f817ea2394a,2022-06,Cambridgeshire Constabulary,Cambridgeshire Constabulary,-0.250492,52.578157,On or near Pedestrian Subway,E01015599,Peterborough 014A,Violence and sexual offences,Unable to prosecute suspect,
e4b8ef2d24e4c7fabcb8a935f93fbe0de122c54b9cf295277a4000a3db859b03,2022-06,Cambridgeshire Constabulary,Cambridgeshire Constabulary,-0.241286,52.574020,On or near Midgate,E01015599,Peterborough 014A,Violence and sexual offences,Court result unavailable,
2914bc0daf1b052ece93c73836085c51a897e480fd8821578035a9c9d95a133b,2022-06,Cambridgeshire Constabulary,Cambridgeshire Constabulary,-0.241376,52.572870,On or near Dean'S Court,E01015599,Peterborough 014A,Violence and sexual offences,Investigation complete; no suspect identified,
c7b729d631eb055cd724f133cb442d755099dc875c86c4afd49abdaf2b67b3fb,2022-06,Cambridgeshire Constabulary,Cambridgeshire Constabulary,-0.240793,52.572331,On or near Conference/Exhibition Centre,E01015599,Peterborough 014A,Violence and sexual offences,Investigation complete; no suspect identified,
0c5711cb2b78dfcd8c2624638366715bea2dbff1115fc29dd163c873fb3d0507,2022-06,Cambridgeshire Constabulary,Cambridgeshire Constabulary,-0.241545,52.571245,On or near St Peters Road,E01015599,Peterborough 014A,Violence and sexual offences,Investigation complete; no suspect identified,
eded8137b4773051737b2239e41626181ac10aa88683ff0e3819f5a67844dd10,2022-06,Cambridgeshire Constabulary,Cambridgeshire Constabulary,-0.240793,52.572331,On or near Conference/Exhibition Centre,E01015599,Peterborough 014A,Violence and sexual offences,Investigation complete; no suspect identified,
8728ba45026a36ed696c623e9baf0a7eff971a0e4c7ca9edf0104c0df93fc4e6,2022-06,Cambridgeshire Constabulary,Cambridgeshire Constabulary,-0.241009,52.569520,On or near Pedestrian Subway,E01015599,Peterborough 014A,Violence and sexual offences,Court result unavailable,
de6651358a29c6bef25449d16d75851f6f95df2e755937963a94d68738d568e0,2022-06,Cambridgeshire Constabulary,Cambridgeshire Constabulary,-0.241137,52.574809,On or near Supermarket,E01015599,Peterborough 014A,Violence and sexual offences,Investigation complete; no suspect identified,
525bc0d7d6fd09923e112541ebd6431ef0898eb9a8cf601071b288f6637b643c,2022-06,Cambridgeshire Constabulary,Cambridgeshire Constabulary,-0.244566,52.577989,On or near Parking Area,E01015599,Peterborough 014A,Violence and sexual offences,Investigation complete; no suspect identified,
d32f51f35912669a63c2262d8b71ca1855e07554f6f9e24542d70ca15dffc7a0,2022-06,Cambridgeshire Constabulary,Cambridgeshire Constabulary,-0.241137,52.574809,On or near Supermarket,E01015599,Peterborough 014A,Violence and sexual offences,Unable to prosecute suspect,
e21f24795aca988cb5e8b310d3667bc2a06b1a3dcd31bc1700a9d5bc531829e9,2022-06,Cambridgeshire Constabulary,Cambridgeshire Constabulary,-0.241137,52.574809,On or near Supermarket,E01015599,Peterborough 014A,Violence and sexual offences,Unable to prosecute suspect,
ac5c0afc4570c0075fb79aca25a208ec209867f5a3d6932085a080a7e3dfc632,2022-06,Cambridgeshire Constabulary,Cambridgeshire Constabulary,-0.248427,52.574440,On or near Station Road,E01015599,Peterborough 014A,Violence and sexual offences,Investigation complete; no suspect identified,
5c0f8f00fe3a61d31ac45cf53a33024230d75c6c634c5a42428ca6e7d978d5a8,2022-06,Cambridgeshire Constabulary,Cambridgeshire Constabulary,-0.241376,52.572870,On or near Dean'S Court,E01015599,Peterborough 014A,Violence and sexual offences,Investigation complete; no suspect identified,
17f52b25715bff27e2109c23192e80ff764e86580dea138e130c59c7030c1466,2022-06,Cambridgeshire Constabulary,Cambridgeshire Constabulary,-0.241545,52.571245,On or near St Peters Road,E01015599,Peterborough 014A,Violence and sexual offences,Unable to prosecute suspect,
ca496eb5eb894d7cc7de525b41b611742c3a1340f6d6a206c1c2dc23b6e9e6ff,2022-06,Cambridgeshire Constabulary,Cambridgeshire Constabulary,-0.241376,52.572870,On or near Dean'S Court,E01015599,Peterborough 014A,Violence and sexual offences,Investigation complete; no suspect identified,
3ed2f31d93482bc2bc9f0676479e63e8a59bc475f6db5100f26765ee398bad43,2022-06,Cambridgeshire Constabulary,Cambridgeshire Constabulary,-0.246709,52.576815,On or near Bright Street,E01015599,Peterborough 014A,Violence and sexual offences,Unable to prosecute suspect,
ec16650e6f9b6ad71e39125ddac94d712689ad90f5ae8ad54885a7a8ad326f3b,2022-06,Cambridgeshire Constabulary,Cambridgeshire Constabulary,-0.250492,52.578157,On or near Pedestrian Subway,E01015599,Peterborough 014A,Violence and sexual offences,Status update unavailable,
4ee5329648d7c7522a2b9b06875791a6049f696afa0eb87e3338c6193206f188,2022-06,Cambridgeshire Constabulary,Cambridgeshire Constabulary,-0.241376,52.572870,On or near Dean'S Court,E01015599,Peterborough 014A,Violence and sexual offences,Unable to prosecute suspect,
df2a3fc0e0cb00cf70e053312464a43fc26adcbd2900cc0ae1929f617f384e04,2022-06,Cambridgeshire Constabulary,Cambridgeshire Constabulary,-0.241137,52.574809,On or near Supermarket,E01015599,Peterborough 014A,Violence and sexual offences,Investigation complete; no suspect identified,
c37e07549fabec1862ded7b66f2dbdc82d946b255fb4af5c55afb529f6635d7a,2022-06,Cambridgeshire Constabulary,Cambridgeshire Constabulary,-0.241009,52.569520,On or near Pedestrian Subway,E01015599,Peterborough 014A,Violence and sexual offences,Unable to prosecute suspect,
d544ba1143a848e43b5ad09a382d5524b95d7902cddf187872c7050ae4a283d2,2022-06,Cambridgeshire Constabulary,Cambridgeshire Constabulary,-0.241376,52.572870,On or near Dean'S Court,E01015599,Peterborough 014A,Violence and sexual offences,Investigation complete; no suspect identified,
720c9bee5ff94ab1ac14b8efdf4c04329188b837503d76e2f021f37ebf20d190,2022-06,Cambridgeshire Constabulary,Cambridgeshire Constabulary,-0.240793,52.572331,On or near Conference/Exhibition Centre,E01015599,Peterborough 014A,Violence and sexual offences,Investigation complete; no suspect identified,
e45f84a400232a7c6236f19ecb32f75253e74a5a390b52f384314176aea258d8,2022-06,Cambridgeshire Constabulary,Cambridgeshire Constabulary,-0.243837,52.576656,On or near Nightclub,E01015599,Peterborough 014A,Violence and sexual offences,Unable to prosecute suspect,
ce1366d9f83c29790105c5cbe5cd34a92a61fd1007cba61b5fe6523c84aa5864,2022-06,Cambridgeshire Constabulary,Cambridgeshire Constabulary,-0.241376,52.572870,On or near Dean'S Court,E01015599,Peterborough 014A,Violence and sexual offences,Investigation complete; no suspect identified,
12b4cfda872a94e6f043f8edbae7983878fff2a9cabac5e0bc6275d8ffcc5135,2022-06,Cambridgeshire Constabulary,Cambridgeshire Constabulary,-0.244900,52.572212,On or near Cross Street,E01015599,Peterborough 014A,Violence and sexual offences,Unable to prosecute suspect,
7ddce7207ee720aae354bf547fb2cb5f3d8a7afe1de696132047dabc481d0648,2022-06,Cambridgeshire Constabulary,Cambridgeshire Constabulary,-0.241545,52.571245,On or near St Peters Road,E01015599,Peterborough 014A,Violence and sexual offences,Unable to prosecute suspect,
e012136b9469cb4c3e4237a6dd916e0a61bdc3a3a17ce521eaf93d014c416e63,2022-06,Cambridgeshire Constabulary,Cambridgeshire Constabulary,-0.241137,52.574809,On or near Supermarket,E01015599,Peterborough 014A,Violence and sexual offences,Investigation complete; no suspect identified,
911089d742e4ad1843d1abcad7037be05c9edaad8d640e4c798dc6554a391b7f,2022-06,Cambridgeshire Constabulary,Cambridgeshire Constabulary,-0.241137,52.574809,On or near Supermarket,E01015599,Peterborough 014A,Violence and sexual offences,Unable to prosecute suspect,
1ecf070aacd20a5eb6d7e2e63e5dd173ba13bf51d831db9093d1b22659e26b9b,2022-06,Cambridgeshire Constabulary,Cambridgeshire Constabulary,-0.241376,52.572870,On or near Dean'S Court,E01015599,Peterborough 014A,Violence and sexual offences,Investigation complete; no suspect identified,
8fa67657ebe54aba2139d0d91c4c3b0bdaeda55c47597e5a25c50e3f4c492b44,2022-06,Cambridgeshire Constabulary,Cambridgeshire Constabulary,-0.243921,52.568655,On or near Viersen Platz,E01015599,Peterborough 014A,Violence and sexual offences,Court result unavailable,
4d8f743a1b7e6518d50234e4f5aa6972ba884483d5449aa5e5956ec7e49b94cc,2022-06,Cambridgeshire Constabulary,Cambridgeshire Constabulary,-0.241376,52.572870,On or near Dean'S Court,E01015599,Peterborough 014A,Violence and sexual offences,Investigation complete; no suspect identified,
a5d66358ed470fa8f27ee3d09005b5e44bbbee9602882e57e3f834bbd4d7484f,2022-06,Cambridgeshire Constabulary,Cambridgeshire Constabulary,-0.244566,52.577989,On or near Parking Area,E01015599,Peterborough 014A,Violence and sexual offences,Unable to prosecute suspect,
93648288640b62e111e0ac00fa0193ee3b9cac15e2d4ac1b076b968bd2773170,2022-06,Cambridgeshire Constabulary,Cambridgeshire Constabulary,-0.244978,52.574695,On or near Shopping Area,E01015599,Peterborough 014A,Violence and sexual offences,Unable to prosecute suspect,
773717884c99be1bde25f5ac7a26be4192bd69fa26653f7ff07c21a88fee8239,2022-06,Cambridgeshire Constabulary,Cambridgeshire Constabulary,-0.241545,52.571245,On or near St Peters Road,E01015599,Peterborough 014A,Violence and sexual offences,Unable to prosecute suspect,
4303ccbc456284f91b3cbbb074ea7d730ba581460a9d187c086f134241a0ec75,2022-06,Cambridgeshire Constabulary,Cambridgeshire Constabulary,-0.241376,52.572870,On or near Dean'S Court,E01015599,Peterborough 014A,Violence and sexual offences,Investigation complete; no suspect identified,
08bc740d25ad0f7b6ae5bd928de6896902a0b7b638b412fd01af2dcb7516f8e1,2022-06,Cambridgeshire Constabulary,Cambridgeshire Constabulary,-0.246246,52.572880,On or near Cowgate,E01015599,Peterborough 014A,Violence and sexual offences,Investigation complete; no suspect identified,
e41bf3a72ab827f3532ede42c5347efca755213ec9617198928d67f80e31848d,2022-06,Cambridgeshire Constabulary,Cambridgeshire Constabulary,-0.241286,52.574020,On or near Midgate,E01015599,Peterborough 014A,Violence and sexual offences,Investigation complete; no suspect identified,
d057ead1fc485df69a7bb864dd2ea760e43618baa93aecd1d19c648ae3b904d1,2022-06,Cambridgeshire Constabulary,Cambridgeshire Constabulary,-0.250492,52.578157,On or near Pedestrian Subway,E01015599,Peterborough 014A,Violence and sexual offences,Unable to prosecute suspect,
d144c514b5a6147ad75f42560be9a5a1e2734d6113f8657b9dab74625f8b32e6,2022-06,Cambridgeshire Constabulary,Cambridgeshire Constabulary,-0.238603,52.575418,On or near Nightclub,E01015599,Peterborough 014A,Violence and sexual offences,Unable to prosecute suspect,
3604b5006d3436a1622ae18a2633e4816a28d2fc90fbb0e3989ae2329f66a30a,2022-06,Cambridgeshire Constabulary,Cambridgeshire Constabulary,-0.247848,52.576374,On or near Parking Area,E01015599,Peterborough 014A,Violence and sexual offences,Unable to prosecute suspect,
752f06d8fcab8334c5cccc96972f083609f77489d54dc5bfb3fa734ab783d690,2022-06,Cambridgeshire Constabulary,Cambridgeshire Constabulary,-0.241286,52.574020,On or near Midgate,E01015599,Peterborough 014A,Violence and sexual offences,Unable to prosecute suspect,
f5f5ec9d1b77fafbbdbb5eeea709159587f03c12fe9c069588f20f4833146155,2022-06,Cambridgeshire Constabulary,Cambridgeshire Constabulary,-0.238275,52.575881,On or near Brook Street,E01015599,Peterborough 014A,Violence and sexual offences,Investigation complete; no suspect identified,
979d467e72b53c546808ac523b3893c03164b11f85e0342ee9e7fc407408ea38,2022-06,Cambridgeshire Constabulary,Cambridgeshire Constabulary,-0.241376,52.572870,On or near Dean'S Court,E01015599,Peterborough 014A,Violence and sexual offences,Investigation complete; no suspect identified,
82f3e04b6f9acf5a8768fa7a3fd2f9f3029b0b346bc8f632f51e1cc650314ada,2022-06,Cambridgeshire Constabulary,Cambridgeshire Constabulary,-0.246709,52.576815,On or near Bright Street,E01015599,Peterborough 014A,Violence and sexual offences,Unable to prosecute suspect,
529fa0193b95796eaa6e09153c17534722f5fcc51e670008c9d9e8cfa85811fe,2022-06,Cambridgeshire Constabulary,Cambridgeshire Constabulary,-0.241286,52.574020,On or near Midgate,E01015599,Peterborough 014A,Violence and sexual offences,Investigation complete; no suspect identified,
30c64f4def9891c4f1c4ef5b951f5787abf0416e4d134645240238485280a6f7,2022-06,Cambridgeshire Constabulary,Cambridgeshire Constabulary,-0.238275,52.575881,On or near Brook Street,E01015599,Peterborough 014A,Violence and sexual offences,Investigation complete; no suspect identified,
445a16f692295b8ed8c0df2c54d2bd905d71785aeb8d9f790ce2b45d312fb60d,2022-06,Cambridgeshire Constabulary,Cambridgeshire Constabulary,-0.241873,52.569299,On or near Bridge Street,E01015599,Peterborough 014A,Violence and sexual offences,Unable to prosecute suspect,
e8ba66b73c1f51c359dc9273a0692d34d3fbd487158cb19803b5c17bd7351de6,2022-06,Cambridgeshire Constabulary,Cambridgeshire Constabulary,-0.244992,52.575828,On or near Parking Area,E01015599,Peterborough 014A,Violence and sexual offences,Unable to prosecute suspect,
5add7f44c77b0194dc75ba21143275373ce7cb686a3e0bf80b2fd7d6fc42db80,2022-06,Cambridgeshire Constabulary,Cambridgeshire Constabulary,-0.241137,52.574809,On or near Supermarket,E01015599,Peterborough 014A,Violence and sexual offences,Investigation complete; no suspect identified,
ef4f957b822525d61e62de8220f9c242bda28008ef205f24096482e03bc8ce98,2022-06,Cambridgeshire Constabulary,Cambridgeshire Constabulary,-0.241376,52.572870,On or near Dean'S Court,E01015599,Peterborough 014A,Violence and sexual offences,Investigation complete; no suspect identified,
1697d320dc52a315700cee2ca39cca89f6fafe535d70beac0a3935a4599a10d5,2022-06,Cambridgeshire Constabulary,Cambridgeshire Constabulary,-0.245643,52.576530,On or near Parking Area,E01015599,Peterborough 014A,Violence and sexual offences,Unable to prosecute suspect,
c8b2913976b3b3db741efc427786c57acfa45937b197b241685df4a14098e701,2022-06,Cambridgeshire Constabulary,Cambridgeshire Constabulary,-0.245137,52.578833,On or near Sports/Recreation Area,E01015599,Peterborough 014A,Violence and sexual offences,Investigation complete; no suspect identified,
e17ea72f5cab11a58ea0733ecb56b5e367b932a8697af1f6eb59ff3178faf874,2022-06,Cambridgeshire Constabulary,Cambridgeshire Constabulary,-0.244992,52.575828,On or near Parking Area,E01015599,Peterborough 014A,Violence and sexual offences,Unable to prosecute suspect,
086161c8de2f7014272dfbf322d76ab3a48e203b45011ed52d00bfd17fec43c0,2022-06,Cambridgeshire Constabulary,Cambridgeshire Constabulary,-0.241286,52.574020,On or near Midgate,E01015599,Peterborough 014A,Violence and sexual offences,Court result unavailable,
d0950fb891b7a50da24d93f44fcd78a2260f454191fac57bb2d7b5c087163bbc,2022-06,Cambridgeshire Constabulary,Cambridgeshire Constabulary,-0.248427,52.574440,On or near Station Road,E01015599,Peterborough 014A,Violence and sexual offences,Investigation complete; no suspect identified,
6232a94fabbeb877dcbd177683f42a8733fa14936ad3afb743ded8d0f70a88a5,2022-06,Cambridgeshire Constabulary,Cambridgeshire Constabulary,-0.241137,52.574809,On or near Supermarket,E01015599,Peterborough 014A,Violence and sexual offences,Investigation complete; no suspect identified,
0d138d2f29520211ae8d98ba28b16ed51500a7538a3b7242e07d0c77337e56e3,2022-06,Cambridgeshire Constabulary,Cambridgeshire Constabulary,-0.243155,52.570838,On or near Shopping Area,E01015599,Peterborough 014A,Violence and sexual offences,Status update unavailable,
c7c57c8cfdb9c394c2b58d70b5bc72012eaa58acbbadbe0f71658bfb3d8ed1d6,2022-06,Cambridgeshire Constabulary,Cambridgeshire Constabulary,-0.248427,52.574440,On or near Station Road,E01015599,Peterborough 014A,Violence and sexual offences,Investigation complete; no suspect identified,
045853261aaba5b3b149cd2dcb244da27bca41d92058d6499f1ea10a2857a46a,2022-06,Cambridgeshire Constabulary,Cambridgeshire Constabulary,-0.245074,52.572655,On or near Church Street,E01015599,Peterborough 014A,Violence and sexual offences,Investigation complete; no suspect identified,
c751b0d48ec49b2540def549433ee6ab8a314a48598a1b1bf734313be62b6a66,2022-06,Cambridgeshire Constabulary,Cambridgeshire Constabulary,-0.245401,52.572984,On or near King Street,E01015599,Peterborough 014A,Violence and sexual offences,Status update unavailable,
a3d7d0ce672743e2930a8a3c42343a12ca499a7708ae7aaef01fee105183a623,2022-06,Cambridgeshire Constabulary,Cambridgeshire Constabulary,-0.241137,52.574809,On or near Supermarket,E01015599,Peterborough 014A,Violence and sexual offences,Investigation complete; no suspect identified,
ca70628be2c58ef041b53d218e9e6ad9800f6a53c84ea23bbde4b24b3a1428f1,2022-06,Cambridgeshire Constabulary,Cambridgeshire Constabulary,-0.235427,52.576963,On or near Crawthorne Road,E01015599,Peterborough 014A,Violence and sexual offences,Unable to prosecute suspect,
9afafea627e13ba69f4658aa050de54fa32305e42ea9a33e026720c9acdaee57,2022-06,Cambridgeshire Constabulary,Cambridgeshire Constabulary,-0.246709,52.576815,On or near Bright Street,E01015599,Peterborough 014A,Violence and sexual offences,Unable to prosecute suspect,
6efc9776bd5ec81466caab03c7aaea458ff6d51c72cb0ef50ec7e4a3543cebb1,2022-06,Cambridgeshire Constabulary,Cambridgeshire Constabulary,-0.241286,52.574020,On or near Midgate,E01015599,Peterborough 014A,Violence and sexual offences,Unable to prosecute suspect,
c2f62a76a7250495e6c5bb1c996ad2ace07b5fa7c9a1dc6b8d8004d14f603ce9,2022-06,Cambridgeshire Constabulary,Cambridgeshire Constabulary,-0.238603,52.575418,On or near Nightclub,E01015599,Peterborough 014A,Violence and sexual offences,Offender given a caution,
c35881f51195f3797a93b05d7e41c549f910cbce3f3e8af50e41fe9b879d916d,2022-06,Cambridgeshire Constabulary,Cambridgeshire Constabulary,-0.241286,52.574020,On or near Midgate,E01015599,Peterborough 014A,Other crime,Court result unavailable,
dbb0cebbe87d739f2b05565d74f247b1115963732c01b7a0faac64e565a604b1,2022-06,Cambridgeshire Constabulary,Cambridgeshire Constabulary,-0.243921,52.568655,On or near Viersen Platz,E01015599,Peterborough 014A,Other crime,Unable to prosecute suspect,
c805ad8f9d631d0ff6cf3c58bc873e53ff44ec58c38e0d0fee26fb012376eeb2,2022-06,Cambridgeshire Constabulary,Cambridgeshire Constabulary,-0.238405,52.574480,On or near City Road,E01015599,Peterborough 014A,Other crime,Status update unavailable,
e1db9cdcdced93343e6dbfe309ed85f2bf6e38b17316406dc4a3457c2ef445b3,2022-06,Cambridgeshire Constabulary,Cambridgeshire Constabulary,-0.238405,52.574480,On or near City Road,E01015599,Peterborough 014A,Other crime,Status update unavailable,
22ae1030c4bc114b7d40485b36a25ce482a393c3f057e7ff31a19e6fb238f665,2022-06,Cambridgeshire Constabulary,Cambridgeshire Constabulary,-0.241286,52.574020,On or near Midgate,E01015599,Peterborough 014A,Other crime,Unable to prosecute suspect,
e8293c63ce2ad1c2ad04335d79faa896621bc76dc93300c4c7547897dbb4e154,2022-06,Cambridgeshire Constabulary,Cambridgeshire Constabulary,-0.245310,52.580436,On or near Kimbolton Court,E01015600,Peterborough 014B,Bicycle theft,Investigation complete; no suspect identified,
d54d829a21cf35e70d30b98345ba73dd8e327c77cfa9a9cddb1b4bbf2d9f6259,2022-06,Cambridgeshire Constabulary,Cambridgeshire Constabulary,-0.245310,52.580436,On or near Kimbolton Court,E01015600,Peterborough 014B,Burglary,Unable to prosecute suspect,
be8a9ba5acc2b5b8e2f4f3438652f19123726384932012c56737e75bbf0e7d54,2022-06,Cambridgeshire Constabulary,Cambridgeshire Constabulary,-0.247023,52.577809,On or near Russell Street,E01015600,Peterborough 014B,Criminal damage and arson,Unable to prosecute suspect,
2dcc4cbc5a23ea67138ffe440eb7a5a9a8a96b8ef427a58137517a9ee91fec48,2022-06,Cambridgeshire Constabulary,Cambridgeshire Constabulary,-0.247023,52.577809,On or near Russell Street,E01015600,Peterborough 014B,Other theft,Unable to prosecute suspect,
f04acc35a74e61ac593f65fb180ff67a4c363af943d9552e6ff577a542d51222,2022-06,Cambridgeshire Constabulary,Cambridgeshire Constabulary,-0.245310,52.580436,On or near Kimbolton Court,E01015600,Peterborough 014B,Possession of weapons,Unable to prosecute suspect,
ab38a330d76c7b70899b28ca729ab0d2f9b1673d1d89b08c416e84011d775255,2022-06,Cambridgeshire Constabulary,Cambridgeshire Constabulary,-0.247451,52.579668,On or near Cromwell Road,E01015600,Peterborough 014B,Public order,Unable to prosecute suspect,
ea72eb5facd11b56a9989da5a03f4011efea72b112eab197ab4739cb35bc7134,2022-06,Cambridgeshire Constabulary,Cambridgeshire Constabulary,-0.249810,52.581941,On or near Hankey Street,E01015600,Peterborough 014B,Robbery,Investigation complete; no suspect identified,
55d9cbea7eb038f1aedcb2f0e7c97a9ae3cbb86e84811cb371718ffe1be4a3a2,2022-06,Cambridgeshire Constabulary,Cambridgeshire Constabulary,-0.247023,52.577809,On or near Russell Street,E01015600,Peterborough 014B,Vehicle crime,Investigation complete; no suspect identified,
e23ec715b1ebf81f791e85c0445d53fc859aa27ad002f38ee7f9300973cd1fa8,2022-06,Cambridgeshire Constabulary,Cambridgeshire Constabulary,-0.247023,52.577809,On or near Russell Street,E01015600,Peterborough 014B,Violence and sexual offences,Unable to prosecute suspect,
3f9475fe9dd410a468c879b7fdd60ea2e424740277b267194427ba4809fa7502,2022-06,Cambridgeshire Constabulary,Cambridgeshire Constabulary,-0.247023,52.577809,On or near Russell Street,E01015600,Peterborough 014B,Violence and sexual offences,Unable to prosecute suspect,
e27f80822b5385cfc35fe0ba63891621a55387f45c8d7e65b57f3e1f2da38150,2022-06,Cambridgeshire Constabulary,Cambridgeshire Constabulary,-0.249247,52.580890,On or near Cobden Street,E01015600,Peterborough 014B,Violence and sexual offences,Unable to prosecute suspect,
c5351c682fceb56e3f159481449b05d6ec29ac670736b8841408944ab8baa0bc,2022-06,Cambridgeshire Constabulary,Cambridgeshire Constabulary,-0.249247,52.580890,On or near Cobden Street,E01015600,Peterborough 014B,Violence and sexual offences,Investigation complete; no suspect identified,
6747c05db6f002068dace4c8994dd5775fd27fc0d639e25f87e30eb9515f1965,2022-06,Cambridgeshire Constabulary,Cambridgeshire Constabulary,-0.248482,52.580078,On or near Link Road,E01015600,Peterborough 014B,Violence and sexual offences,Unable to prosecute suspect,
93312c1360d07f3319fdbbac88deb599eff8727f3a5aba19b1725af8705e9b53,2022-06,Cambridgeshire Constabulary,Cambridgeshire Constabulary,-0.247023,52.577809,On or near Russell Street,E01015600,Peterborough 014B,Violence and sexual offences,Investigation complete; no suspect identified,
792bde5a7ed523ba0f109886e58252fcc74a96e16ade43ad86d904b2a18fd926,2022-06,Cambridgeshire Constabulary,Cambridgeshire Constabulary,-0.247023,52.577809,On or near Russell Street,E01015600,Peterborough 014B,Violence and sexual offences,Court result unavailable,
e41666f6e34d03c908041f2d8e300686e43691668e5fe9ed85ebc8c5b56eb237,2022-06,Cambridgeshire Constabulary,Cambridgeshire Constabulary,-0.247023,52.577809,On or near Russell Street,E01015600,Peterborough 014B,Violence and sexual offences,Unable to prosecute suspect,
644f238c71264ea4108102de59b7f55a5619a4affc38381ca4594621bc0ced5a,2022-06,Cambridgeshire Constabulary,Cambridgeshire Constabulary,-0.248797,52.581081,On or near Victoria Place,E01015600,Peterborough 014B,Violence and sexual offences,Unable to prosecute suspect,
f603f70b8ee7e86d35a32678e2ead1c33948815038c3e141c2efc0604acc9969,2022-06,Cambridgeshire Constabulary,Cambridgeshire Constabulary,-0.248482,52.580078,On or near Link Road,E01015600,Peterborough 014B,Violence and sexual offences,Unable to prosecute suspect,
2ce75eeb6dfa69da37d6858edf81378a4a53a1735981ca17f40eb1604d70b405,2022-06,Cambridgeshire Constabulary,Cambridgeshire Constabulary,-0.246738,52.579028,On or near Beech Avenue,E01015600,Peterborough 014B,Other crime,Investigation complete; no suspect identified,
2bd2482a62319ed76359db85ab8c094ac157351fb765e71dc56195bf360db7b9,2022-06,Cambridgeshire Constabulary,Cambridgeshire Constabulary,-0.247023,52.577809,On or near Russell Street,E01015600,Peterborough 014B,Other crime,Unable to prosecute suspect,
,2022-06,Cambridgeshire Constabulary,Cambridgeshire Constabulary,-0.240962,52.576955,On or near Theatre/Concert Hall,E01015602,Peterborough 014C,Anti-social behaviour,,
,2022-06,Cambridgeshire Constabulary,Cambridgeshire Constabulary,-0.240962,52.576955,On or near Theatre/Concert Hall,E01015602,Peterborough 014C,Anti-social behaviour,,
,2022-06,Cambridgeshire Constabulary,Cambridgeshire Constabulary,-0.241092,52.580338,On or near Burghley Road,E01015602,Peterborough 014C,Anti-social behaviour,,
,2022-06,Cambridgeshire Constabulary,Cambridgeshire Constabulary,-0.239346,52.579359,On or near Burghley Square,E01015602,Peterborough 014C,Anti-social behaviour,,
,2022-06,Cambridgeshire Constabulary,Cambridgeshire Constabulary,-0.239346,52.579359,On or near Burghley Square,E01015602,Peterborough 014C,Anti-social behaviour,,
,2022-06,Cambridgeshire Constabulary,Cambridgeshire Constabulary,-0.243649,52.575080,On or near Shopping Area,E01015602,Peterborough 014C,Anti-social behaviour,,
,2022-06,Cambridgeshire Constabulary,Cambridgeshire Constabulary,-0.239346,52.579359,On or near Burghley Square,E01015602,Peterborough 014C,Anti-social behaviour,,
,2022-06,Cambridgeshire Constabulary,Cambridgeshire Constabulary,-0.239346,52.579359,On or near Burghley Square,E01015602,Peterborough 014C,Anti-social behaviour,,
,2022-06,Cambridgeshire Constabulary,Cambridgeshire Constabulary,-0.243649,52.575080,On or near Shopping Area,E01015602,Peterborough 014C,Anti-social behaviour,,
,2022-06,Cambridgeshire Constabulary,Cambridgeshire Constabulary,-0.242626,52.577420,On or near Manor House Street,E01015602,Peterborough 014C,Anti-social behaviour,,
,2022-06,Cambridgeshire Constabulary,Cambridgeshire Constabulary,-0.241255,52.579225,On or near St Mark'S Street,E01015602,Peterborough 014C,Anti-social behaviour,,
,2022-06,Cambridgeshire Constabulary,Cambridgeshire Constabulary,-0.240662,52.581878,On or near Granville Street,E01015602,Peterborough 014C,Anti-social behaviour,,
,2022-06,Cambridgeshire Constabulary,Cambridgeshire Constabulary,-0.239346,52.579359,On or near Burghley Square,E01015602,Peterborough 014C,Anti-social behaviour,,
,2022-06,Cambridgeshire Constabulary,Cambridgeshire Constabulary,-0.239346,52.579359,On or near Burghley Square,E01015602,Peterborough 014C,Anti-social behaviour,,
,2022-06,Cambridgeshire Constabulary,Cambridgeshire Constabulary,-0.240845,52.575820,On or near Shopping Area,E01015602,Peterborough 014C,Anti-social behaviour,,
66efdd91aa395950b3eafccbd0612a835e8c3a77c8ff8ebb6a057799f1d63394,2022-06,Cambridgeshire Constabulary,Cambridgeshire Constabulary,-0.241092,52.580338,On or near Burghley Road,E01015602,Peterborough 014C,Bicycle theft,Investigation complete; no suspect identified,
9b4bec0fde81639bbfe3d1c9df4183b5353430a7283c42dde38f8f8070f4dd04,2022-06,Cambridgeshire Constabulary,Cambridgeshire Constabulary,-0.240845,52.575820,On or near Shopping Area,E01015602,Peterborough 014C,Bicycle theft,Investigation complete; no suspect identified,
b22b96797dd4f1863990b4c16921cb9f2c6aa77f1601937a717fb4ec9288d1ed,2022-06,Cambridgeshire Constabulary,Cambridgeshire Constabulary,-0.243649,52.575080,On or near Shopping Area,E01015602,Peterborough 014C,Bicycle theft,Investigation complete; no suspect identified,
34d8e0c8f72e23dc281410054c3b49f21fcf39b93e516800041d671e7355ce74,2022-06,Cambridgeshire Constabulary,Cambridgeshire Constabulary,-0.242201,52.575499,On or near Parking Area,E01015602,Peterborough 014C,Bicycle theft,Investigation complete; no suspect identified,
a5e7674ec8910930e5e84b3c05ec4f6a117e651bba47a582d11ce6ca05d93464,2022-06,Cambridgeshire Constabulary,Cambridgeshire Constabulary,-0.236207,52.578862,On or near Monument Street,E01015602,Peterborough 014C,Burglary,Investigation complete; no suspect identified,
c1b2c1e6820a6aa841bd08e3d6659919fe6d2f0353125007fe0b561b1cea5f32,2022-06,Cambridgeshire Constabulary,Cambridgeshire Constabulary,-0.240662,52.581878,On or near Granville Street,E01015602,Peterborough 014C,Criminal damage and arson,Investigation complete; no suspect identified,
f5cb691d132e71a8202899e92da3345f44dae15a207f2cbf502c8a3c8cceaa98,2022-06,Cambridgeshire Constabulary,Cambridgeshire Constabulary,-0.240845,52.575820,On or near Shopping Area,E01015602,Peterborough 014C,Drugs,Offender given a caution,
3742da37b30c9ca59c6522e952696b48933a18e27f451c79be0ef2d6c89ac75a,2022-06,Cambridgeshire Constabulary,Cambridgeshire Constabulary,-0.244078,52.575419,On or near North Street,E01015602,Peterborough 014C,Drugs,Court result unavailable,
9c36990ec2ad32541f0faef857e5967d67d1b585719ce43229f3f96daa15b638,2022-06,Cambridgeshire Constabulary,Cambridgeshire Constabulary,-0.242626,52.577420,On or near Manor House Street,E01015602,Peterborough 014C,Other theft,Investigation complete; no suspect identified,
f1ccafe220583156b94137000409f982d89271e2d3dfe6134acbcc846fe18a2a,2022-06,Cambridgeshire Constabulary,Cambridgeshire Constabulary,-0.242340,52.575726,On or near Nightclub,E01015602,Peterborough 014C,Other theft,Investigation complete; no suspect identified,
99e4eb0c8db09957cf0d4c8f557bf3f7065520c817fc240a38bcf5fcb8c840a5,2022-06,Cambridgeshire Constabulary,Cambridgeshire Constabulary,-0.239346,52.579359,On or near Burghley Square,E01015602,Peterborough 014C,Possession of weapons,Status update unavailable,
d431dccad65b72916d8c207fc448f50f58cd585fffdc5a74891529038ed95c52,2022-06,Cambridgeshire Constabulary,Cambridgeshire Constabulary,-0.240845,52.575820,On or near Shopping Area,E01015602,Peterborough 014C,Public order,Investigation complete; no suspect identified,
1e12c32667d8a24d66766563097511b17d89821a69d0ac1175a1405964df1c1f,2022-06,Cambridgeshire Constabulary,Cambridgeshire Constabulary,-0.240962,52.576955,On or near Theatre/Concert Hall,E01015602,Peterborough 014C,Public order,Unable to prosecute suspect,
29a00142b78ff81fc581f032871fe0c14a1043c0e8fe54d817800b9a37615d3e,2022-06,Cambridgeshire Constabulary,Cambridgeshire Constabulary,-0.236207,52.578862,On or near Monument Street,E01015602,Peterborough 014C,Public order,Investigation complete; no suspect identified,
1f41fa4db15ffd6ee4bd4de21296b3b2eba38c80172facb5fe700a8c75a400b6,2022-06,Cambridgeshire Constabulary,Cambridgeshire Constabulary,-0.242340,52.575726,On or near Nightclub,E01015602,Peterborough 014C,Public order,Investigation complete; no suspect identified,
0fa16424369cac2f62e157493b058852315557a36d54a860a2f8b253945b215c,2022-06,Cambridgeshire Constabulary,Cambridgeshire Constabulary,-0.240221,52.577412,On or near Broadway,E01015602,Peterborough 014C,Public order,Unable to prosecute suspect,
c5e67948ee52fac6ddb367115e976d21da9b7a402f558a200eb53be1f34b810b,2022-06,Cambridgeshire Constabulary,Cambridgeshire Constabulary,-0.240845,52.575820,On or near Shopping Area,E01015602,Peterborough 014C,Public order,Unable to prosecute suspect,
cc9f95e4a0a5aaadabddbb764939f75c8ba229d31949044885006c0288a6c35a,2022-06,Cambridgeshire Constabulary,Cambridgeshire Constabulary,-0.241255,52.579225,On or near St Mark'S Street,E01015602,Peterborough 014C,Public order,Investigation complete; no suspect identified,
ab56898293bf79d7cf16b0a0be862cb413bc3f085e718d0d1ae0359b42f9d364,2022-06,Cambridgeshire Constabulary,Cambridgeshire Constabulary,-0.242340,52.575726,On or near Nightclub,E01015602,Peterborough 014C,Shoplifting,Local resolution,
82b19c35d85e09b5c125e739b0420a5262d87ac445b68386977b1cfee56ae790,2022-06,Cambridgeshire Constabulary,Cambridgeshire Constabulary,-0.243394,52.575939,On or near Parking Area,E01015602,Peterborough 014C,Vehicle crime,Investigation complete; no suspect identified,
8e87be4a692796c38b094bb210720cb6c1b3b17f17a0de0b136cad694b7c55cd,2022-06,Cambridgeshire Constabulary,Cambridgeshire Constabulary,-0.236207,52.578862,On or near Monument Street,E01015602,Peterborough 014C,Vehicle crime,Investigation complete; no suspect identified,
0b099d07d71a8f44cecc26cf9b26ea93d46eeecc621fb7eb22911af855189bb3,2022-06,Cambridgeshire Constabulary,Cambridgeshire Constabulary,-0.244078,52.575419,On or near North Street,E01015602,Peterborough 014C,Vehicle crime,Court result unavailable,
b1077853e425b53b40ab49b555d2bb4246a8092c3767d393cd71b493f63bb06b,2022-06,Cambridgeshire Constabulary,Cambridgeshire Constabulary,-0.238701,52.576301,On or near Parking Area,E01015602,Peterborough 014C,Vehicle crime,Investigation complete; no suspect identified,
6125c55b99d6558eac9f54b462bc5c8ac88fee8326e30d6ed4847f49d0f48cbc,2022-06,Cambridgeshire Constabulary,Cambridgeshire Constabulary,-0.234703,52.578103,On or near Eastfield Road,E01015602,Peterborough 014C,Vehicle crime,Unable to prosecute suspect,
3a6828b83cba32a147beca19a00c02190cb4890b332caca40e912c9a640f0bf3,2022-06,Cambridgeshire Constabulary,Cambridgeshire Constabulary,-0.238701,52.576301,On or near Parking Area,E01015602,Peterborough 014C,Vehicle crime,Investigation complete; no suspect identified,
fbef1fabca09b43e5fc3f14f3c74d0694f60edba0d44aa2eac7c571f665b8b0b,2022-06,Cambridgeshire Constabulary,Cambridgeshire Constabulary,-0.243649,52.575080,On or near Shopping Area,E01015602,Peterborough 014C,Vehicle crime,Investigation complete; no suspect identified,
8fc0a6743070e81b93e6a131e216233759230c7c021e25fb05909695892e0125,2022-06,Cambridgeshire Constabulary,Cambridgeshire Constabulary,-0.241255,52.579225,On or near St Mark'S Street,E01015602,Peterborough 014C,Vehicle crime,Investigation complete; no suspect identified,
d081db0f81b0e323e6c442f527a83b673df447036ff33ceee966918e2e1d2749,2022-06,Cambridgeshire Constabulary,Cambridgeshire Constabulary,-0.243394,52.575939,On or near Parking Area,E01015602,Peterborough 014C,Vehicle crime,Investigation complete; no suspect identified,
c30bf70484b5becc23a2b2690eb2f231cb43e5bfe9c9a2ea7cf4ac1f7c75895f,2022-06,Cambridgeshire Constabulary,Cambridgeshire Constabulary,-0.242180,52.581936,On or near Nursery Close,E01015602,Peterborough 014C,Vehicle crime,Investigation complete; no suspect identified,
de998d6b4a946d5f667fd9ddcd26a91687b9bd70b640ec62c98f06607cc56893,2022-06,Cambridgeshire Constabulary,Cambridgeshire Constabulary,-0.234945,52.578691,On or near Gloucester Place,E01015602,Peterborough 014C,Vehicle crime,Investigation complete; no suspect identified,
c6cd366d38531fe9131cc16797af4ec938219a39853ef42a43af1c5bd4f4c55a,2022-06,Cambridgeshire Constabulary,Cambridgeshire Constabulary,-0.240662,52.581878,On or near Granville Street,E01015602,Peterborough 014C,Vehicle crime,Investigation complete; no suspect identified,
8a8cee6318bac56a9f987d4d64000097f10a4bcec900ade2cb47dac89579d214,2022-06,Cambridgeshire Constabulary,Cambridgeshire Constabulary,-0.242201,52.575499,On or near Parking Area,E01015602,Peterborough 014C,Violence and sexual offences,Unable to prosecute suspect,
764ab12fc7bc7f00aa69b152e662bf06b0eea499eb261d832f70b029894a7f0e,2022-06,Cambridgeshire Constabulary,Cambridgeshire Constabulary,-0.236207,52.578862,On or near Monument Street,E01015602,Peterborough 014C,Violence and sexual offences,Unable to prosecute suspect,
89c5447d37b0d7743eaafbd1e91389949b4fd45a4d9c1130b916045eebd9631a,2022-06,Cambridgeshire Constabulary,Cambridgeshire Constabulary,-0.242201,52.575499,On or near Parking Area,E01015602,Peterborough 014C,Violence and sexual offences,Unable to prosecute suspect,
fb3d12737aaf6271da37a95ab84f372779afaffb876ba1171e9d24685de237ab,2022-06,Cambridgeshire Constabulary,Cambridgeshire Constabulary,-0.245712,52.580721,On or near Cobden Avenue,E01015602,Peterborough 014C,Violence and sexual offences,Unable to prosecute suspect,
ad0326694d3bcd2fccf63dc66d0134c69269f470e99b701d0b5fe782b8d2ee06,2022-06,Cambridgeshire Constabulary,Cambridgeshire Constabulary,-0.242626,52.577420,On or near Manor House Street,E01015602,Peterborough 014C,Violence and sexual offences,Unable to prosecute suspect,
f08339544f51925635235b50d107f90f6584253642cf6deb225acfe952c98975,2022-06,Cambridgeshire Constabulary,Cambridgeshire Constabulary,-0.240221,52.577412,On or near Broadway,E01015602,Peterborough 014C,Violence and sexual offences,Investigation complete; no suspect identified,
e0a02866cf94200cf57f5195be8d62df1b80c619696bb7500a8c895b48e1e8c6,2022-06,Cambridgeshire Constabulary,Cambridgeshire Constabulary,-0.240962,52.576955,On or near Theatre/Concert Hall,E01015602,Peterborough 014C,Violence and sexual offences,Investigation complete; no suspect identified,
1213b43ac51101a94661a3aa0d4a6716dacf90c010b75e6125ea7409fb0ef64c,2022-06,Cambridgeshire Constabulary,Cambridgeshire Constabulary,-0.240962,52.576955,On or near Theatre/Concert Hall,E01015602,Peterborough 014C,Violence and sexual offences,Unable to prosecute suspect,
7a708ded40da18be5c557cb5f43272292cf52627c00b1bd2cf25b9a76226559a,2022-06,Cambridgeshire Constabulary,Cambridgeshire Constabulary,-0.240962,52.576955,On or near Theatre/Concert Hall,E01015602,Peterborough 014C,Violence and sexual offences,Unable to prosecute suspect,
64723e30c418b719ce4741cbb88c749936da2d674185c289f063f0496ccce991,2022-06,Cambridgeshire Constabulary,Cambridgeshire Constabulary,-0.240845,52.575820,On or near Shopping Area,E01015602,Peterborough 014C,Violence and sexual offences,Unable to prosecute suspect,
210a02cce455490c01628474523c64ff302fe5d96e9dbc972b90a024ac025138,2022-06,Cambridgeshire Constabulary,Cambridgeshire Constabulary,-0.240845,52.575820,On or near Shopping Area,E01015602,Peterborough 014C,Violence and sexual offences,Unable to prosecute suspect,
5a3bb4ad4267b32e32211221fd9ffba23e3ce6ef3559266e5f86c7b2d7847abe,2022-06,Cambridgeshire Constabulary,Cambridgeshire Constabulary,-0.236183,52.578358,On or near Crawthorne Street,E01015602,Peterborough 014C,Violence and sexual offences,Unable to prosecute suspect,
c5e331a516f780e92d770939795e232d7c8b8e8fa69e9077e79c5b7245b43d47,2022-06,Cambridgeshire Constabulary,Cambridgeshire Constabulary,-0.240845,52.575820,On or near Shopping Area,E01015602,Peterborough 014C,Violence and sexual offences,Status update unavailable,
190dadb43df2ca90854278b66ccb727e2a6e403737b018cb8af9775584546e8a,2022-06,Cambridgeshire Constabulary,Cambridgeshire Constabulary,-0.240221,52.577412,On or near Broadway,E01015602,Peterborough 014C,Violence and sexual offences,Investigation complete; no suspect identified,
5b75d350bb7f34437ede470df572d19d7c317aa1988069644c8dcf74fa35943d,2022-06,Cambridgeshire Constabulary,Cambridgeshire Constabulary,-0.240221,52.577412,On or near Broadway,E01015602,Peterborough 014C,Violence and sexual offences,Unable to prosecute suspect,
b6c1ac4ceba67e10d01d9e4d714fe2ca30f0a4e31da97c87e740cea6e8741e68,2022-06,Cambridgeshire Constabulary,Cambridgeshire Constabulary,-0.240962,52.576955,On or near Theatre/Concert Hall,E01015602,Peterborough 014C,Violence and sexual offences,Unable to prosecute suspect,
368c8c2f95d6cee41431699b9a9b5b179d7d155c63e39e87645ab545e7533089,2022-06,Cambridgeshire Constabulary,Cambridgeshire Constabulary,-0.243649,52.575080,On or near Shopping Area,E01015602,Peterborough 014C,Violence and sexual offences,Investigation complete; no suspect identified,
c3faf2182a6191c31bec4540e64534f385a88f5aa59732445e4a2d6c15cb768e,2022-06,Cambridgeshire Constabulary,Cambridgeshire Constabulary,-0.243649,52.575080,On or near Shopping Area,E01015602,Peterborough 014C,Violence and sexual offences,Investigation complete; no suspect identified,
044c7bd8ba72412d398ce35cbe6d236f80dbefcb8ab9449c1c8f97c72df24022,2022-06,Cambridgeshire Constabulary,Cambridgeshire Constabulary,-0.240221,52.577412,On or near Broadway,E01015602,Peterborough 014C,Violence and sexual offences,Unable to prosecute suspect,
ddd2e9e54ff198915001bcdb08eaf20050d93a67636e24450d3d74d5821b92ce,2022-06,Cambridgeshire Constabulary,Cambridgeshire Constabulary,-0.240221,52.577412,On or near Broadway,E01015602,Peterborough 014C,Violence and sexual offences,Investigation complete; no suspect identified,
f8163ef857cdf407877147f737197ae308068e48723588c830ef3f70d03d607d,2022-06,Cambridgeshire Constabulary,Cambridgeshire Constabulary,-0.240221,52.577412,On or near Broadway,E01015602,Peterborough 014C,Violence and sexual offences,Investigation complete; no suspect identified,
368cc58124bc9d5ce8898409a83ac252e5438652f02e2a9e8dbaf99ded6bf2f4,2022-06,Cambridgeshire Constabulary,Cambridgeshire Constabulary,-0.243649,52.575080,On or near Shopping Area,E01015602,Peterborough 014C,Violence and sexual offences,Investigation complete; no suspect identified,
9bf8deaa7f8e40eb84c1a8352aa70e7abbf7b717db6da6c44dd5a4ae233c7bba,2022-06,Cambridgeshire Constabulary,Cambridgeshire Constabulary,-0.234703,52.578103,On or near Eastfield Road,E01015602,Peterborough 014C,Violence and sexual offences,Unable to prosecute suspect,
11c6c4ae63a9f3d8cf4bf8ebeea232664fc7d7172dad9f3066f2b8b2ee000146,2022-06,Cambridgeshire Constabulary,Cambridgeshire Constabulary,-0.242340,52.575726,On or near Nightclub,E01015602,Peterborough 014C,Violence and sexual offences,Investigation complete; no suspect identified,
ffee8a22e8200fd9308bb4aec550563ecacb6fb1455230238606055b9cea6d74,2022-06,Cambridgeshire Constabulary,Cambridgeshire Constabulary,-0.240845,52.575820,On or near Shopping Area,E01015602,Peterborough 014C,Violence and sexual offences,Investigation complete; no suspect identified,
d499556f588c19c6ed61458f15bd160ddc84b04548c8e6afaf6b4133939071c4,2022-06,Cambridgeshire Constabulary,Cambridgeshire Constabulary,-0.234703,52.578103,On or near Eastfield Road,E01015602,Peterborough 014C,Violence and sexual offences,Court result unavailable,
a4848b04d19b03ed7218b0316b19440827c50862dac14b7b2040a20a147b09b9,2022-06,Cambridgeshire Constabulary,Cambridgeshire Constabulary,-0.234703,52.578103,On or near Eastfield Road,E01015602,Peterborough 014C,Violence and sexual offences,Unable to prosecute suspect,
da72a154866b21c7fd01f37eb29cc851ff082db001c91cc6bb629ee55e8ece64,2022-06,Cambridgeshire Constabulary,Cambridgeshire Constabulary,-0.240962,52.576955,On or near Theatre/Concert Hall,E01015602,Peterborough 014C,Violence and sexual offences,Unable to prosecute suspect,
d314f61e6f17cc80a403504567fc9d8d8363783fc1c5cb405c608c3f01f4ea9b,2022-06,Cambridgeshire Constabulary,Cambridgeshire Constabulary,-0.239346,52.579359,On or near Burghley Square,E01015602,Peterborough 014C,Violence and sexual offences,Investigation complete; no suspect identified,
350401cc9b960153f0f49a2d88605e173386404ea9c92cb792cd8505b07d7a9e,2022-06,Cambridgeshire Constabulary,Cambridgeshire Constabulary,-0.242180,52.581936,On or near Nursery Close,E01015602,Peterborough 014C,Violence and sexual offences,Unable to prosecute suspect,
f7f759a98b20210fc708d666d38c21602056c8b7321ed12556739de07a31a68d,2022-06,Cambridgeshire Constabulary,Cambridgeshire Constabulary,-0.240845,52.575820,On or near Shopping Area,E01015602,Peterborough 014C,Violence and sexual offences,Unable to prosecute suspect,
c92658b70f2db2f2545f04b55b34bac33a45bd97b4e20abfa45a0f1dcf50bfee,2022-06,Cambridgeshire Constabulary,Cambridgeshire Constabulary,-0.240845,52.575820,On or near Shopping Area,E01015602,Peterborough 014C,Violence and sexual offences,Offender given a caution,
d55fa33933d32983b6fd611f42e59011a5ee675f9ba67ac6fd28edc53eebe17b,2022-06,Cambridgeshire Constabulary,Cambridgeshire Constabulary,-0.242201,52.575499,On or near Parking Area,E01015602,Peterborough 014C,Violence and sexual offences,Investigation complete; no suspect identified,
e72a095ddf099897df764876d14cdb6eeab499199307baaf6cc913ee0dc5e8dc,2022-06,Cambridgeshire Constabulary,Cambridgeshire Constabulary,-0.240845,52.575820,On or near Shopping Area,E01015602,Peterborough 014C,Violence and sexual offences,Investigation complete; no suspect identified,
cbaadd818eecb7a417259cdfb2c9f1fc20928cddc5d17e193836cfcd7a679044,2022-06,Cambridgeshire Constabulary,Cambridgeshire Constabulary,-0.242180,52.581936,On or near Nursery Close,E01015602,Peterborough 014C,Violence and sexual offences,Unable to prosecute suspect,
733b3bb07014070099c9fb2963b71bba6c1bb08b182c97a0c802f8946c5397dd,2022-06,Cambridgeshire Constabulary,Cambridgeshire Constabulary,-0.243649,52.575080,On or near Shopping Area,E01015602,Peterborough 014C,Violence and sexual offences,Investigation complete; no suspect identified,
682a59a4c393b4e9a2711d4ed3d739f3074cd569f3c947aa086b14e6c02dd03d,2022-06,Cambridgeshire Constabulary,Cambridgeshire Constabulary,-0.241255,52.579225,On or near St Mark'S Street,E01015602,Peterborough 014C,Other crime,Further action is not in the public interest,
ba354957cef6a11b295cb7864f454a2b4c0c39fc758ae6d8fdcd1add8f049ea8,2022-06,Cambridgeshire Constabulary,Cambridgeshire Constabulary,-0.243649,52.575080,On or near Shopping Area,E01015602,Peterborough 014C,Other crime,Investigation complete; no suspect identified,
,2022-06,Cambridgeshire Constabulary,Cambridgeshire Constabulary,-0.231745,52.578238,On or near Charles Street,E01015612,Peterborough 014D,Anti-social behaviour,,
,2022-06,Cambridgeshire Constabulary,Cambridgeshire Constabulary,-0.232497,52.575327,On or near Wellington Street,E01015612,Peterborough 014D,Anti-social behaviour,,
a31dbf3e5d157add79d25bc36779151996deb15babb657974a3eeba03106f294,2022-06,Cambridgeshire Constabulary,Cambridgeshire Constabulary,-0.231238,52.579849,On or near Cavendish Street,E01015612,Peterborough 014D,Burglary,Unable to prosecute suspect,
524a609ae19066d258c0aa4249e6d5183ab59bd2939b48b038a6d913a5e2ba71,2022-06,Cambridgeshire Constabulary,Cambridgeshire Constabulary,-0.232856,52.577410,On or near Dickens Street,E01015612,Peterborough 014D,Burglary,Investigation complete; no suspect identified,
27d509fe7b47c7a8fbac8d3c5fad479a7845cf0755117306c22d6b2f1db34b36,2022-06,Cambridgeshire Constabulary,Cambridgeshire Constabulary,-0.234040,52.577329,On or near Parking Area,E01015612,Peterborough 014D,Criminal damage and arson,Unable to prosecute suspect,
9d98ac508dff643862a4a6eed4d53e75fe9ca64e30ca867156a9690e98ce14d6,2022-06,Cambridgeshire Constabulary,Cambridgeshire Constabulary,-0.235683,52.574269,On or near Petrol Station,E01015612,Peterborough 014D,Criminal damage and arson,Investigation complete; no suspect identified,
0c6696f2b85028b35e4029cc243f48742968ef9ae95a8652ff7cf7b84d203373,2022-06,Cambridgeshire Constabulary,Cambridgeshire Constabulary,-0.236050,52.574688,On or near St John'S Street,E01015612,Peterborough 014D,Drugs,Investigation complete; no suspect identified,
52a091c5e791fa04c79a6502fd8191f530cd0f7493609348d7534d608b733626,2022-06,Cambridgeshire Constabulary,Cambridgeshire Constabulary,-0.234040,52.577329,On or near Parking Area,E01015612,Peterborough 014D,Drugs,Unable to prosecute suspect,
438b91d4d03de8293d5f32ea50f62290b8544886945e5ce223e910e9eafc009e,2022-06,Cambridgeshire Constabulary,Cambridgeshire Constabulary,-0.232787,52.578766,On or near Whitsed Street,E01015612,Peterborough 014D,Drugs,Status update unavailable,
d53115c55176f4ef1e244ab8a387ca934937a772465c4f4bd1e309d838db125a,2022-06,Cambridgeshire Constabulary,Cambridgeshire Constabulary,-0.229945,52.576413,On or near Buckle Street,E01015612,Peterborough 014D,Drugs,Court result unavailable,
b22ab9340982fc52111c2c9b824abcee97ad5e0c07a73005c113eee1832a853d,2022-06,Cambridgeshire Constabulary,Cambridgeshire Constabulary,-0.236398,52.573731,On or near St John'S Street,E01015612,Peterborough 014D,Other theft,Investigation complete; no suspect identified,
5e9c12787e4f6a675903e046c7e5ba03b6f5321c3aca502380e4787bc323e7cb,2022-06,Cambridgeshire Constabulary,Cambridgeshire Constabulary,-0.231238,52.579849,On or near Cavendish Street,E01015612,Peterborough 014D,Other theft,Investigation complete; no suspect identified,
efd085a2eb23b53fc442bceebd1e99188eb484c22172569d2ceff46f42378601,2022-06,Cambridgeshire Constabulary,Cambridgeshire Constabulary,-0.231238,52.579849,On or near Cavendish Street,E01015612,Peterborough 014D,Other theft,Unable to prosecute suspect,
1ef5562ce359d933045726f45954d4c37edb403d0b5877dba5123dacdb6ef595,2022-06,Cambridgeshire Constabulary,Cambridgeshire Constabulary,-0.235683,52.574269,On or near Petrol Station,E01015612,Peterborough 014D,Other theft,Investigation complete; no suspect identified,
458e1afc453bbb56818001e69acec9dc6210306e53d040f291e717a5fbf1dec2,2022-06,Cambridgeshire Constabulary,Cambridgeshire Constabulary,-0.228174,52.578590,On or near Padholme Road,E01015612,Peterborough 014D,Possession of weapons,Unable to prosecute suspect,
cbd195ce75b5326050ea6413a6b641d93436fdefee918bbcbb27c0eaeaf8c27c,2022-06,Cambridgeshire Constabulary,Cambridgeshire Constabulary,-0.234040,52.577329,On or near Parking Area,E01015612,Peterborough 014D,Public order,Unable to prosecute suspect,
d43ba60ac8b6c668e8c959adcaac0ee59ec3eda144dc38ddcf22d3dd47d69e24,2022-06,Cambridgeshire Constabulary,Cambridgeshire Constabulary,-0.232787,52.578766,On or near Whitsed Street,E01015612,Peterborough 014D,Public order,Investigation complete; no suspect identified,
6c24413f6306fbde9c06d58259b603ec8d181b582aac1eee053019778386c877,2022-06,Cambridgeshire Constabulary,Cambridgeshire Constabulary,-0.236050,52.574688,On or near St John'S Street,E01015612,Peterborough 014D,Public order,Investigation complete; no suspect identified,
06a69b3306ad0fd752fecbb998a9676a0389b7130993884cfbda4c27f79c9160,2022-06,Cambridgeshire Constabulary,Cambridgeshire Constabulary,-0.228174,52.578590,On or near Padholme Road,E01015612,Peterborough 014D,Public order,Unable to prosecute suspect,
cb4c73365438bf92722f1c46c3168c59886fe927f2333d9607200fdd5a3d9fe7,2022-06,Cambridgeshire Constabulary,Cambridgeshire Constabulary,-0.234038,52.575548,On or near Parking Area,E01015612,Peterborough 014D,Robbery,Unable to prosecute suspect,
618b9f5b779bdbceaf8c377a0dc41dbc171aed59ea32befa63cb055bb68e0efe,2022-06,Cambridgeshire Constabulary,Cambridgeshire Constabulary,-0.234038,52.575548,On or near Parking Area,E01015612,Peterborough 014D,Vehicle crime,Investigation complete; no suspect identified,
734a31895cbbcf3d9b79bdfbe9f8a11ba4de83cba6c820ee684c3f69b2b5ea3e,2022-06,Cambridgeshire Constabulary,Cambridgeshire Constabulary,-0.234038,52.575548,On or near Parking Area,E01015612,Peterborough 014D,Violence and sexual offences,Unable to prosecute suspect,
af79cc77b718a7b8ea800fdd17a1b05661855e9e9f72ea9686c52deb07853316,2022-06,Cambridgeshire Constabulary,Cambridgeshire Constabulary,-0.227867,52.574134,On or near Glenton Street,E01015612,Peterborough 014D,Violence and sexual offences,Unable to prosecute suspect,
a7cf080f85aaa9578e8a9db279eadf296da63b13b87e77b26585dd4cfb0b61fe,2022-06,Cambridgeshire Constabulary,Cambridgeshire Constabulary,-0.229216,52.575449,On or near Star Road,E01015612,Peterborough 014D,Violence and sexual offences,Unable to prosecute suspect,
acdc3df725eea0fa74148f33ce960664a49d2df3e0f19aa5ccaa1661c5983678,2022-06,Cambridgeshire Constabulary,Cambridgeshire Constabulary,-0.227342,52.575799,On or near Burton Street,E01015612,Peterborough 014D,Violence and sexual offences,Unable to prosecute suspect,
48beec6a7dc320055e450533e96d502ceedbd54901cd3e06800385514c125f44,2022-06,Cambridgeshire Constabulary,Cambridgeshire Constabulary,-0.228943,52.577100,On or near Star Close,E01015612,Peterborough 014D,Violence and sexual offences,Unable to prosecute suspect,
68b508c4a2259d7f7660b60d4d46c900a6935bbb9b4863c9b78ae743bd46f31f,2022-06,Cambridgeshire Constabulary,Cambridgeshire Constabulary,-0.232787,52.578766,On or near Whitsed Street,E01015612,Peterborough 014D,Violence and sexual offences,Unable to prosecute suspect,
d803822da8cc7688146767ef4e4f65702e30f90efdf40467f24f3bc49b30c334,2022-06,Cambridgeshire Constabulary,Cambridgeshire Constabulary,-0.236050,52.574688,On or near St John'S Street,E01015612,Peterborough 014D,Violence and sexual offences,Unable to prosecute suspect,
8ae29654db2876564f7f3189fe1eb31a6a48b45e428a9977e941095e5bd528c2,2022-06,Cambridgeshire Constabulary,Cambridgeshire Constabulary,-0.232787,52.578766,On or near Whitsed Street,E01015612,Peterborough 014D,Violence and sexual offences,Unable to prosecute suspect,
9f2d2869e7ca227c089ce28127d59fcb951172f44d51ba5ab2f00acae1e6c03f,2022-06,Cambridgeshire Constabulary,Cambridgeshire Constabulary,-0.231745,52.578238,On or near Charles Street,E01015612,Peterborough 014D,Violence and sexual offences,Unable to prosecute suspect,
ffabc20b3cec427bfc365412b4f6020bba34cffb84bbb5a17a39c40172dbcb2d,2022-06,Cambridgeshire Constabulary,Cambridgeshire Constabulary,-0.233224,52.578170,On or near Whalley Street,E01015612,Peterborough 014D,Violence and sexual offences,Unable to prosecute suspect,
7048ca8ec153b19fe2daee409e8af80076e459952fecb87cf7057d5eee5f43f4,2022-06,Cambridgeshire Constabulary,Cambridgeshire Constabulary,-0.234038,52.575548,On or near Parking Area,E01015612,Peterborough 014D,Violence and sexual offences,Unable to prosecute suspect,
3a8b9b2feaae6e5ba7841f039cd85ac8eb7961ba8cb5490e4f1ea53984b164e0,2022-06,Cambridgeshire Constabulary,Cambridgeshire Constabulary,-0.232497,52.575327,On or near Wellington Street,E01015612,Peterborough 014D,Other crime,Investigation complete; no suspect identified,
,2022-06,Cambridgeshire Constabulary,Cambridgeshire Constabulary,-0.240177,52.584028,On or near Prince'S Street,E01015655,Peterborough 014E,Anti-social behaviour,,
,2022-06,Cambridgeshire Constabulary,Cambridgeshire Constabulary,-0.240177,52.584028,On or near Prince'S Street,E01015655,Peterborough 014E,Anti-social behaviour,,
c86c11302010ea9cbc550b3e503079a6609b7196e53d860feb93b9800c85cab8,2022-06,Cambridgeshire Constabulary,Cambridgeshire Constabulary,-0.233631,52.582007,On or near Princes Gardens,E01015655,Peterborough 014E,Burglary,Investigation complete; no suspect identified,
5d384dbff4742590696b38746ae1173e315ea0b675599fe51ced5cc0305fe5e9,2022-06,Cambridgeshire Constabulary,Cambridgeshire Constabulary,-0.240177,52.584028,On or near Prince'S Street,E01015655,Peterborough 014E,Burglary,Investigation complete; no suspect identified,
dfd51533d372f80daf97ab1738b001016946ec9f996d0afc38f8c9b023d738d8,2022-06,Cambridgeshire Constabulary,Cambridgeshire Constabulary,-0.240177,52.584028,On or near Prince'S Street,E01015655,Peterborough 014E,Other theft,Investigation complete; no suspect identified,
d8c3680b29e6339c1cbb7c8721aa60af570e5a5305764ea414c7dbbd6ba06fa2,2022-06,Cambridgeshire Constabulary,Cambridgeshire Constabulary,-0.232795,52.582237,On or near St Mary'S Close,E01015655,Peterborough 014E,Vehicle crime,Investigation complete; no suspect identified,
584993760e712adb440524c5141813e25cef813db4c90bbdc4baa1e79a5bb713,2022-06,Cambridgeshire Constabulary,Cambridgeshire Constabulary,-0.240065,52.584971,On or near All Saints Road,E01015655,Peterborough 014E,Vehicle crime,Investigation complete; no suspect identified,
c440055357b81fab4f8b5bf53ab79384b694784677c1e0145f9f49048f54a8f9,2022-06,Cambridgeshire Constabulary,Cambridgeshire Constabulary,-0.235141,52.581148,On or near Oaklands,E01015655,Peterborough 014E,Violence and sexual offences,Local resolution,
56c3f1f805c28aa6c6314dc6a52f2e49240c6bbd4c7e6f37a6888559708ad8f1,2022-06,Cambridgeshire Constabulary,Cambridgeshire Constabulary,-0.235141,52.581148,On or near Oaklands,E01015655,Peterborough 014E,Violence and sexual offences,Unable to prosecute suspect,
164898ddee12bafc17fb9b677361322a3b90632b9b269810bbc00615b7ed66d7,2022-06,Cambridgeshire Constabulary,Cambridgeshire Constabulary,-0.238789,52.582560,On or near Huntly Grove,E01015655,Peterborough 014E,Violence and sexual offences,Unable to prosecute suspect,
d3f792dc0ed2a4495fa47cfbca2e27111118468d6c9d2d0c6f1ab11cb56c2fd8,2022-06,Cambridgeshire Constabulary,Cambridgeshire Constabulary,-0.240065,52.584971,On or near All Saints Road,E01015655,Peterborough 014E,Violence and sexual offences,Unable to prosecute suspect,
,2022-06,Cambridgeshire Constabulary,Cambridgeshire Constabulary,-0.292513,52.578474,On or near Barnards Court,E01015598,Peterborough 015A,Anti-social behaviour,,
,2022-06,Cambridgeshire Constabulary,Cambridgeshire Constabulary,-0.295734,52.573063,On or near A1260,E01015598,Peterborough 015A,Anti-social behaviour,,
,2022-06,Cambridgeshire Constabulary,Cambridgeshire Constabulary,-0.292040,52.576975,On or near Egar Way,E01015598,Peterborough 015A,Anti-social behaviour,,
676bab0842b82cc42ac80938fabce05f3949f9a7bb8737b79c87a7fbfdb9da7a,2022-06,Cambridgeshire Constabulary,Cambridgeshire Constabulary,-0.297571,52.576686,On or near Hospital,E01015598,Peterborough 015A,Burglary,Investigation complete; no suspect identified,
3755b804e4ec58917d72d2fb44b629ce7a76ea81dc833a7b3cd97111ef9ee2ed,2022-06,Cambridgeshire Constabulary,Cambridgeshire Constabulary,-0.292584,52.575121,On or near Conference/Exhibition Centre,E01015598,Peterborough 015A,Burglary,Unable to prosecute suspect,
98a1969efd238b87de37f1019e3ddbd28e20ff64fd89b12167e10f5b1dcdb5e4,2022-06,Cambridgeshire Constabulary,Cambridgeshire Constabulary,-0.295082,52.578061,On or near Sebrights Way,E01015598,Peterborough 015A,Criminal damage and arson,Investigation complete; no suspect identified,
be915871f6a3ea82c382083bf2b5d9814c476fb3d70b6673883df2989eaa278c,2022-06,Cambridgeshire Constabulary,Cambridgeshire Constabulary,-0.289244,52.576754,On or near Copeland,E01015598,Peterborough 015A,Other theft,Investigation complete; no suspect identified,
76d703389f680cce9a7db2a71fb163604aedd4f642f3f0cc35113dae1e7eec15,2022-06,Cambridgeshire Constabulary,Cambridgeshire Constabulary,-0.292040,52.576975,On or near Egar Way,E01015598,Peterborough 015A,Public order,Unable to prosecute suspect,
ce7f9d3fca5b879e95e9c220632f4f400060738f4dec2f74cfcbd028db4f14fe,2022-06,Cambridgeshire Constabulary,Cambridgeshire Constabulary,-0.295147,52.579051,On or near Huntsmans Gate,E01015598,Peterborough 015A,Vehicle crime,Investigation complete; no suspect identified,
49df422d9eb06350197ba4fd87a85624db673aca82c623d526135cbfbb35a0d4,2022-06,Cambridgeshire Constabulary,Cambridgeshire Constabulary,-0.295147,52.579051,On or near Huntsmans Gate,E01015598,Peterborough 015A,Vehicle crime,Investigation complete; no suspect identified,
d1dc63c9ef1edd9ce6151228bd1dd8479fd9b4d13ee1e7b2ed29050490928b4c,2022-06,Cambridgeshire Constabulary,Cambridgeshire Constabulary,-0.293650,52.579218,On or near Carters Close,E01015598,Peterborough 015A,Vehicle crime,Investigation complete; no suspect identified,
bdfd14e900fe9bd968066992a70584e7054c9f85763e5b06c0ef1802cb72e17b,2022-06,Cambridgeshire Constabulary,Cambridgeshire Constabulary,-0.290760,52.577999,On or near Pedestrian Subway,E01015598,Peterborough 015A,Violence and sexual offences,Unable to prosecute suspect,
ef47785aae44a7663a3932335bc38708ed9ab194f6ef7c1093a2e7bb55ce9499,2022-06,Cambridgeshire Constabulary,Cambridgeshire Constabulary,-0.290760,52.577999,On or near Pedestrian Subway,E01015598,Peterborough 015A,Violence and sexual offences,Unable to prosecute suspect,
c776c07775b9064718f0c4bf7097d998ecb30229e8aa157ec9f2adad7d32bcc9,2022-06,Cambridgeshire Constabulary,Cambridgeshire Constabulary,-0.289099,52.580115,On or near Jorose Street,E01015598,Peterborough 015A,Violence and sexual offences,Unable to prosecute suspect,
e7f379352727a585e1394c21507c6b5bb87f805d866b476fb8da8873f73d4152,2022-06,Cambridgeshire Constabulary,Cambridgeshire Constabulary,-0.292040,52.576975,On or near Egar Way,E01015598,Peterborough 015A,Violence and sexual offences,Unable to prosecute suspect,
30f82155680553dfda4ad5c35a2b9576b6838175c1b2fc7787e8d509932fbebd,2022-06,Cambridgeshire Constabulary,Cambridgeshire Constabulary,-0.285491,52.576125,On or near Lindridge Walk,E01015687,Peterborough 015B,Criminal damage and arson,Investigation complete; no suspect identified,
dda9c19a03b106c871dc9664e899659c408665b879cec4456210739f9e69da9c,2022-06,Cambridgeshire Constabulary,Cambridgeshire Constabulary,-0.284061,52.573820,On or near Peddars Way,E01015687,Peterborough 015B,Vehicle crime,Investigation complete; no suspect identified,
4afad7c53758f91829579b6e56738ca8346bf8b5beee057b84f5f46412f79932,2022-06,Cambridgeshire Constabulary,Cambridgeshire Constabulary,-0.282055,52.576048,On or near Bradwell Road,E01015687,Peterborough 015B,Violence and sexual offences,Unable to prosecute suspect,
1a8e445f3904b20d071ad4a65580baa1da17c915e28fee1d7206391da754e5ec,2022-06,Cambridgeshire Constabulary,Cambridgeshire Constabulary,-0.282055,52.576048,On or near Bradwell Road,E01015687,Peterborough 015B,Violence and sexual offences,Unable to prosecute suspect,
ce255a7d881402812c88fbcd38a29743baf0ff0287a4409ee30003f9475cf1b6,2022-06,Cambridgeshire Constabulary,Cambridgeshire Constabulary,-0.287331,52.574353,On or near Cypress Close,E01015687,Peterborough 015B,Violence and sexual offences,Unable to prosecute suspect,
4dc70e31f2dc1ebb43e27ac05160083d0fe80ce33b9b1f8fc4428cc1f4dc645d,2022-06,Cambridgeshire Constabulary,Cambridgeshire Constabulary,-0.281145,52.578579,On or near Elmore Road,E01015687,Peterborough 015B,Violence and sexual offences,Unable to prosecute suspect,
0f380b13f1bdfa278e5792d3423eea4f221591ea949ef95e028d067cd6904d99,2022-06,Cambridgeshire Constabulary,Cambridgeshire Constabulary,-0.282055,52.576048,On or near Bradwell Road,E01015687,Peterborough 015B,Other crime,Unable to prosecute suspect,
,2022-06,Cambridgeshire Constabulary,Cambridgeshire Constabulary,-0.295538,52.570111,On or near Police Station,E01015689,Peterborough 015C,Anti-social behaviour,,
,2022-06,Cambridgeshire Constabulary,Cambridgeshire Constabulary,-0.295538,52.570111,On or near Police Station,E01015689,Peterborough 015C,Anti-social behaviour,,
8eedf282233a4e97153095f9b39efa775f92440cf4f8d2a0451ee4af0eae264a,2022-06,Cambridgeshire Constabulary,Cambridgeshire Constabulary,-0.289245,52.572574,On or near Longthorpe Close,E01015689,Peterborough 015C,Burglary,Investigation complete; no suspect identified,
7dcf93ff39ec7b2c3fde21c02755765d0b9d9f5ccd5fd7546fcbab39dfc0b642,2022-06,Cambridgeshire Constabulary,Cambridgeshire Constabulary,-0.281544,52.568362,On or near Tantallon Court,E01015689,Peterborough 015C,Criminal damage and arson,Investigation complete; no suspect identified,
68aec6d6425d83901e53a037ddf72f5416f928e8ddc84738c4a136c838dec56a,2022-06,Cambridgeshire Constabulary,Cambridgeshire Constabulary,-0.295538,52.570111,On or near Police Station,E01015689,Peterborough 015C,Criminal damage and arson,Court result unavailable,
3e566ba14aa580c264d92adbf2bcf07a08b7342fce270e391e0aa8e364737e1a,2022-06,Cambridgeshire Constabulary,Cambridgeshire Constabulary,-0.295538,52.570111,On or near Police Station,E01015689,Peterborough 015C,Criminal damage and arson,Offender given a caution,
58b82253e44a8d4c6295644fa2158fe824640ce920801d85cb598a7cd734883b,2022-06,Cambridgeshire Constabulary,Cambridgeshire Constabulary,-0.295538,52.570111,On or near Police Station,E01015689,Peterborough 015C,Drugs,Investigation complete; no suspect identified,
d2f3bb9421c17d8dda0194a756979cb33640413b89904e05e0a04773bc871294,2022-06,Cambridgeshire Constabulary,Cambridgeshire Constabulary,-0.295538,52.570111,On or near Police Station,E01015689,Peterborough 015C,Drugs,Awaiting court outcome,
10765880d1ef37e36a44ad95bc0e8be0e36bb46936ab45732450668a4e11d184,2022-06,Cambridgeshire Constabulary,Cambridgeshire Constabulary,-0.295538,52.570111,On or near Police Station,E01015689,Peterborough 015C,Drugs,Court result unavailable,
9d7cef173916a6dd3bf7c4ed94b5573e536434ae9ac34bf1a84c7b1d838d7fca,2022-06,Cambridgeshire Constabulary,Cambridgeshire Constabulary,-0.295538,52.570111,On or near Police Station,E01015689,Peterborough 015C,Drugs,Court result unavailable,
55a5e5ede88b36c6c19a98f1229b232673c3432ba4e1ac6352f2fe17b12509ee,2022-06,Cambridgeshire Constabulary,Cambridgeshire Constabulary,-0.295538,52.570111,On or near Police Station,E01015689,Peterborough 015C,Public order,Court result unavailable,
5e41e63cebb57066a36c96d1d9e14b870b66b30bf68ad94e3115164ed439c67a,2022-06,Cambridgeshire Constabulary,Cambridgeshire Constabulary,-0.295538,52.570111,On or near Police Station,E01015689,Peterborough 015C,Public order,Unable to prosecute suspect,
57aa8ba462182d4a7c0931409f7ee9efd73a8445e5f98fadfb522ba43414f761,2022-06,Cambridgeshire Constabulary,Cambridgeshire Constabulary,-0.295538,52.570111,On or near Police Station,E01015689,Peterborough 015C,Public order,Court result unavailable,
d43820e05ccf5ccbfc26b40a5e131d5a6832174113d80115f68c9dacb6ff1306,2022-06,Cambridgeshire Constabulary,Cambridgeshire Constabulary,-0.295538,52.570111,On or near Police Station,E01015689,Peterborough 015C,Robbery,Status update unavailable,
4a23d542bbfa7433d9592f4662a457e19b13f1da06cc58935396998a9d454fea,2022-06,Cambridgeshire Constabulary,Cambridgeshire Constabulary,-0.281544,52.568362,On or near Tantallon Court,E01015689,Peterborough 015C,Theft from the person,Unable to prosecute suspect,
6bb2e6eb111d06990db15f8995fd3ece874de2737625b6169bf7e6417160e727,2022-06,Cambridgeshire Constabulary,Cambridgeshire Constabulary,-0.279381,52.568960,On or near Larklands,E01015689,Peterborough 015C,Vehicle crime,Investigation complete; no suspect identified,
1b99e3810fd10a59adc0bde5542eae7edd79232b8c1134d824fc7ae6c10dcc73,2022-06,Cambridgeshire Constabulary,Cambridgeshire Constabulary,-0.286482,52.568497,On or near Haywardsfield,E01015689,Peterborough 015C,Vehicle crime,Investigation complete; no suspect identified,
ceeee72c42b2948e61654bee4c8b899989311f94b55f88845087254a115da0a7,2022-06,Cambridgeshire Constabulary,Cambridgeshire Constabulary,-0.289245,52.572574,On or near Longthorpe Close,E01015689,Peterborough 015C,Vehicle crime,Investigation complete; no suspect identified,
267507b38b46c0a4170383aea83c0930c0f8d7f1607d130b88eeaf0330a24ad5,2022-06,Cambridgeshire Constabulary,Cambridgeshire Constabulary,-0.295617,52.568089,On or near Sports/Recreation Area,E01015689,Peterborough 015C,Violence and sexual offences,Unable to prosecute suspect,
06dd2e671b7d42a1a218b4fa6fd1dd541a6eac3be53f5d12dd87974429c6f4a4,2022-06,Cambridgeshire Constabulary,Cambridgeshire Constabulary,-0.295538,52.570111,On or near Police Station,E01015689,Peterborough 015C,Violence and sexual offences,Status update unavailable,
29e15efa0d67c533b8fe6647ca2cf436d8c59adb8a326db6fdf2f936cbcc4208,2022-06,Cambridgeshire Constabulary,Cambridgeshire Constabulary,-0.283392,52.564883,On or near Pedestrian Subway,E01015689,Peterborough 015C,Violence and sexual offences,Investigation complete; no suspect identified,
23f269737bfedecfc0aaa050a455e39249051549a961a25b2d2f68277fef85cd,2022-06,Cambridgeshire Constabulary,Cambridgeshire Constabulary,-0.295538,52.570111,On or near Police Station,E01015689,Peterborough 015C,Violence and sexual offences,Court result unavailable,
29bbed173c159ce86afdf9807597d7baf76ca4def859335ebb63104fd8e12cdb,2022-06,Cambridgeshire Constabulary,Cambridgeshire Constabulary,-0.295538,52.570111,On or near Police Station,E01015689,Peterborough 015C,Violence and sexual offences,Status update unavailable,
89476d0e021b59de148bc024f835f417e7ba76125da905280e01e70f4a4a334b,2022-06,Cambridgeshire Constabulary,Cambridgeshire Constabulary,-0.295538,52.570111,On or near Police Station,E01015689,Peterborough 015C,Violence and sexual offences,Status update unavailable,
193becfbb4f58836088744c50c962b0c0c3e23bf1d4564dc84d72417bad43300,2022-06,Cambridgeshire Constabulary,Cambridgeshire Constabulary,-0.295538,52.570111,On or near Police Station,E01015689,Peterborough 015C,Violence and sexual offences,Investigation complete; no suspect identified,
9c666e66966a010ffa9e0d43fb9e2fc985a38dbf65e843121a3069fe796cf6b1,2022-06,Cambridgeshire Constabulary,Cambridgeshire Constabulary,-0.283392,52.564883,On or near Pedestrian Subway,E01015689,Peterborough 015C,Violence and sexual offences,Offender given a caution,
893fc186a95496c38831a2a24fcfcfb9a4ed22ade76afad0749ab9461c2932ad,2022-06,Cambridgeshire Constabulary,Cambridgeshire Constabulary,-0.295538,52.570111,On or near Police Station,E01015689,Peterborough 015C,Other crime,Further action is not in the public interest,
5bee246afe4fc996f40346ca97718182cb0cccc136af66c848f797c08c4ecf2e,2022-06,Cambridgeshire Constabulary,Cambridgeshire Constabulary,-0.295538,52.570111,On or near Police Station,E01015689,Peterborough 015C,Other crime,Local resolution,
2cbfe27d1676f4f2c966195934db836d2299963f2072520bb6c6c46abab381d3,2022-06,Cambridgeshire Constabulary,Cambridgeshire Constabulary,-0.265281,52.571407,On or near Thorpe Meadows,E01015690,Peterborough 015D,Burglary,Investigation complete; no suspect identified,
20863f926df331b2ffb122d1e697498351df7e9dc4560ccd9a16f6f69783bd5d,2022-06,Cambridgeshire Constabulary,Cambridgeshire Constabulary,-0.271037,52.578513,On or near Berkeley Road,E01015690,Peterborough 015D,Burglary,Investigation complete; no suspect identified,
d59859b917e4adb985b19c305e002a8126569aadd60007291652001181ba6db6,2022-06,Cambridgeshire Constabulary,Cambridgeshire Constabulary,-0.274416,52.575901,On or near Glamis Gardens,E01015690,Peterborough 015D,Criminal damage and arson,Unable to prosecute suspect,
7c81795555925d0e6ee3c4caf889dfa83e7ace7885ba50af0f9b7c52e3599304,2022-06,Cambridgeshire Constabulary,Cambridgeshire Constabulary,-0.266630,52.572011,On or near Park/Open Space,E01015690,Peterborough 015D,Drugs,Local resolution,
f5c3dff67de56f9b841f62bd62151f5ba41436396c2776d85066ccd8d08d2b97,2022-06,Cambridgeshire Constabulary,Cambridgeshire Constabulary,-0.265281,52.571407,On or near Thorpe Meadows,E01015690,Peterborough 015D,Other theft,Unable to prosecute suspect,
6261b6104984c5802385a0ab9c2e25d9afd8adfd76f34b5164b4b57ab062832e,2022-06,Cambridgeshire Constabulary,Cambridgeshire Constabulary,-0.274416,52.575901,On or near Glamis Gardens,E01015690,Peterborough 015D,Public order,Court result unavailable,
f587f6f0d4a0a3c60c3ab9cdd2388732d7ef3dd06457421f3ad45ce74138e8f2,2022-06,Cambridgeshire Constabulary,Cambridgeshire Constabulary,-0.258946,52.571916,On or near Fairmead Way,E01015690,Peterborough 015D,Vehicle crime,Investigation complete; no suspect identified,
5fd8c5ecd05a27c80da661c8130f5fb3f8936e95f22869f04828c2ae1dee48bf,2022-06,Cambridgeshire Constabulary,Cambridgeshire Constabulary,-0.273979,52.577261,On or near Audley Gate,E01015690,Peterborough 015D,Violence and sexual offences,Unable to prosecute suspect,
fc4df334abbb3b1aedb351884bdcf5c117b68951ea18a4df5bd932531ed6dbf2,2022-06,Cambridgeshire Constabulary,Cambridgeshire Constabulary,-0.258946,52.571916,On or near Fairmead Way,E01015690,Peterborough 015D,Violence and sexual offences,Unable to prosecute suspect,
e114cc213d86d9c60871a09b78194a299096f2c3268b54fac15c66538978ea42,2022-06,Cambridgeshire Constabulary,Cambridgeshire Constabulary,-0.273979,52.577261,On or near Audley Gate,E01015690,Peterborough 015D,Violence and sexual offences,Local resolution,
e72078ee1d29b4d9b5e93ad851f04a350e25645e58a61cb7981a18533a665abc,2022-06,Cambridgeshire Constabulary,Cambridgeshire Constabulary,-0.273979,52.577261,On or near Audley Gate,E01015690,Peterborough 015D,Violence and sexual offences,Unable to prosecute suspect,
,2022-06,Cambridgeshire Constabulary,Cambridgeshire Constabulary,-0.273176,52.579668,On or near Ledbury Road,E01015691,Peterborough 015E,Anti-social behaviour,,
,2022-06,Cambridgeshire Constabulary,Cambridgeshire Constabulary,-0.272477,52.580934,On or near Meynell Walk,E01015691,Peterborough 015E,Anti-social behaviour,,
c328b706429eb33a45b8873421d14ef08db9cbf198b6ba0cd355de65a11bd5bc,2022-06,Cambridgeshire Constabulary,Cambridgeshire Constabulary,-0.278509,52.584816,On or near Hospital,E01015691,Peterborough 015E,Bicycle theft,Investigation complete; no suspect identified,
5328301a34ed0e348b8a6a77157475152ca355e0e3281a6fb678fd396f419b5c,2022-06,Cambridgeshire Constabulary,Cambridgeshire Constabulary,-0.278509,52.584816,On or near Hospital,E01015691,Peterborough 015E,Bicycle theft,Investigation complete; no suspect identified,
0d6cd453ad638be217357bd9df82dfbc19a400357f45c7a38b7420f2886c970f,2022-06,Cambridgeshire Constabulary,Cambridgeshire Constabulary,-0.268619,52.581454,On or near Wilton Close,E01015691,Peterborough 015E,Bicycle theft,Investigation complete; no suspect identified,
dc22e24a94a517d71bcc8f9ba45df10d0ce8e1ca5843c6f3d3fb6f6d2d226570,2022-06,Cambridgeshire Constabulary,Cambridgeshire Constabulary,-0.269937,52.582471,On or near Cranford Drive,E01015691,Peterborough 015E,Burglary,Investigation complete; no suspect identified,
f7a15e889d756a8ad0235b54aaf5ecb0e6b54574cc253d9eeea7b6cb94f21e6f,2022-06,Cambridgeshire Constabulary,Cambridgeshire Constabulary,-0.275041,52.580297,On or near Bramall Court,E01015691,Peterborough 015E,Criminal damage and arson,Local resolution,
e9e46e952788787742b4aeb449da461af44beb80d022f85afb8c60431060e458,2022-06,Cambridgeshire Constabulary,Cambridgeshire Constabulary,-0.278509,52.584816,On or near Hospital,E01015691,Peterborough 015E,Criminal damage and arson,Unable to prosecute suspect,
a7fedd77c17018c46c52dc21a24d649acff773f35847e92d454f247ae9fd76ac,2022-06,Cambridgeshire Constabulary,Cambridgeshire Constabulary,-0.278509,52.584816,On or near Hospital,E01015691,Peterborough 015E,Criminal damage and arson,Unable to prosecute suspect,
57b87865e4c30de8529012dc114abe912755009bec1d7cbe2cae9360e7ea4b88,2022-06,Cambridgeshire Constabulary,Cambridgeshire Constabulary,-0.278509,52.584816,On or near Hospital,E01015691,Peterborough 015E,Criminal damage and arson,Unable to prosecute suspect,
cfa717e86e613493d63a03b32df3a721d7c8d35517ca67ba208e94060c899dbb,2022-06,Cambridgeshire Constabulary,Cambridgeshire Constabulary,-0.269937,52.582471,On or near Cranford Drive,E01015691,Peterborough 015E,Criminal damage and arson,Investigation complete; no suspect identified,
d5360cf0125d9aaf35460db34e038dfd86433e2a79ff43669799efa316dfea5f,2022-06,Cambridgeshire Constabulary,Cambridgeshire Constabulary,-0.278509,52.584816,On or near Hospital,E01015691,Peterborough 015E,Criminal damage and arson,Further action is not in the public interest,
60069ac3aac4b6c48bb20c715c783b82054215752963d63df3a4ffcba91721b0,2022-06,Cambridgeshire Constabulary,Cambridgeshire Constabulary,-0.275102,52.585126,On or near Sports/Recreation Area,E01015691,Peterborough 015E,Other theft,Investigation complete; no suspect identified,
3328c1041ae1cbbe97cf099c942ff036cb5a8c99195ce4c043090341bb5723f5,2022-06,Cambridgeshire Constabulary,Cambridgeshire Constabulary,-0.278509,52.584816,On or near Hospital,E01015691,Peterborough 015E,Other theft,Investigation complete; no suspect identified,
add7efa972c6e20afd34e87a2d3ebd6e4317b59a82878df346f8c49b27016582,2022-06,Cambridgeshire Constabulary,Cambridgeshire Constabulary,-0.278509,52.584816,On or near Hospital,E01015691,Peterborough 015E,Other theft,Investigation complete; no suspect identified,
8c7dea82ff483a5de81413ee724acdfbc0bb2455ffecf888078c16751b6aa657,2022-06,Cambridgeshire Constabulary,Cambridgeshire Constabulary,-0.278509,52.584816,On or near Hospital,E01015691,Peterborough 015E,Other theft,Investigation complete; no suspect identified,
cfcf798962b53ffd37080c7c03d4046a1dcfecaf561e470bb74477d402296211,2022-06,Cambridgeshire Constabulary,Cambridgeshire Constabulary,-0.278509,52.584816,On or near Hospital,E01015691,Peterborough 015E,Public order,Unable to prosecute suspect,
1674f6053e01b0121bfaadd9d02f1817edc85f320bf67786cb7e81644b8b3a83,2022-06,Cambridgeshire Constabulary,Cambridgeshire Constabulary,-0.278509,52.584816,On or near Hospital,E01015691,Peterborough 015E,Public order,Local resolution,
02fa13634695037667c6e7f33bd4225191802b636c2226b89cdbedfb5d50bdd8,2022-06,Cambridgeshire Constabulary,Cambridgeshire Constabulary,-0.272477,52.580934,On or near Meynell Walk,E01015691,Peterborough 015E,Public order,Unable to prosecute suspect,
15cd8dc042856d5b183c14043c75bd628c8e80753ff8e4b6b2e38e3dbbc4f08a,2022-06,Cambridgeshire Constabulary,Cambridgeshire Constabulary,-0.278509,52.584816,On or near Hospital,E01015691,Peterborough 015E,Public order,Local resolution,
d2bf2f9bb6b58e4fa1d2c61ae740bf7aeafbb1fe555dee38169e193e9eadb0ce,2022-06,Cambridgeshire Constabulary,Cambridgeshire Constabulary,-0.273955,52.584274,On or near Sports/Recreation Area,E01015691,Peterborough 015E,Public order,Unable to prosecute suspect,
37b7a6f92853bc476b948d583d50b52e31de157fe7de42e9bc32873c63ac076b,2022-06,Cambridgeshire Constabulary,Cambridgeshire Constabulary,-0.278509,52.584816,On or near Hospital,E01015691,Peterborough 015E,Public order,Unable to prosecute suspect,
5af9ad98dcd80bcf2339e0b736a2d9d361722737d0b6cf9b5321d8ecd15ef6e0,2022-06,Cambridgeshire Constabulary,Cambridgeshire Constabulary,-0.278509,52.584816,On or near Hospital,E01015691,Peterborough 015E,Public order,Local resolution,
fde01ac3a707b283869c14d38873f6919a07e75caa4a7a9d8d348c5dd10dbc12,2022-06,Cambridgeshire Constabulary,Cambridgeshire Constabulary,-0.278509,52.584816,On or near Hospital,E01015691,Peterborough 015E,Public order,Unable to prosecute suspect,
5a36337cc65d37811b8c44c468f43ac7a80d7ed3f8e2ec5f9c801c5e8bf5106c,2022-06,Cambridgeshire Constabulary,Cambridgeshire Constabulary,-0.278509,52.584816,On or near Hospital,E01015691,Peterborough 015E,Public order,Local resolution,
d2660d6f055a0f604dcd8fc6498f041f8da6162790c790c2f86b5789ce115911,2022-06,Cambridgeshire Constabulary,Cambridgeshire Constabulary,-0.278509,52.584816,On or near Hospital,E01015691,Peterborough 015E,Public order,Status update unavailable,
bb0a5bd66cfeff0e27f90980473ac6bd7635e94d3d6ae3fd9e6d211cf9d46e02,2022-06,Cambridgeshire Constabulary,Cambridgeshire Constabulary,-0.278509,52.584816,On or near Hospital,E01015691,Peterborough 015E,Robbery,Investigation complete; no suspect identified,
50513687e4f19d8b7cc8c7a5596466e29e4d4d0d6c852169b249963063e7b1e9,2022-06,Cambridgeshire Constabulary,Cambridgeshire Constabulary,-0.278509,52.584816,On or near Hospital,E01015691,Peterborough 015E,Vehicle crime,Investigation complete; no suspect identified,
bdab8ce96b9480e0854a7185c7c86dd5864432d2db949a1ff3d9039c63f0ef9e,2022-06,Cambridgeshire Constabulary,Cambridgeshire Constabulary,-0.278509,52.584816,On or near Hospital,E01015691,Peterborough 015E,Vehicle crime,Investigation complete; no suspect identified,
e3791d50e75331703dee41018608adbdaf60a0f6f1d9e3356ca9b867507000cf,2022-06,Cambridgeshire Constabulary,Cambridgeshire Constabulary,-0.278509,52.584816,On or near Hospital,E01015691,Peterborough 015E,Violence and sexual offences,Unable to prosecute suspect,
fd4ca94f01ecdd5a0cc683bb7b79d76e9bd34cac94145bbd91f3d64922c839c9,2022-06,Cambridgeshire Constabulary,Cambridgeshire Constabulary,-0.278509,52.584816,On or near Hospital,E01015691,Peterborough 015E,Violence and sexual offences,Unable to prosecute suspect,
a09c793ee0451277148dcfcff29aa79c4439cbec7ecf507186be21dcfc961105,2022-06,Cambridgeshire Constabulary,Cambridgeshire Constabulary,-0.268619,52.581454,On or near Wilton Close,E01015691,Peterborough 015E,Violence and sexual offences,Further action is not in the public interest,
4ce85af42b25bbe4166d62683d5bf8f5cc98b4fb7aa8ba14031a5b643563ccd1,2022-06,Cambridgeshire Constabulary,Cambridgeshire Constabulary,-0.278509,52.584816,On or near Hospital,E01015691,Peterborough 015E,Violence and sexual offences,Unable to prosecute suspect,
67e2fa5515ef61c039c0908804efbb0eacb9263a8fa9f7fbf0d646bc5518baf6,2022-06,Cambridgeshire Constabulary,Cambridgeshire Constabulary,-0.278509,52.584816,On or near Hospital,E01015691,Peterborough 015E,Violence and sexual offences,Investigation complete; no suspect identified,
8846b79c7be4fe656bb197d60d43fb4c7277c19cbc40b81087c0e98bf49fea37,2022-06,Cambridgeshire Constabulary,Cambridgeshire Constabulary,-0.278509,52.584816,On or near Hospital,E01015691,Peterborough 015E,Violence and sexual offences,Unable to prosecute suspect,
34d19a628656824b8a218a4dd8f093e5e78acbbcd1d07ba17087b03697a863b6,2022-06,Cambridgeshire Constabulary,Cambridgeshire Constabulary,-0.278509,52.584816,On or near Hospital,E01015691,Peterborough 015E,Violence and sexual offences,Unable to prosecute suspect,
c0a8da8094ceee3f3396b771663c5b45c068b40c29f3c48dc173b88dc364d638,2022-06,Cambridgeshire Constabulary,Cambridgeshire Constabulary,-0.278509,52.584816,On or near Hospital,E01015691,Peterborough 015E,Violence and sexual offences,Unable to prosecute suspect,
3edadc6333c2e20cd2070c5bdae35794e9f861e4db45906dd5b99be2591f2a24,2022-06,Cambridgeshire Constabulary,Cambridgeshire Constabulary,-0.268619,52.581454,On or near Wilton Close,E01015691,Peterborough 015E,Violence and sexual offences,Further action is not in the public interest,
b79292ed00e0726b1325e72e0925c7def7579681aebc2c1bedb40f80356ab3a8,2022-06,Cambridgeshire Constabulary,Cambridgeshire Constabulary,-0.271722,52.579503,On or near Tiverton Road,E01015691,Peterborough 015E,Violence and sexual offences,Unable to prosecute suspect,
b163c2be1dbceeb7d60eeded4d6f1f815adff4f74a8430a3e1fb48a2af679e0c,2022-06,Cambridgeshire Constabulary,Cambridgeshire Constabulary,-0.278509,52.584816,On or near Hospital,E01015691,Peterborough 015E,Violence and sexual offences,Unable to prosecute suspect,
0e60be7a02aab4bf70c73953825d7b593d9cd452ee1679a1bae3cd8cf17df883,2022-06,Cambridgeshire Constabulary,Cambridgeshire Constabulary,-0.278509,52.584816,On or near Hospital,E01015691,Peterborough 015E,Violence and sexual offences,Unable to prosecute suspect,
2bdefc2f6ff0c9fef068547efe950549a20dde708925520cffca5d1dc7e89bfd,2022-06,Cambridgeshire Constabulary,Cambridgeshire Constabulary,-0.278509,52.584816,On or near Hospital,E01015691,Peterborough 015E,Violence and sexual offences,Offender given a caution,
2660d2528094840b4ce01b5781f4ac6b1876854002acdf827888a118484d25eb,2022-06,Cambridgeshire Constabulary,Cambridgeshire Constabulary,-0.278509,52.584816,On or near Hospital,E01015691,Peterborough 015E,Violence and sexual offences,Unable to prosecute suspect,
8042d7c33ef6f5c18ddd78f26f92260c3e56278a4324e52c35684c912747df91,2022-06,Cambridgeshire Constabulary,Cambridgeshire Constabulary,-0.278509,52.584816,On or near Hospital,E01015691,Peterborough 015E,Violence and sexual offences,Unable to prosecute suspect,
d5acf893d9a0261aa01b9d96fb9e5077a7f9c1b67d82ab3ea64ea34d54fc9699,2022-06,Cambridgeshire Constabulary,Cambridgeshire Constabulary,-0.278509,52.584816,On or near Hospital,E01015691,Peterborough 015E,Violence and sexual offences,Investigation complete; no suspect identified,
1865a22f58422ea700820f7e2d27d20d9dfb67516cc9f8b25556e8dc6b7867d6,2022-06,Cambridgeshire Constabulary,Cambridgeshire Constabulary,-0.278509,52.584816,On or near Hospital,E01015691,Peterborough 015E,Violence and sexual offences,Unable to prosecute suspect,
72c1597d561d0a8bd187d2e5ee52ee354222ce4210550b5775057937f70b411b,2022-06,Cambridgeshire Constabulary,Cambridgeshire Constabulary,-0.278509,52.584816,On or near Hospital,E01015691,Peterborough 015E,Violence and sexual offences,Investigation complete; no suspect identified,
33e3c6e0b1339a062e06838c8ee321acd8cf2b8add1ea4b5882b9c9c4216aa67,2022-06,Cambridgeshire Constabulary,Cambridgeshire Constabulary,-0.278509,52.584816,On or near Hospital,E01015691,Peterborough 015E,Violence and sexual offences,Unable to prosecute suspect,
c41c746d39fed85e8b3341da3655b7a4bea5d2b6622bac175f81c347890d415f,2022-06,Cambridgeshire Constabulary,Cambridgeshire Constabulary,-0.275190,52.586279,On or near Bretton Gate,E01015691,Peterborough 015E,Violence and sexual offences,Unable to prosecute suspect,
044a57b000ff55e9db5b489022142b1a7bf2bf6563c6c836b81f710266b1ca31,2022-06,Cambridgeshire Constabulary,Cambridgeshire Constabulary,-0.278509,52.584816,On or near Hospital,E01015691,Peterborough 015E,Violence and sexual offences,Unable to prosecute suspect,
40b68f1ce24c20cb2eb32fb667973f2ec5ca4be4ea6694fc31ab03dfe70bf4ed,2022-06,Cambridgeshire Constabulary,Cambridgeshire Constabulary,-0.278509,52.584816,On or near Hospital,E01015691,Peterborough 015E,Other crime,Status update unavailable,
51429f24d3b051bf2014f6b2ab32dc2ef4e2099c014c5be2f109c2e658dc487a,2022-06,Cambridgeshire Constabulary,Cambridgeshire Constabulary,-0.278509,52.584816,On or near Hospital,E01015691,Peterborough 015E,Other crime,Unable to prosecute suspect,
,2022-06,Cambridgeshire Constabulary,Cambridgeshire Constabulary,-0.248197,52.564655,On or near Grove Street,E01015622,Peterborough 016A,Anti-social behaviour,,
,2022-06,Cambridgeshire Constabulary,Cambridgeshire Constabulary,-0.245641,52.566217,On or near Cubitt Way,E01015622,Peterborough 016A,Anti-social behaviour,,
,2022-06,Cambridgeshire Constabulary,Cambridgeshire Constabulary,-0.250873,52.564883,On or near The Squires,E01015622,Peterborough 016A,Anti-social behaviour,,
,2022-06,Cambridgeshire Constabulary,Cambridgeshire Constabulary,-0.256017,52.562783,On or near Brancepeth Place,E01015622,Peterborough 016A,Anti-social behaviour,,
,2022-06,Cambridgeshire Constabulary,Cambridgeshire Constabulary,-0.243311,52.566560,On or near Parking Area,E01015622,Peterborough 016A,Anti-social behaviour,,
,2022-06,Cambridgeshire Constabulary,Cambridgeshire Constabulary,-0.248197,52.564655,On or near Grove Street,E01015622,Peterborough 016A,Anti-social behaviour,,
f47056f8b8fe121bf53bf983e30be0c0bf0473a09be65ccb70914b97435ca3b1,2022-06,Cambridgeshire Constabulary,Cambridgeshire Constabulary,-0.252431,52.564654,On or near Brewster Avenue,E01015622,Peterborough 016A,Bicycle theft,Investigation complete; no suspect identified,
dcd0948458c36297ff6e1cdd2066d6b46e1334ea045fb4f06b710c0156f00571,2022-06,Cambridgeshire Constabulary,Cambridgeshire Constabulary,-0.252704,52.567068,On or near Flamborough Close,E01015622,Peterborough 016A,Bicycle theft,Investigation complete; no suspect identified,
c44696f98b523c9a69c31e3c4671a9a8a9a2c5d51f746170e4a4cd8d71143fa8,2022-06,Cambridgeshire Constabulary,Cambridgeshire Constabulary,-0.245641,52.566217,On or near Cubitt Way,E01015622,Peterborough 016A,Bicycle theft,Investigation complete; no suspect identified,
42fc8cbe70e46fd013ca37677743bf157cdd2c37b1a1a717e05138849a8d668d,2022-06,Cambridgeshire Constabulary,Cambridgeshire Constabulary,-0.249319,52.567234,On or near Wareley Road,E01015622,Peterborough 016A,Burglary,Investigation complete; no suspect identified,
b4b0a4620d175092d3ca4edc3cb7885bb401da73f98008648ab71f88e982cf38,2022-06,Cambridgeshire Constabulary,Cambridgeshire Constabulary,-0.248197,52.564655,On or near Grove Street,E01015622,Peterborough 016A,Criminal damage and arson,Unable to prosecute suspect,
61ee983e1d4222266599e45c8003a8af03e9944f36e10994da28fd5c5e3566bb,2022-06,Cambridgeshire Constabulary,Cambridgeshire Constabulary,-0.250385,52.566386,On or near Jubilee Street,E01015622,Peterborough 016A,Criminal damage and arson,Investigation complete; no suspect identified,
3eec1365b1f0e1f820d642c0f0a34a11255a3caf181cb5cd1b4809d5d5b1e9c9,2022-06,Cambridgeshire Constabulary,Cambridgeshire Constabulary,-0.249319,52.567234,On or near Wareley Road,E01015622,Peterborough 016A,Criminal damage and arson,Court result unavailable,
81f309c30cf2301b2cc0b282f67ac8e118db755155c54fdae1de90abc4d50b6a,2022-06,Cambridgeshire Constabulary,Cambridgeshire Constabulary,-0.255037,52.564064,On or near Oundle Road,E01015622,Peterborough 016A,Criminal damage and arson,Investigation complete; no suspect identified,
bc3145602792bd039c82af9314f6523ec748837f6fa0bb88384e8ebe34b0969f,2022-06,Cambridgeshire Constabulary,Cambridgeshire Constabulary,-0.252431,52.564654,On or near Brewster Avenue,E01015622,Peterborough 016A,Criminal damage and arson,Investigation complete; no suspect identified,
f08d759ab411ea0eb1b6caaee05ef167cb8e8864082f0e3d0d45511d546984eb,2022-06,Cambridgeshire Constabulary,Cambridgeshire Constabulary,-0.252704,52.567068,On or near Flamborough Close,E01015622,Peterborough 016A,Criminal damage and arson,Investigation complete; no suspect identified,
989bdb63a0047e46c4540cf4b85a9cc04f54403ca2e0ebfde3082f54137a9bad,2022-06,Cambridgeshire Constabulary,Cambridgeshire Constabulary,-0.249158,52.566458,On or near George Street,E01015622,Peterborough 016A,Criminal damage and arson,Investigation complete; no suspect identified,
65d827ebcf767133b4f541a5b03b1d50401b89d8de3d88a346fc9f271bfcb119,2022-06,Cambridgeshire Constabulary,Cambridgeshire Constabulary,-0.250385,52.566386,On or near Jubilee Street,E01015622,Peterborough 016A,Criminal damage and arson,Investigation complete; no suspect identified,
a8e18c0161a49802d420c4c4536b1fbed099aa4154d981d677c36f8ecf84503a,2022-06,Cambridgeshire Constabulary,Cambridgeshire Constabulary,-0.248777,52.564538,On or near Tower Street,E01015622,Peterborough 016A,Drugs,Offender given a caution,
c2ab2d6e9157c459a2eef35778e8f3ca17159a26e289771080c44f1d3c75de19,2022-06,Cambridgeshire Constabulary,Cambridgeshire Constabulary,-0.253691,52.564143,On or near Earl Spencer Court,E01015622,Peterborough 016A,Other theft,Investigation complete; no suspect identified,
1aa95d42c1c3fe4ac7edba7289a607f735d797ff6fc5c19c12480600c9fba8e5,2022-06,Cambridgeshire Constabulary,Cambridgeshire Constabulary,-0.252704,52.567068,On or near Flamborough Close,E01015622,Peterborough 016A,Other theft,Investigation complete; no suspect identified,
7b6f322efb0c302ece61042ef849c9f08c831e527dd65573a82530d7d461a2a0,2022-06,Cambridgeshire Constabulary,Cambridgeshire Constabulary,-0.250873,52.564883,On or near The Squires,E01015622,Peterborough 016A,Other theft,Investigation complete; no suspect identified,
facf2153e8115e114a25f346600b802ea400db1104264431e81e007624b74c57,2022-06,Cambridgeshire Constabulary,Cambridgeshire Constabulary,-0.253691,52.564143,On or near Earl Spencer Court,E01015622,Peterborough 016A,Public order,Further action is not in the public interest,
42bea61b25ba6910aa24998d4c93e280fe9fe46acfecb67ffaca76c30b9754e9,2022-06,Cambridgeshire Constabulary,Cambridgeshire Constabulary,-0.255037,52.564064,On or near Oundle Road,E01015622,Peterborough 016A,Public order,Investigation complete; no suspect identified,
ee681c489771616945a371ecc9dcc67e63043c2265c207b92b0193e3a810fcf8,2022-06,Cambridgeshire Constabulary,Cambridgeshire Constabulary,-0.252704,52.567068,On or near Flamborough Close,E01015622,Peterborough 016A,Public order,Unable to prosecute suspect,
54bca605704d020beba0a830f07a015e093db11a035a970dec686f10fecf1916,2022-06,Cambridgeshire Constabulary,Cambridgeshire Constabulary,-0.253928,52.565612,On or near Robins Close,E01015622,Peterborough 016A,Theft from the person,Investigation complete; no suspect identified,
7f3da308f67f02f209294c702e7832e0a2919b39d289f6f35c8b8220fbd76939,2022-06,Cambridgeshire Constabulary,Cambridgeshire Constabulary,-0.253508,52.566145,On or near Wharf Road,E01015622,Peterborough 016A,Vehicle crime,Investigation complete; no suspect identified,
e9b3f346bf4abce90256423b5004472c08bb6652b00635e6ee714e1638c8fe44,2022-06,Cambridgeshire Constabulary,Cambridgeshire Constabulary,-0.256454,52.565154,On or near Carmel Avenue,E01015622,Peterborough 016A,Vehicle crime,Investigation complete; no suspect identified,
48d90104063f8f42f152e700176af8ad4bd781940a25124bb3f87985d03d96f1,2022-06,Cambridgeshire Constabulary,Cambridgeshire Constabulary,-0.254326,52.565995,On or near St Augustine'S Walk,E01015622,Peterborough 016A,Vehicle crime,Investigation complete; no suspect identified,
78d74eb24fde3c180945861ea18a4942305d74dfe6a1f44d5c285f7ef41094a7,2022-06,Cambridgeshire Constabulary,Cambridgeshire Constabulary,-0.252431,52.564654,On or near Brewster Avenue,E01015622,Peterborough 016A,Vehicle crime,Investigation complete; no suspect identified,
0d293beb6b5d1a80fdc0b72f9fc5b1db0651cf149a9203182606b27cd1a4faae,2022-06,Cambridgeshire Constabulary,Cambridgeshire Constabulary,-0.253691,52.564143,On or near Earl Spencer Court,E01015622,Peterborough 016A,Violence and sexual offences,Further action is not in the public interest,
7bf2d76a6fd22b64d0303c3824babf68a35151efd8ddfa64e9b36c1dcb7c7adc,2022-06,Cambridgeshire Constabulary,Cambridgeshire Constabulary,-0.245641,52.566217,On or near Cubitt Way,E01015622,Peterborough 016A,Violence and sexual offences,Court result unavailable,
fe0780dc7f7c7c4102fc9bf0853038a1eee63302ce652d8d5cfe7519fcbcdf10,2022-06,Cambridgeshire Constabulary,Cambridgeshire Constabulary,-0.248197,52.564655,On or near Grove Street,E01015622,Peterborough 016A,Violence and sexual offences,Unable to prosecute suspect,
44b652cb8ba9dc411512208791df3c678656861589ee4d2bb92d684f211c7fe4,2022-06,Cambridgeshire Constabulary,Cambridgeshire Constabulary,-0.245641,52.566217,On or near Cubitt Way,E01015622,Peterborough 016A,Violence and sexual offences,Court result unavailable,
19930bbbdc53fcd36cd63784e9e9dc0fc5c36aaa37a4d667d72865abfee7b95f,2022-06,Cambridgeshire Constabulary,Cambridgeshire Constabulary,-0.249158,52.566458,On or near George Street,E01015622,Peterborough 016A,Violence and sexual offences,Unable to prosecute suspect,
f120e4b586c2c79acfc90f58ca60ea2147da6571d9dd0ea56c0a1bfdb9e8c3d8,2022-06,Cambridgeshire Constabulary,Cambridgeshire Constabulary,-0.250873,52.564883,On or near The Squires,E01015622,Peterborough 016A,Violence and sexual offences,Further action is not in the public interest,
8f528bcf97c2654bbd736374bfed4a0ff96eab4d6d8df083eb53d0fe4207d99c,2022-06,Cambridgeshire Constabulary,Cambridgeshire Constabulary,-0.245641,52.566217,On or near Cubitt Way,E01015622,Peterborough 016A,Violence and sexual offences,Court result unavailable,
783cff6293df9e4bfd26e0019f878780d6551fb7c403cb26206a3811227aeedd,2022-06,Cambridgeshire Constabulary,Cambridgeshire Constabulary,-0.243311,52.566560,On or near Parking Area,E01015622,Peterborough 016A,Violence and sexual offences,Court result unavailable,
6295ae1582406041274220a7142435cac4a24576598ebd89e4fc8534c27d4f11,2022-06,Cambridgeshire Constabulary,Cambridgeshire Constabulary,-0.248197,52.564655,On or near Grove Street,E01015622,Peterborough 016A,Violence and sexual offences,Unable to prosecute suspect,
549c42215c403224555362870cabae2302e396a558eed91c0b9dd0d4c12468b6,2022-06,Cambridgeshire Constabulary,Cambridgeshire Constabulary,-0.248197,52.564655,On or near Grove Street,E01015622,Peterborough 016A,Violence and sexual offences,Unable to prosecute suspect,
e908ef7f16391bc843fa2922aad95a0c9938ccb4cbc926ea7cac58a7b38a3ba4,2022-06,Cambridgeshire Constabulary,Cambridgeshire Constabulary,-0.248197,52.564655,On or near Grove Street,E01015622,Peterborough 016A,Violence and sexual offences,Unable to prosecute suspect,
28702ebeba55ec976e34faec9e83109c5d8d63168ea601318bb21e7eb8c2af31,2022-06,Cambridgeshire Constabulary,Cambridgeshire Constabulary,-0.249319,52.567234,On or near Wareley Road,E01015622,Peterborough 016A,Violence and sexual offences,Unable to prosecute suspect,
791cb354041b0128ec7bdd587722fe0563ebcd0ae4d2a7a91c26b03a6f7ae01e,2022-06,Cambridgeshire Constabulary,Cambridgeshire Constabulary,-0.249158,52.566458,On or near George Street,E01015622,Peterborough 016A,Violence and sexual offences,Unable to prosecute suspect,
8e4965567f1864f86d73c1b3004bf12a3a69173521579950d54adfe9c17a5fbb,2022-06,Cambridgeshire Constabulary,Cambridgeshire Constabulary,-0.248197,52.564655,On or near Grove Street,E01015622,Peterborough 016A,Violence and sexual offences,Unable to prosecute suspect,
bee1dca7c82a4b75bd9aa5f78eeda9ab319d3bf3115027e07093ebcea15b020d,2022-06,Cambridgeshire Constabulary,Cambridgeshire Constabulary,-0.248197,52.564655,On or near Grove Street,E01015622,Peterborough 016A,Violence and sexual offences,Unable to prosecute suspect,
48fac9faa2f9118cf239d93366d17cbc4ccf2556ff04ed57f0f5c217996af25f,2022-06,Cambridgeshire Constabulary,Cambridgeshire Constabulary,-0.255037,52.564064,On or near Oundle Road,E01015622,Peterborough 016A,Other crime,Unable to prosecute suspect,
7b9f9802557de903294bc90bffb76ff158f5e42e3aa62ff3adf5cc2b52efdd28,2022-06,Cambridgeshire Constabulary,Cambridgeshire Constabulary,-0.261702,52.582071,On or near Orme Road,E01015665,Peterborough 016C,Bicycle theft,Investigation complete; no suspect identified,
4f3403e80aec4ae46d4c58c2ffd9c8e86a7fec64c4c26551af9ab05316b23adf,2022-06,Cambridgeshire Constabulary,Cambridgeshire Constabulary,-0.257298,52.581845,On or near Supermarket,E01015665,Peterborough 016C,Criminal damage and arson,Investigation complete; no suspect identified,
82496c11ca46a09b0be5e77a5b64dd9ad3999ef78b6c9aefcc991697beff1795,2022-06,Cambridgeshire Constabulary,Cambridgeshire Constabulary,-0.261702,52.582071,On or near Orme Road,E01015665,Peterborough 016C,Public order,Unable to prosecute suspect,
abfd1b9fa842c564c4d0b30cd0d656de92f980a244aa944af63093a14d9c5bfe,2022-06,Cambridgeshire Constabulary,Cambridgeshire Constabulary,-0.257298,52.581845,On or near Supermarket,E01015665,Peterborough 016C,Robbery,Unable to prosecute suspect,
5b3bb941692aeebfd31c79f8a63ed44bc903509cb807d1e047818eff0593970e,2022-06,Cambridgeshire Constabulary,Cambridgeshire Constabulary,-0.256650,52.579570,On or near Almoners Lane,E01015665,Peterborough 016C,Robbery,Court result unavailable,
91cb6a2c7a1dd38167c4c59dc3ad1122f8e11e6457129226631bb91cfd47d0d1,2022-06,Cambridgeshire Constabulary,Cambridgeshire Constabulary,-0.257361,52.582862,On or near Lime Kiln Close,E01015665,Peterborough 016C,Vehicle crime,Investigation complete; no suspect identified,
95324259d9cbafad00d1e9e93252c2b2472068b5a64d6850b0218137c25b0346,2022-06,Cambridgeshire Constabulary,Cambridgeshire Constabulary,-0.257503,52.580751,On or near Fulham Road,E01015665,Peterborough 016C,Vehicle crime,Investigation complete; no suspect identified,
b1c1fb6f1b0ef71cc7ae31bed01ec0f8302680e44a68828605b1725a23d8e139,2022-06,Cambridgeshire Constabulary,Cambridgeshire Constabulary,-0.261632,52.581225,On or near Isham Road,E01015665,Peterborough 016C,Vehicle crime,Investigation complete; no suspect identified,
e587e410dc61f2822631928df8133b01cdd2cb7cff2714e4fd4dedbd5cdfc60e,2022-06,Cambridgeshire Constabulary,Cambridgeshire Constabulary,-0.258668,52.579662,On or near Nicholls Avenue,E01015665,Peterborough 016C,Violence and sexual offences,Unable to prosecute suspect,
50ccf73eb384526faeb2be8af1f5e1f7c09f4e4fceb6d15ceadb77f2f7d16cc5,2022-06,Cambridgeshire Constabulary,Cambridgeshire Constabulary,-0.257298,52.581845,On or near Supermarket,E01015665,Peterborough 016C,Violence and sexual offences,Local resolution,
b8956e9afd3a6b746a30e97bd44100e26dac7d901f702350428d42321c3470bc,2022-06,Cambridgeshire Constabulary,Cambridgeshire Constabulary,-0.258668,52.579662,On or near Nicholls Avenue,E01015665,Peterborough 016C,Violence and sexual offences,Unable to prosecute suspect,
612b8b8e1f4c63bee1097077566b0f8507d04db0fafabc135db5cddfd9ce9cd3,2022-06,Cambridgeshire Constabulary,Cambridgeshire Constabulary,-0.257503,52.580751,On or near Fulham Road,E01015665,Peterborough 016C,Violence and sexual offences,Investigation complete; no suspect identified,
2097d822f635f1a30417a88c65329abaab8a238a397f065fcd2227cf2b5c14d3,2022-06,Cambridgeshire Constabulary,Cambridgeshire Constabulary,-0.257685,52.579144,On or near Haddon Road,E01015665,Peterborough 016C,Violence and sexual offences,Unable to prosecute suspect,
55e9ce310d4b0bd8df0868e2a8e6c0169e32f2ed914d00eb53ba934c089dee60,2022-06,Cambridgeshire Constabulary,Cambridgeshire Constabulary,-0.258668,52.579662,On or near Nicholls Avenue,E01015665,Peterborough 016C,Violence and sexual offences,Unable to prosecute suspect,
93065d16c280cbd4868dc6bfd2adff3a694d8db76cc893fee44f6dfd9dcc0b7a,2022-06,Cambridgeshire Constabulary,Cambridgeshire Constabulary,-0.256650,52.579570,On or near Almoners Lane,E01015665,Peterborough 016C,Violence and sexual offences,Unable to prosecute suspect,
,2022-06,Cambridgeshire Constabulary,Cambridgeshire Constabulary,-0.253953,52.575385,On or near Midland Road,E01015688,Peterborough 016D,Anti-social behaviour,,
,2022-06,Cambridgeshire Constabulary,Cambridgeshire Constabulary,-0.255471,52.570220,On or near Vermont Grove,E01015688,Peterborough 016D,Anti-social behaviour,,
,2022-06,Cambridgeshire Constabulary,Cambridgeshire Constabulary,-0.253953,52.575385,On or near Midland Road,E01015688,Peterborough 016D,Anti-social behaviour,,
,2022-06,Cambridgeshire Constabulary,Cambridgeshire Constabulary,-0.253953,52.575385,On or near Midland Road,E01015688,Peterborough 016D,Anti-social behaviour,,
2030c66b072204cbf465225dec8d722bdcadcac77d9cfc5d64c81a193d336492,2022-06,Cambridgeshire Constabulary,Cambridgeshire Constabulary,-0.255300,52.571934,On or near Walnut Mews,E01015688,Peterborough 016D,Bicycle theft,Investigation complete; no suspect identified,
57fb1c1d9956e1ce109f3e129fe0640c4dd8cf652babad8974de3546527eb05c,2022-06,Cambridgeshire Constabulary,Cambridgeshire Constabulary,-0.257318,52.574625,On or near Sovereign Place,E01015688,Peterborough 016D,Bicycle theft,Investigation complete; no suspect identified,
63a8923c1c6a4d8f367c7710bc892c507691ddbfdd084b63a1443f8dc1c591a9,2022-06,Cambridgeshire Constabulary,Cambridgeshire Constabulary,-0.254694,52.574560,On or near Kent Road,E01015688,Peterborough 016D,Criminal damage and arson,Investigation complete; no suspect identified,
910ec8667aab5ab5451de8d57f44283ce26e92fb97357ed70b5d0511e6534228,2022-06,Cambridgeshire Constabulary,Cambridgeshire Constabulary,-0.257318,52.574625,On or near Sovereign Place,E01015688,Peterborough 016D,Criminal damage and arson,Further action is not in the public interest,
6bdddc23915e34baee7c099ed0045f6a2340b14b03b88cd4133fc46d0a077387,2022-06,Cambridgeshire Constabulary,Cambridgeshire Constabulary,-0.249289,52.571693,On or near River Lane,E01015688,Peterborough 016D,Criminal damage and arson,Investigation complete; no suspect identified,
69357a492ffb69a83290cc9207bc8c2d630553f724e6994b1bc9709ef45bd646,2022-06,Cambridgeshire Constabulary,Cambridgeshire Constabulary,-0.257318,52.574625,On or near Sovereign Place,E01015688,Peterborough 016D,Other theft,Investigation complete; no suspect identified,
097b5b1de70c43b5e601c39ed84175b64a955a42d10230ff491338dd30c00952,2022-06,Cambridgeshire Constabulary,Cambridgeshire Constabulary,-0.257318,52.574625,On or near Sovereign Place,E01015688,Peterborough 016D,Other theft,Investigation complete; no suspect identified,
be0c4557cf4c679dd1723d1b7ed723fb385a596dd206e2b31aa05588a3ffb9a2,2022-06,Cambridgeshire Constabulary,Cambridgeshire Constabulary,-0.257318,52.574625,On or near Sovereign Place,E01015688,Peterborough 016D,Other theft,Investigation complete; no suspect identified,
837b5d1142d909742a9a1cca40068eaa271a59ee19c11d7c5043b9e5aa10cf95,2022-06,Cambridgeshire Constabulary,Cambridgeshire Constabulary,-0.254694,52.574560,On or near Kent Road,E01015688,Peterborough 016D,Public order,Unable to prosecute suspect,
d145a8695e9083d2b7c36daf78378c279b526125492627ee2cef9223555b8026,2022-06,Cambridgeshire Constabulary,Cambridgeshire Constabulary,-0.254694,52.574560,On or near Kent Road,E01015688,Peterborough 016D,Public order,Unable to prosecute suspect,
40287c4062e349071119f50b04c03cd1eaa986355047abbf4e49df7eb7a42a36,2022-06,Cambridgeshire Constabulary,Cambridgeshire Constabulary,-0.259659,52.572916,On or near Thorpe Road,E01015688,Peterborough 016D,Shoplifting,Investigation complete; no suspect identified,
8dbff49174820a9f5fca5828f876604e869e811e43785c7c63b43e28bedb8f32,2022-06,Cambridgeshire Constabulary,Cambridgeshire Constabulary,-0.255471,52.570220,On or near Vermont Grove,E01015688,Peterborough 016D,Vehicle crime,Investigation complete; no suspect identified,
39d05ff6c5a3ec1ac2d8110e0fbd6f9f5c55415713543041924ddf9deb8dc72d,2022-06,Cambridgeshire Constabulary,Cambridgeshire Constabulary,-0.249289,52.571693,On or near River Lane,E01015688,Peterborough 016D,Vehicle crime,Investigation complete; no suspect identified,
dc002cd14d3905f64d139134cab901cda95aa5ff4fe37693dc23ec8663b6f8ca,2022-06,Cambridgeshire Constabulary,Cambridgeshire Constabulary,-0.254694,52.574560,On or near Kent Road,E01015688,Peterborough 016D,Violence and sexual offences,Investigation complete; no suspect identified,
e02884bd1f7b65c546f41d2dac2663325bdaa7971179aa05d5cefde7f127b32e,2022-06,Cambridgeshire Constabulary,Cambridgeshire Constabulary,-0.257318,52.574625,On or near Sovereign Place,E01015688,Peterborough 016D,Violence and sexual offences,Further action is not in the public interest,
46b358a0d90f16ae877108e77b1bc75b86c393c914d80e751255919d62071c4d,2022-06,Cambridgeshire Constabulary,Cambridgeshire Constabulary,-0.253953,52.575385,On or near Midland Road,E01015688,Peterborough 016D,Violence and sexual offences,Unable to prosecute suspect,
c390e07bb73145e1149538078070582cf04062b6dd6a56d75420bf95cdc104a9,2022-06,Cambridgeshire Constabulary,Cambridgeshire Constabulary,-0.257318,52.574625,On or near Sovereign Place,E01015688,Peterborough 016D,Violence and sexual offences,Further action is not in the public interest,
d81c5dc31ad1f53752acb7acf8219ab9a3df6d485ce209e5f60948a73ba4d5ee,2022-06,Cambridgeshire Constabulary,Cambridgeshire Constabulary,-0.255012,52.575086,On or near Holdich Street,E01015688,Peterborough 016D,Violence and sexual offences,Unable to prosecute suspect,
d99a5a56c4c8ad47bbe76c9f75f1689c21b746807f5180ec5c3eca29759eaee9,2022-06,Cambridgeshire Constabulary,Cambridgeshire Constabulary,-0.257318,52.574625,On or near Sovereign Place,E01015688,Peterborough 016D,Violence and sexual offences,Further action is not in the public interest,
1fad82d6a041c8297f85b0c41be2b4ca7c78bfc9d56d8be3f849c2a1b3195894,2022-06,Cambridgeshire Constabulary,Cambridgeshire Constabulary,-0.253953,52.575385,On or near Midland Road,E01015688,Peterborough 016D,Violence and sexual offences,Unable to prosecute suspect,
681d4db1c2b8ca7619413737584e355fc055173118c3a1f91ff558f39dacf125,2022-06,Cambridgeshire Constabulary,Cambridgeshire Constabulary,-0.253953,52.575385,On or near Midland Road,E01015688,Peterborough 016D,Violence and sexual offences,Unable to prosecute suspect,
b5cd8df7febaab319a14aa2a82391d46f89b9360f77f32efdf8a9815d36b1ee4,2022-06,Cambridgeshire Constabulary,Cambridgeshire Constabulary,-0.256744,52.577557,On or near Williamson Avenue,E01015692,Peterborough 016E,Burglary,Unable to prosecute suspect,
80f073b44343b40055ab9033e8e3cc6f6bcc42270df87b8054bfad7632bc5c6d,2022-06,Cambridgeshire Constabulary,Cambridgeshire Constabulary,-0.259239,52.578295,On or near Supermarket,E01015692,Peterborough 016E,Drugs,Court result unavailable,
0d76cb1480f05f1fbf233600559d9375e05c1238af5ea6f2ab8f41056d7e616d,2022-06,Cambridgeshire Constabulary,Cambridgeshire Constabulary,-0.261078,52.576200,On or near Sports/Recreation Area,E01015692,Peterborough 016E,Other theft,Investigation complete; no suspect identified,
e9afca0e081b781b26471decc6ff14e89569dc8502b2b751f6de91e554c3d80a,2022-06,Cambridgeshire Constabulary,Cambridgeshire Constabulary,-0.259239,52.578295,On or near Supermarket,E01015692,Peterborough 016E,Other theft,Investigation complete; no suspect identified,
df3a1cff8ba322ae4520ddfaa61951aa27fbafd22332a718bd75ea17e3514e60,2022-06,Cambridgeshire Constabulary,Cambridgeshire Constabulary,-0.257241,52.578427,On or near Mayor'S Walk,E01015692,Peterborough 016E,Vehicle crime,Investigation complete; no suspect identified,
3757b06064f6616bc2a11c4a94c6b098166b62632a70e98a991738cd4fd43a77,2022-06,Cambridgeshire Constabulary,Cambridgeshire Constabulary,-0.259239,52.578295,On or near Supermarket,E01015692,Peterborough 016E,Violence and sexual offences,Unable to prosecute suspect,
c07912a2d035010ab2c9649bf3b55795766ab252d935cdda5b235663f2ef5553,2022-06,Cambridgeshire Constabulary,Cambridgeshire Constabulary,-0.256744,52.577557,On or near Williamson Avenue,E01015692,Peterborough 016E,Violence and sexual offences,Unable to prosecute suspect,
fd7a87737aa51ed6724e4a64fd2de23368f4d151cdae1e271d0dc9c00583c77c,2022-06,Cambridgeshire Constabulary,Cambridgeshire Constabulary,-0.257241,52.578427,On or near Mayor'S Walk,E01015692,Peterborough 016E,Violence and sexual offences,Unable to prosecute suspect,
3a8a4d34dbabe3ed9c60d8369ddffe06b52cdb3301191ed67d4f4f14af28e69a,2022-06,Cambridgeshire Constabulary,Cambridgeshire Constabulary,-0.261599,52.577215,On or near Angus Court,E01015692,Peterborough 016E,Violence and sexual offences,Unable to prosecute suspect,
c26c723bbef17c5a16542a7fddd24f81e688a8459976c6b7a5dc7cfcf5e821bd,2022-06,Cambridgeshire Constabulary,Cambridgeshire Constabulary,-0.262430,52.565908,On or near Thorley Crescent,E01033173,Peterborough 016F,Bicycle theft,Investigation complete; no suspect identified,
5880ed414fff2341d3360baeacf4912a1e0906f220559042d85952765f164d7d,2022-06,Cambridgeshire Constabulary,Cambridgeshire Constabulary,-0.265257,52.562308,On or near Cane Avenue,E01033173,Peterborough 016F,Bicycle theft,Investigation complete; no suspect identified,
58c95b143078d20f28ac4f5b794b3fdc38e84533dd2f777b95cc01d6a33c7057,2022-06,Cambridgeshire Constabulary,Cambridgeshire Constabulary,-0.265074,52.565065,On or near Foster Road,E01033173,Peterborough 016F,Burglary,Investigation complete; no suspect identified,
e41e628ad317a08014402ee39341a28d0c0a63448353cc7c63db85453adfb31f,2022-06,Cambridgeshire Constabulary,Cambridgeshire Constabulary,-0.262430,52.565908,On or near Thorley Crescent,E01033173,Peterborough 016F,Criminal damage and arson,Investigation complete; no suspect identified,
28c803a04c31b3c7b1602dcc017063bbb11b193cd327285d6c68ec3a0f5ee44e,2022-06,Cambridgeshire Constabulary,Cambridgeshire Constabulary,-0.258732,52.560180,On or near Honeysuckle Court,E01033173,Peterborough 016F,Criminal damage and arson,Investigation complete; no suspect identified,
78b7631f04d822cf7af8a18a4c572029f63d19fbace29c2639b01d1138a0cb7f,2022-06,Cambridgeshire Constabulary,Cambridgeshire Constabulary,-0.262430,52.565908,On or near Thorley Crescent,E01033173,Peterborough 016F,Public order,Investigation complete; no suspect identified,
80dc3632fadb9809b1db7a61100722dbfb1081c07d50c99973aa5a5551d206ec,2022-06,Cambridgeshire Constabulary,Cambridgeshire Constabulary,-0.260022,52.562240,On or near Oundle Road,E01033173,Peterborough 016F,Public order,Investigation complete; no suspect identified,
1375ebf3fd0fbf6c7b789be829cf6d4bd1f91396d26d992ee990942d8106d4e9,2022-06,Cambridgeshire Constabulary,Cambridgeshire Constabulary,-0.263263,52.562359,On or near Oswald Road,E01033173,Peterborough 016F,Public order,Unable to prosecute suspect,
bf97dedc9ad78ca9e4aa2bbed5bd0c4dd7061b5efa2cc744a9d7453e2b16e3f7,2022-06,Cambridgeshire Constabulary,Cambridgeshire Constabulary,-0.260022,52.562240,On or near Oundle Road,E01033173,Peterborough 016F,Shoplifting,Investigation complete; no suspect identified,
460cbe24b872f8ed8ce7d8877d5945d9940b9e054e65a1b44efc78703bdcacbc,2022-06,Cambridgeshire Constabulary,Cambridgeshire Constabulary,-0.265074,52.565065,On or near Foster Road,E01033173,Peterborough 016F,Vehicle crime,Investigation complete; no suspect identified,
f7b712e9dc395556cd9b15440ecdf56f0963f127f29da61c7ac3d541d680ef0b,2022-06,Cambridgeshire Constabulary,Cambridgeshire Constabulary,-0.265013,52.563617,On or near Carrier Close,E01033173,Peterborough 016F,Vehicle crime,Investigation complete; no suspect identified,
f525fbf9e1f404b12e3f75d25ad12e6476c70c5da8107b6d86416906553b6f7f,2022-06,Cambridgeshire Constabulary,Cambridgeshire Constabulary,-0.258732,52.560180,On or near Honeysuckle Court,E01033173,Peterborough 016F,Violence and sexual offences,Unable to prosecute suspect,
c2add7f6068907c3e743c0197b9daf0ebaf5beb1055d71f6ace0cb608b10351f,2022-06,Cambridgeshire Constabulary,Cambridgeshire Constabulary,-0.263905,52.561793,On or near Barley Mews,E01033173,Peterborough 016F,Violence and sexual offences,Unable to prosecute suspect,
427759c3b316824bac76d89ca81a735bbcadc7aee87956a93a8b793dc2b2e146,2022-06,Cambridgeshire Constabulary,Cambridgeshire Constabulary,-0.258737,52.561160,On or near Coltsfoot Drive,E01033173,Peterborough 016F,Violence and sexual offences,Unable to prosecute suspect,
03d436f03486b1345549802ca612ddf99627908f05251d3e318d5a8be76e35b7,2022-06,Cambridgeshire Constabulary,Cambridgeshire Constabulary,-0.260022,52.562240,On or near Oundle Road,E01033173,Peterborough 016F,Violence and sexual offences,Investigation complete; no suspect identified,
29af33dd1d45af2b38d0d3a1bfc326146480d345fb657c7612e61693dfddcaeb,2022-06,Cambridgeshire Constabulary,Cambridgeshire Constabulary,-0.263263,52.562359,On or near Oswald Road,E01033173,Peterborough 016F,Violence and sexual offences,Unable to prosecute suspect,
25be9e2c309c11fd3227dcf1aa067a738998cd378cfa5666018142d79b17fb01,2022-06,Cambridgeshire Constabulary,Cambridgeshire Constabulary,-0.258737,52.561160,On or near Coltsfoot Drive,E01033173,Peterborough 016F,Violence and sexual offences,Unable to prosecute suspect,
5056c2299e5ec67756b9d73b8bec49647478ac13c27af256e507337250a983ce,2022-06,Cambridgeshire Constabulary,Cambridgeshire Constabulary,-0.260005,52.559695,On or near Albany Walk,E01033173,Peterborough 016F,Violence and sexual offences,Unable to prosecute suspect,
,2022-06,Cambridgeshire Constabulary,Cambridgeshire Constabulary,-0.255545,52.559800,On or near Gordon Avenue,E01033182,Peterborough 016G,Anti-social behaviour,,
65416942967e99142edb055a2867bd6ab47bfa9ce82176f75175d37381adaa4f,2022-06,Cambridgeshire Constabulary,Cambridgeshire Constabulary,-0.255672,52.557725,On or near Belsize Avenue,E01033182,Peterborough 016G,Other theft,Investigation complete; no suspect identified,
7b0c8e1649a33054adf3376f4efb127c5a761acfa0aa9748053a784060e38e2b,2022-06,Cambridgeshire Constabulary,Cambridgeshire Constabulary,-0.256168,52.558991,On or near Huntly Road,E01033182,Peterborough 016G,Public order,Unable to prosecute suspect,
38f9b4be4e9cc5e0232699c6e749101f3619b4a46f22f84bdfc7615c2b9f6864,2022-06,Cambridgeshire Constabulary,Cambridgeshire Constabulary,-0.256168,52.558991,On or near Huntly Road,E01033182,Peterborough 016G,Violence and sexual offences,Unable to prosecute suspect,
179699ea538d1437e691537f5fc75a360b0a241d7fb6fd18be45a94a5d21b555,2022-06,Cambridgeshire Constabulary,Cambridgeshire Constabulary,-0.255672,52.557725,On or near Belsize Avenue,E01033182,Peterborough 016G,Violence and sexual offences,Unable to prosecute suspect,
,2022-06,Cambridgeshire Constabulary,Cambridgeshire Constabulary,-0.240436,52.564657,On or near Sports/Recreation Area,E01015621,Peterborough 017A,Anti-social behaviour,,
,2022-06,Cambridgeshire Constabulary,Cambridgeshire Constabulary,-0.240436,52.564657,On or near Sports/Recreation Area,E01015621,Peterborough 017A,Anti-social behaviour,,
,2022-06,Cambridgeshire Constabulary,Cambridgeshire Constabulary,-0.240951,52.566175,On or near Cripple Sidings Lane,E01015621,Peterborough 017A,Anti-social behaviour,,
db6c0785d48cafd924327326027538af8675da4e3296db7964f68db148e06274,2022-06,Cambridgeshire Constabulary,Cambridgeshire Constabulary,-0.235320,52.563843,On or near Hadrians Court,E01015621,Peterborough 017A,Bicycle theft,Investigation complete; no suspect identified,
e211297f819912a4c54f767e59d160247b3b61ff38c4972d78e3663075f3d360,2022-06,Cambridgeshire Constabulary,Cambridgeshire Constabulary,-0.245888,52.562247,On or near Park Street,E01015621,Peterborough 017A,Bicycle theft,Investigation complete; no suspect identified,
d9878eaeca65cc3f8455882056007873837e577346c8dadf9091a51ea431bae6,2022-06,Cambridgeshire Constabulary,Cambridgeshire Constabulary,-0.244141,52.563516,On or near Regal Place,E01015621,Peterborough 017A,Burglary,Investigation complete; no suspect identified,
98772caab07e0cb36b472e16ca231fa85569991d1004a35b376d90f39a4c2bb0,2022-06,Cambridgeshire Constabulary,Cambridgeshire Constabulary,-0.240951,52.566175,On or near Cripple Sidings Lane,E01015621,Peterborough 017A,Criminal damage and arson,Investigation complete; no suspect identified,
905690deaa5f135a3e3078aaed3973392a74b37a216f37bac62107d542c220ae,2022-06,Cambridgeshire Constabulary,Cambridgeshire Constabulary,-0.246163,52.564975,On or near Sports/Recreation Area,E01015621,Peterborough 017A,Criminal damage and arson,Investigation complete; no suspect identified,
e772beaae4935a300c795b1744bf1343d4d2093737c211fdb340ddfcef06b718,2022-06,Cambridgeshire Constabulary,Cambridgeshire Constabulary,-0.244141,52.563516,On or near Regal Place,E01015621,Peterborough 017A,Criminal damage and arson,Investigation complete; no suspect identified,
35a51338506d086f817bad32264a99b617d7015673110f0c2ca99197dc8a6730,2022-06,Cambridgeshire Constabulary,Cambridgeshire Constabulary,-0.244141,52.563516,On or near Regal Place,E01015621,Peterborough 017A,Other theft,Investigation complete; no suspect identified,
ab6021e626eb23a450d0549af72b758407ea42f8dd98578d2a8a9f4635d1d5c5,2022-06,Cambridgeshire Constabulary,Cambridgeshire Constabulary,-0.240436,52.564657,On or near Sports/Recreation Area,E01015621,Peterborough 017A,Other theft,Investigation complete; no suspect identified,
3746539501e911e40ce77790ea7de1083ff5da8f0f6e578332adc1542a6c6fa5,2022-06,Cambridgeshire Constabulary,Cambridgeshire Constabulary,-0.244141,52.563516,On or near Regal Place,E01015621,Peterborough 017A,Public order,Investigation complete; no suspect identified,
5d12eb0e5de55b28169428f7c0abb8d2fbc39dac6aff5928baa0eb2985796084,2022-06,Cambridgeshire Constabulary,Cambridgeshire Constabulary,-0.236772,52.561833,On or near St Johns Road,E01015621,Peterborough 017A,Public order,Unable to prosecute suspect,
1d4c2e545f63d39a79015647df093939684e8f0bb920ab52640a9733a3bfcc9f,2022-06,Cambridgeshire Constabulary,Cambridgeshire Constabulary,-0.240951,52.566175,On or near Cripple Sidings Lane,E01015621,Peterborough 017A,Public order,Unable to prosecute suspect,
a475b45618834caf6993cfc82370083cd2d2e1484b12c0b34abed1b5d65fa775,2022-06,Cambridgeshire Constabulary,Cambridgeshire Constabulary,-0.240951,52.566175,On or near Cripple Sidings Lane,E01015621,Peterborough 017A,Robbery,Unable to prosecute suspect,
547902de9ef8a92dc2aacf82af720f6713dc24b5f0ab0070d8d750943379c37a,2022-06,Cambridgeshire Constabulary,Cambridgeshire Constabulary,-0.244141,52.563516,On or near Regal Place,E01015621,Peterborough 017A,Theft from the person,Unable to prosecute suspect,
e5a9d6466776b8ba3d21582afcccbbd7064d9a0465a2a213ad245521bd98a9b6,2022-06,Cambridgeshire Constabulary,Cambridgeshire Constabulary,-0.241911,52.560246,On or near Fellowes Gardens,E01015621,Peterborough 017A,Vehicle crime,Investigation complete; no suspect identified,
8f280fdd1d2f3bcbfc01d424b374c2d3f0a8c3b0a666a09ab98a73549c400e6d,2022-06,Cambridgeshire Constabulary,Cambridgeshire Constabulary,-0.246163,52.564975,On or near Sports/Recreation Area,E01015621,Peterborough 017A,Vehicle crime,Investigation complete; no suspect identified,
952b738e1e014834096f5f3bb9b7b51586521fd0bdee447e66d20ec1a7718781,2022-06,Cambridgeshire Constabulary,Cambridgeshire Constabulary,-0.244141,52.563516,On or near Regal Place,E01015621,Peterborough 017A,Vehicle crime,Investigation complete; no suspect identified,
f182736eb663ae21865b7c51cae8c27eae21b393a9dc900d8105e30b3b8d4346,2022-06,Cambridgeshire Constabulary,Cambridgeshire Constabulary,-0.244141,52.563516,On or near Regal Place,E01015621,Peterborough 017A,Vehicle crime,Status update unavailable,
9ba3caf73a01896ca18d4b87c1d54b3efe2ac5fd63b3cbfd0ef06b7dcdb0e5c3,2022-06,Cambridgeshire Constabulary,Cambridgeshire Constabulary,-0.244141,52.563516,On or near Regal Place,E01015621,Peterborough 017A,Violence and sexual offences,Investigation complete; no suspect identified,
1d9137e6c4920c1165e0f8068e07a28def1070ba3c0037467537df86dd990589,2022-06,Cambridgeshire Constabulary,Cambridgeshire Constabulary,-0.243580,52.562402,On or near Chartwell Close,E01015621,Peterborough 017A,Violence and sexual offences,Unable to prosecute suspect,
3494e9deedfad65ed7b4d865b56278f4d50aeb28f52456545fb8824264bbe499,2022-06,Cambridgeshire Constabulary,Cambridgeshire Constabulary,-0.240951,52.566175,On or near Cripple Sidings Lane,E01015621,Peterborough 017A,Violence and sexual offences,Unable to prosecute suspect,
775ae8f01c8040bb6f9f11f0ca60f0b2c910e0d997daaba5430985b11068c66e,2022-06,Cambridgeshire Constabulary,Cambridgeshire Constabulary,-0.240338,52.560465,On or near Springfield,E01015621,Peterborough 017A,Violence and sexual offences,Unable to prosecute suspect,
b92807c82662be9180ab95ac86b73a582cd117f55320882f1c0f643732ca29da,2022-06,Cambridgeshire Constabulary,Cambridgeshire Constabulary,-0.244141,52.563516,On or near Regal Place,E01015621,Peterborough 017A,Violence and sexual offences,Unable to prosecute suspect,
d66a2e3faafd4822d5ade7c89e65a9b69a442051a93d36bd3d16a8ad951ba57b,2022-06,Cambridgeshire Constabulary,Cambridgeshire Constabulary,-0.240404,52.562516,On or near Fairfield Road,E01015621,Peterborough 017A,Violence and sexual offences,Unable to prosecute suspect,
8c611ff2bd008bf3dfc71773643f7af0711646f9724925938794a6809f841bca,2022-06,Cambridgeshire Constabulary,Cambridgeshire Constabulary,-0.242431,52.561270,On or near Abbeyfields,E01015621,Peterborough 017A,Violence and sexual offences,Unable to prosecute suspect,
09c30d087fd4d52a10f0318226c3890f6485547ad79efc77f73bad97dfc386c9,2022-06,Cambridgeshire Constabulary,Cambridgeshire Constabulary,-0.240338,52.560465,On or near Springfield,E01015621,Peterborough 017A,Violence and sexual offences,Unable to prosecute suspect,
f801e1492d293653b40ccfee7d44f300daec050970a95c339ff95f9b05553533,2022-06,Cambridgeshire Constabulary,Cambridgeshire Constabulary,-0.240338,52.560465,On or near Springfield,E01015621,Peterborough 017A,Violence and sexual offences,Unable to prosecute suspect,
7de9d6b14650da05d62379fffa88bb4064ad87bc8d87c984f5d71402305966f7,2022-06,Cambridgeshire Constabulary,Cambridgeshire Constabulary,-0.240436,52.564657,On or near Sports/Recreation Area,E01015621,Peterborough 017A,Violence and sexual offences,Local resolution,
ce7c31a782a7a9358b0222d18dcd5ca1c7ab789d53e5d53cc377952e7d2ff75e,2022-06,Cambridgeshire Constabulary,Cambridgeshire Constabulary,-0.240436,52.564657,On or near Sports/Recreation Area,E01015621,Peterborough 017A,Violence and sexual offences,Unable to prosecute suspect,
34c95818fcd04544942fcbe21b1ca4181cb5496fe14de7eb2e35beeb2c8fa2b6,2022-06,Cambridgeshire Constabulary,Cambridgeshire Constabulary,-0.240951,52.566175,On or near Cripple Sidings Lane,E01015621,Peterborough 017A,Violence and sexual offences,Unable to prosecute suspect,
6a321bf6bad7a1b419f67f3f6317ec596124f5973551db5739ca1ac5cb4900b5,2022-06,Cambridgeshire Constabulary,Cambridgeshire Constabulary,-0.243580,52.562402,On or near Chartwell Close,E01015621,Peterborough 017A,Violence and sexual offences,Unable to prosecute suspect,
4eb48e2d87351231e8e5ad53dd09d069efaee101fd29e39cfb4945b765e96d9e,2022-06,Cambridgeshire Constabulary,Cambridgeshire Constabulary,-0.236560,52.563457,On or near Stagshaw Drive,E01015621,Peterborough 017A,Violence and sexual offences,Investigation complete; no suspect identified,
645386a56c52d201226fcd9b5d77c361a61416e9735cd0bbcdae29d9fdede794,2022-06,Cambridgeshire Constabulary,Cambridgeshire Constabulary,-0.240338,52.560465,On or near Springfield,E01015621,Peterborough 017A,Other crime,Unable to prosecute suspect,
,2022-06,Cambridgeshire Constabulary,Cambridgeshire Constabulary,-0.251242,52.560798,On or near Setchfield Place,E01015623,Peterborough 017B,Anti-social behaviour,,
,2022-06,Cambridgeshire Constabulary,Cambridgeshire Constabulary,-0.249809,52.557504,On or near Celta Road,E01015623,Peterborough 017B,Anti-social behaviour,,
,2022-06,Cambridgeshire Constabulary,Cambridgeshire Constabulary,-0.251242,52.560798,On or near Setchfield Place,E01015623,Peterborough 017B,Anti-social behaviour,,
,2022-06,Cambridgeshire Constabulary,Cambridgeshire Constabulary,-0.251654,52.555994,On or near Peake Close,E01015623,Peterborough 017B,Anti-social behaviour,,
9105f1fd9d9f9860ae9d0d0110587f6b3fc48a9d6d1f926bf43b1b273d41f078,2022-06,Cambridgeshire Constabulary,Cambridgeshire Constabulary,-0.246472,52.555746,On or near Victoria Street,E01015623,Peterborough 017B,Criminal damage and arson,Investigation complete; no suspect identified,
e60ea33a2184de8b99d747070dfb50f8df5b049de545309f4f3316fcc15c9563,2022-06,Cambridgeshire Constabulary,Cambridgeshire Constabulary,-0.251242,52.560798,On or near Setchfield Place,E01015623,Peterborough 017B,Criminal damage and arson,Investigation complete; no suspect identified,
830a0c5358352a29bd41618bb5614e91cf501ee29a0e418889a631f6e0fa2696,2022-06,Cambridgeshire Constabulary,Cambridgeshire Constabulary,-0.247401,52.556497,On or near St Margarets Road,E01015623,Peterborough 017B,Criminal damage and arson,Local resolution,
a77b8e9f5e4639bcfb9a16a756a303ed4a103f93db698fb4a00814af1f6db1ed,2022-06,Cambridgeshire Constabulary,Cambridgeshire Constabulary,-0.246472,52.555746,On or near Victoria Street,E01015623,Peterborough 017B,Other theft,Unable to prosecute suspect,
8db2567b276caf2fbc96a9bb94bf6cbf8702469b9f8f306233a36c9704ddf77f,2022-06,Cambridgeshire Constabulary,Cambridgeshire Constabulary,-0.251242,52.560798,On or near Setchfield Place,E01015623,Peterborough 017B,Vehicle crime,Investigation complete; no suspect identified,
aaf47a62f80c8ecc4fd2648077160cca31f460d36cac9e620de9991ed97b3e7e,2022-06,Cambridgeshire Constabulary,Cambridgeshire Constabulary,-0.251654,52.555994,On or near Peake Close,E01015623,Peterborough 017B,Violence and sexual offences,Unable to prosecute suspect,
156efa2f23e792c0f0e6a5bc24bd14f7ad27ac239cfd5e4b72b427981245824f,2022-06,Cambridgeshire Constabulary,Cambridgeshire Constabulary,-0.252035,52.556809,On or near Celta Road,E01015623,Peterborough 017B,Violence and sexual offences,Unable to prosecute suspect,
63bb84c0e26d344ae832c258281990e1edd25502be1348640213bff392a7f9e4,2022-06,Cambridgeshire Constabulary,Cambridgeshire Constabulary,-0.245658,52.556193,On or near Wootton Avenue,E01015623,Peterborough 017B,Violence and sexual offences,Local resolution,
a43159f465c4c0902dc93626cb4bd98bfc53d52945dea23c0ea5bc3e889c4f63,2022-06,Cambridgeshire Constabulary,Cambridgeshire Constabulary,-0.252035,52.556809,On or near Celta Road,E01015623,Peterborough 017B,Violence and sexual offences,Unable to prosecute suspect,
5d7d750eaaaaf6ec79e0bba22f693eabcd6061ce57f4b7ee5e0fd66b9be9e6b7,2022-06,Cambridgeshire Constabulary,Cambridgeshire Constabulary,-0.247797,52.560981,On or near Silver Street,E01015624,Peterborough 017C,Criminal damage and arson,Court result unavailable,
0f1eb0d6489aafd7cb59d3be7c2904c25a60d4a4b6e7d95e8b0893ca46a88610,2022-06,Cambridgeshire Constabulary,Cambridgeshire Constabulary,-0.245866,52.560224,On or near Charnwood Close,E01015624,Peterborough 017C,Criminal damage and arson,Unable to prosecute suspect,
42e3f56def9f19cb0d898224d3f920c33b3d97fb3c8acfa98f0269d8e90ce846,2022-06,Cambridgeshire Constabulary,Cambridgeshire Constabulary,-0.245446,52.561872,On or near Woodbine Street,E01015624,Peterborough 017C,Drugs,Status update unavailable,
605fcc99ce98dacd4643b7ddc3094f29860182962b59b6d24a50d54014e73f81,2022-06,Cambridgeshire Constabulary,Cambridgeshire Constabulary,-0.246699,52.562996,On or near Queens Walk,E01015624,Peterborough 017C,Public order,Investigation complete; no suspect identified,
6574d6a7e90058c113499205a5cec2b829be6902d13f519d971aa1f041676004,2022-06,Cambridgeshire Constabulary,Cambridgeshire Constabulary,-0.245446,52.561872,On or near Woodbine Street,E01015624,Peterborough 017C,Public order,Investigation complete; no suspect identified,
6657cd53526995c02411c228f8252996c7444d87e11d2e4da38416369df04586,2022-06,Cambridgeshire Constabulary,Cambridgeshire Constabulary,-0.244056,52.557868,On or near High Street,E01015624,Peterborough 017C,Public order,Investigation complete; no suspect identified,
eec3e95cc3959c30c83f3a935cf50946db139d64a4d475913d22890d5179c66a,2022-06,Cambridgeshire Constabulary,Cambridgeshire Constabulary,-0.245446,52.561872,On or near Woodbine Street,E01015624,Peterborough 017C,Robbery,Unable to prosecute suspect,
f8fd2382d4c481efa482f2c28db5cc591f8ebb7c080d42031b9dea3573a210bf,2022-06,Cambridgeshire Constabulary,Cambridgeshire Constabulary,-0.249078,52.563274,On or near Orchard Mews,E01015624,Peterborough 017C,Vehicle crime,Investigation complete; no suspect identified,
10202f325198e8ad7f3bd7b6fb5210117268e3a3fdd7191e4cc3718fd3e7a45a,2022-06,Cambridgeshire Constabulary,Cambridgeshire Constabulary,-0.247797,52.560981,On or near Silver Street,E01015624,Peterborough 017C,Vehicle crime,Investigation complete; no suspect identified,
575fdbcd588ed3129eb52caa0c0187a3b7f2dcb940e2d1aff6e0d9a536f357e8,2022-06,Cambridgeshire Constabulary,Cambridgeshire Constabulary,-0.248238,52.560286,On or near South View,E01015624,Peterborough 017C,Violence and sexual offences,Investigation complete; no suspect identified,
48c899921a51d2fe36497446cf1a05dcedf1e30af599775120a3d63687866a3e,2022-06,Cambridgeshire Constabulary,Cambridgeshire Constabulary,-0.250035,52.562578,On or near Palmerston Road,E01015624,Peterborough 017C,Violence and sexual offences,Court result unavailable,
b3525527e135f04cd96e44d037480749d7759ea35283df400e2b2682656fd069,2022-06,Cambridgeshire Constabulary,Cambridgeshire Constabulary,-0.250035,52.562578,On or near Palmerston Road,E01015624,Peterborough 017C,Violence and sexual offences,Status update unavailable,
b5e34421ae063d502db8bbb24581ea8e13674b0e4ab0092aa7070d86166204be,2022-06,Cambridgeshire Constabulary,Cambridgeshire Constabulary,-0.248585,52.562314,On or near Orchard Street,E01015624,Peterborough 017C,Violence and sexual offences,Unable to prosecute suspect,
fd1d2281482844944abd496b04e7b0a64765585c7c4214e13dc4280fe4e2e447,2022-06,Cambridgeshire Constabulary,Cambridgeshire Constabulary,-0.247797,52.560981,On or near Silver Street,E01015624,Peterborough 017C,Violence and sexual offences,Unable to prosecute suspect,
71b581d53ebdc803fee4c9d5274c903fefd9f6cdcf241e1d0c9643b4fd0b7363,2022-06,Cambridgeshire Constabulary,Cambridgeshire Constabulary,-0.249078,52.563274,On or near Orchard Mews,E01015624,Peterborough 017C,Violence and sexual offences,Further action is not in the public interest,
c3bd2daf3bc03dce5baeb3b3bc620181f52077dc507985289b891b45d36e2e96,2022-06,Cambridgeshire Constabulary,Cambridgeshire Constabulary,-0.249078,52.563274,On or near Orchard Mews,E01015624,Peterborough 017C,Violence and sexual offences,Unable to prosecute suspect,
d5a5df45e80b025ef29fe887ebe07200582e0d834803be22735795c5817d56f4,2022-06,Cambridgeshire Constabulary,Cambridgeshire Constabulary,-0.252609,52.561303,On or near New Road,E01015624,Peterborough 017C,Violence and sexual offences,Unable to prosecute suspect,
a33e211e6b7405b2ffccc0a7f69e3f041489b6f4116abd8a849f5a2a74f24532,2022-06,Cambridgeshire Constabulary,Cambridgeshire Constabulary,-0.250035,52.562578,On or near Palmerston Road,E01015624,Peterborough 017C,Other crime,Further investigation is not in the public interest,
f713d0028ca44d000657fca2f26cc69afef008c3b052747c168f9f9a1192463c,2022-06,Cambridgeshire Constabulary,Cambridgeshire Constabulary,-0.250035,52.562578,On or near Palmerston Road,E01015624,Peterborough 017C,Other crime,Status update unavailable,
539555f615bc9d7dc50630ec50871a070387f554d2004508d3f7d557b38003c2,2022-06,Cambridgeshire Constabulary,Cambridgeshire Constabulary,-0.228365,52.557751,On or near Tucker'S Yard,E01015666,Peterborough 017D,Criminal damage and arson,Unable to prosecute suspect,
88862380047aa1bd6dd9044fdcea25617b3a74152173bd261b484479e6bb072f,2022-06,Cambridgeshire Constabulary,Cambridgeshire Constabulary,-0.227281,52.560495,On or near Appleyard,E01015666,Peterborough 017D,Other theft,Unable to prosecute suspect,
baa946fe9351b1b39637f0d5a675c905f413df89afc941a20e0dd1807e823d9c,2022-06,Cambridgeshire Constabulary,Cambridgeshire Constabulary,-0.227281,52.560495,On or near Appleyard,E01015666,Peterborough 017D,Public order,Status update unavailable,
d63ec918b09c0a16e38bcf7870b90105320a2533b908ef81d3224e6976160365,2022-06,Cambridgeshire Constabulary,Cambridgeshire Constabulary,-0.229585,52.563353,On or near Park/Open Space,E01015666,Peterborough 017D,Vehicle crime,Investigation complete; no suspect identified,
de733561b95772076de9f68c30666a09f9f47f84e1429761cbd17b95461b634c,2022-06,Cambridgeshire Constabulary,Cambridgeshire Constabulary,-0.228365,52.557751,On or near Tucker'S Yard,E01015666,Peterborough 017D,Violence and sexual offences,Court result unavailable,
5f7fcbdd6dd4c2312c8756f79312b7599d10327f9a86f61868553a847d0406c4,2022-06,Cambridgeshire Constabulary,Cambridgeshire Constabulary,-0.228365,52.557751,On or near Tucker'S Yard,E01015666,Peterborough 017D,Violence and sexual offences,Unable to prosecute suspect,
1483927c33c2d193da05a0e12eaee5e1473649141a759c1039b679d02587f0df,2022-06,Cambridgeshire Constabulary,Cambridgeshire Constabulary,-0.226339,52.561533,On or near North Street,E01015666,Peterborough 017D,Violence and sexual offences,Investigation complete; no suspect identified,
b1fb74b5bef3219597cbbe5b3c88df973745799f06152d556c2fdc6dc9d0a229,2022-06,Cambridgeshire Constabulary,Cambridgeshire Constabulary,-0.229263,52.561838,On or near Mount Pleasant,E01015666,Peterborough 017D,Violence and sexual offences,Local resolution,
e09b1f8f7de7359018f9e07efaf10e1cf0065e2f01f6877f0ff06cf1faca0d12,2022-06,Cambridgeshire Constabulary,Cambridgeshire Constabulary,-0.227281,52.560495,On or near Appleyard,E01015666,Peterborough 017D,Violence and sexual offences,Unable to prosecute suspect,
92dba4bc3114206efdd819f553ccdae50c0c3aef4eb86081162606127e454176,2022-06,Cambridgeshire Constabulary,Cambridgeshire Constabulary,-0.227281,52.560495,On or near Appleyard,E01015666,Peterborough 017D,Violence and sexual offences,Investigation complete; no suspect identified,
c29f752b8ac4e006cae8b549a3b108631bad168937476871f9ee87b1919ed0ae,2022-06,Cambridgeshire Constabulary,Cambridgeshire Constabulary,-0.227281,52.560495,On or near Appleyard,E01015666,Peterborough 017D,Violence and sexual offences,Court result unavailable,
,2022-06,Cambridgeshire Constabulary,Cambridgeshire Constabulary,-0.235447,52.557003,On or near Fleet Way,E01015668,Peterborough 017E,Anti-social behaviour,,
,2022-06,Cambridgeshire Constabulary,Cambridgeshire Constabulary,-0.238701,52.556773,On or near Monarch Avenue,E01015668,Peterborough 017E,Anti-social behaviour,,
,2022-06,Cambridgeshire Constabulary,Cambridgeshire Constabulary,-0.241654,52.558543,On or near Milton Road,E01015668,Peterborough 017E,Anti-social behaviour,,
,2022-06,Cambridgeshire Constabulary,Cambridgeshire Constabulary,-0.241654,52.558543,On or near Milton Road,E01015668,Peterborough 017E,Anti-social behaviour,,
5ee97fb8d74157fa301f9c26e3948a156a2e7013bb8a9afc72016376dbbe0bc8,2022-06,Cambridgeshire Constabulary,Cambridgeshire Constabulary,-0.241017,52.559352,On or near Fellowes Road,E01015668,Peterborough 017E,Criminal damage and arson,Investigation complete; no suspect identified,
4b0dcff77579c3aa55ef396c44e1b590cad9ed4f9cdbefc7e0e85e3188dc906d,2022-06,Cambridgeshire Constabulary,Cambridgeshire Constabulary,-0.233360,52.558626,On or near The Glen,E01015668,Peterborough 017E,Criminal damage and arson,Investigation complete; no suspect identified,
82dda593835b041add58d6b922e0debac7a18ffaebd2b63c82647dfba1703476,2022-06,Cambridgeshire Constabulary,Cambridgeshire Constabulary,-0.231265,52.554603,On or near Park/Open Space,E01015668,Peterborough 017E,Criminal damage and arson,Investigation complete; no suspect identified,
bab9e16694530bfae73a2df1ff08dc757f30c6425483eb18553f38b1b07d6b30,2022-06,Cambridgeshire Constabulary,Cambridgeshire Constabulary,-0.238701,52.556773,On or near Monarch Avenue,E01015668,Peterborough 017E,Public order,Unable to prosecute suspect,
523674a3ab3049b145abaa99c962150c3814eb01511b73a7582747c5fdb4c41b,2022-06,Cambridgeshire Constabulary,Cambridgeshire Constabulary,-0.233075,52.557642,On or near Phoenix Close,E01015668,Peterborough 017E,Public order,Investigation complete; no suspect identified,
c8458024c7da565e295fb44dfb55959324c7ab6524b95240b82ce48ea75026af,2022-06,Cambridgeshire Constabulary,Cambridgeshire Constabulary,-0.235435,52.558028,On or near Church Lane,E01015668,Peterborough 017E,Robbery,Offender given a caution,
ab2dabd40bc2e40379720c2cd890dc318e41c689fe5b258a64ad1f67359b602b,2022-06,Cambridgeshire Constabulary,Cambridgeshire Constabulary,-0.229508,52.555745,On or near Frank Perkins Parkway,E01015668,Peterborough 017E,Shoplifting,Investigation complete; no suspect identified,
ce4e16bcddee5b92497488c9d43af0c4405153903eccf765d6aa47b2ba876218,2022-06,Cambridgeshire Constabulary,Cambridgeshire Constabulary,-0.241017,52.559352,On or near Fellowes Road,E01015668,Peterborough 017E,Vehicle crime,Investigation complete; no suspect identified,
fd6043f840a5603ddce7c6063620fd611b7a075d8f31a5ca1c690b1901886cd2,2022-06,Cambridgeshire Constabulary,Cambridgeshire Constabulary,-0.227440,52.557279,On or near South Street,E01015668,Peterborough 017E,Violence and sexual offences,Local resolution,
f371ff60dd630dfb4e60c35d0ce0fdba5cf12fddbafa60a5c21c2ea2077e71ec,2022-06,Cambridgeshire Constabulary,Cambridgeshire Constabulary,-0.237499,52.556953,On or near Earls Close,E01015668,Peterborough 017E,Violence and sexual offences,Unable to prosecute suspect,
1df80e66e6bc1a4025e5ddf751d7b7accb65b42a52409ef7f74ff81e9cc28920,2022-06,Cambridgeshire Constabulary,Cambridgeshire Constabulary,-0.227440,52.557279,On or near South Street,E01015668,Peterborough 017E,Violence and sexual offences,Local resolution,
c991feb6c4d3ca7dae93c14649d25b3d6c72735dcb8bb635bcbdd8376add6df3,2022-06,Cambridgeshire Constabulary,Cambridgeshire Constabulary,-0.240549,52.558526,On or near Duke Street,E01015668,Peterborough 017E,Violence and sexual offences,Investigation complete; no suspect identified,
4c137a0507dbc3085f13770f21acfd1607202af7faedb56aa738af6605b1d522,2022-06,Cambridgeshire Constabulary,Cambridgeshire Constabulary,-0.241654,52.558543,On or near Milton Road,E01015668,Peterborough 017E,Violence and sexual offences,Unable to prosecute suspect,
a635f4d34309852fc45049dce160ce96389fbf7eb9996a4bfe63aef99e1d4729,2022-06,Cambridgeshire Constabulary,Cambridgeshire Constabulary,-0.237499,52.556953,On or near Earls Close,E01015668,Peterborough 017E,Violence and sexual offences,Unable to prosecute suspect,
f890a42854e0a4d5c9fdccb4e3b512b7210ad119abc9a1871a40134091bc59b6,2022-06,Cambridgeshire Constabulary,Cambridgeshire Constabulary,-0.227440,52.557279,On or near South Street,E01015668,Peterborough 017E,Violence and sexual offences,Local resolution,
55b08887958377872fdbee78e41d3a62671c5058de21e52714b1d661b7c7c98a,2022-06,Cambridgeshire Constabulary,Cambridgeshire Constabulary,-0.241017,52.559352,On or near Fellowes Road,E01015668,Peterborough 017E,Violence and sexual offences,Unable to prosecute suspect,
e1c07488d159c322c9d7811af7daf2340f1bb094bcecec373b2de5f9d4a42e4c,2022-06,Cambridgeshire Constabulary,Cambridgeshire Constabulary,-0.237499,52.556953,On or near Earls Close,E01015668,Peterborough 017E,Violence and sexual offences,Unable to prosecute suspect,
c5fb9f8111f43207a34daa912d19475e14ae31595afd171f07f20daf1e911a9c,2022-06,Cambridgeshire Constabulary,Cambridgeshire Constabulary,-0.237499,52.556953,On or near Earls Close,E01015668,Peterborough 017E,Violence and sexual offences,Unable to prosecute suspect,
c438eb80982dc31522623d11ea01187a39cb807b11b1fe81b831abc37074bd12,2022-06,Cambridgeshire Constabulary,Cambridgeshire Constabulary,-0.238701,52.556773,On or near Monarch Avenue,E01015668,Peterborough 017E,Violence and sexual offences,Unable to prosecute suspect,
7269bed042e46de581e8c2021bd0ea44fb043e2b0683a7164a79ae9b7be7469c,2022-06,Cambridgeshire Constabulary,Cambridgeshire Constabulary,-0.237960,52.558704,On or near Manor Avenue,E01015668,Peterborough 017E,Violence and sexual offences,Unable to prosecute suspect,
f4187b8324efbb4daac7f8107d33ec0eff7a6a97083eea605491658d832b00ae,2022-06,Cambridgeshire Constabulary,Cambridgeshire Constabulary,-0.237499,52.556953,On or near Earls Close,E01015668,Peterborough 017E,Violence and sexual offences,Investigation complete; no suspect identified,
9a399aa42f0a3f246d99a10745f2d966aa06dc4ff62f6d58dfd06fcfa7ea223c,2022-06,Cambridgeshire Constabulary,Cambridgeshire Constabulary,-0.237960,52.558704,On or near Manor Avenue,E01015668,Peterborough 017E,Violence and sexual offences,Unable to prosecute suspect,
8d0a23eeef2a757ada63c23915fdd458c9f7b19e8d16ed47e517efadd81743ae,2022-06,Cambridgeshire Constabulary,Cambridgeshire Constabulary,-0.237499,52.556953,On or near Earls Close,E01015668,Peterborough 017E,Violence and sexual offences,Unable to prosecute suspect,
fbe5b5d50a9c94fd9e827299645e287a93586495612ee3fa42aeed9a3ba957ea,2022-06,Cambridgeshire Constabulary,Cambridgeshire Constabulary,-0.237499,52.556953,On or near Earls Close,E01015668,Peterborough 017E,Violence and sexual offences,Investigation complete; no suspect identified,
19a2eb1ece1f5b69c37b3078f468fed7cc752bf2c66f26967d227f3b9f3b9da2,2022-06,Cambridgeshire Constabulary,Cambridgeshire Constabulary,-0.236365,52.557646,On or near Edis Court,E01015668,Peterborough 017E,Violence and sexual offences,Court result unavailable,
835a385ccd051cb7ab15783f63cb864ca959d6e0f5b6f4c2a9fb27066aa2535c,2022-06,Cambridgeshire Constabulary,Cambridgeshire Constabulary,-0.237499,52.556953,On or near Earls Close,E01015668,Peterborough 017E,Violence and sexual offences,Unable to prosecute suspect,
379292ad65f9ccba45be4974136b12f80ca7c4b5ac6cdd6bc5ddab4bc2000ee4,2022-06,Cambridgeshire Constabulary,Cambridgeshire Constabulary,-0.236365,52.557646,On or near Edis Court,E01015668,Peterborough 017E,Violence and sexual offences,Unable to prosecute suspect,
3b6a5a2b1b10a8aa5397504b0fc50646043eb70f8bf307bb7f92cf5d272726e5,2022-06,Cambridgeshire Constabulary,Cambridgeshire Constabulary,-0.240656,52.557692,On or near High Street,E01015668,Peterborough 017E,Violence and sexual offences,Unable to prosecute suspect,
faff4cb3e8df1af97c8634e8d187225269fba878d6fe88e85aac44891a3441c3,2022-06,Cambridgeshire Constabulary,Cambridgeshire Constabulary,-0.233075,52.557642,On or near Phoenix Close,E01015668,Peterborough 017E,Violence and sexual offences,Status update unavailable,
,2022-06,Cambridgeshire Constabulary,Cambridgeshire Constabulary,-0.289389,52.603756,On or near Mowbray Road,E01015627,Peterborough 018A,Anti-social behaviour,,
,2022-06,Cambridgeshire Constabulary,Cambridgeshire Constabulary,-0.331880,52.570161,On or near Love'S Hill,E01015627,Peterborough 018A,Anti-social behaviour,,
,2022-06,Cambridgeshire Constabulary,Cambridgeshire Constabulary,-0.311968,52.586836,On or near Stamford Lodge Road,E01015627,Peterborough 018A,Anti-social behaviour,,
22929dae590454d60c06a784855c9c545d2a0382dd27ff82c348aa15e66a8161,2022-06,Cambridgeshire Constabulary,Cambridgeshire Constabulary,-0.324958,52.579099,On or near Marholm Road,E01015627,Peterborough 018A,Burglary,Investigation complete; no suspect identified,
ce2449c8e213215ef5b5086839da86b473cd978feb147ff907762d70e2f59323,2022-06,Cambridgeshire Constabulary,Cambridgeshire Constabulary,-0.348724,52.570739,On or near Sports/Recreation Area,E01015627,Peterborough 018A,Burglary,Investigation complete; no suspect identified,
a61325520f40aabd928bdd48bed67e26ef518f90f97130b60f55b629493f6785,2022-06,Cambridgeshire Constabulary,Cambridgeshire Constabulary,-0.348724,52.570739,On or near Sports/Recreation Area,E01015627,Peterborough 018A,Criminal damage and arson,Investigation complete; no suspect identified,
b8e2ba9d9cd58b7b2366e445e42338307d43fa1b0ea3061056331c7f9cfaa4eb,2022-06,Cambridgeshire Constabulary,Cambridgeshire Constabulary,-0.345827,52.574412,On or near Allotment Lane,E01015627,Peterborough 018A,Drugs,Local resolution,
560dec9692535837c09cfb6dfcfe88fd535a1a320842a310a95250784e10fbcd,2022-06,Cambridgeshire Constabulary,Cambridgeshire Constabulary,-0.354083,52.574617,On or near Normangate,E01015627,Peterborough 018A,Public order,Unable to prosecute suspect,
e8b29120b0a6ebd6e438b31198338360c9f617f53fc65a3e43387e2fe1ec3862,2022-06,Cambridgeshire Constabulary,Cambridgeshire Constabulary,-0.354083,52.574617,On or near Normangate,E01015627,Peterborough 018A,Vehicle crime,Investigation complete; no suspect identified,
6a9b3c678444c91962605d15c17310a6b3dd1ae31c1dbf1156902c0071dee130,2022-06,Cambridgeshire Constabulary,Cambridgeshire Constabulary,-0.347162,52.573837,On or near Farm View,E01015627,Peterborough 018A,Violence and sexual offences,Local resolution,
98ef5cc0878783d981caf88e25e12eb53b2d08e6c5c084cf0603a81bf69d44ce,2022-06,Cambridgeshire Constabulary,Cambridgeshire Constabulary,-0.343759,52.568188,On or near Parking Area,E01015627,Peterborough 018A,Violence and sexual offences,Unable to prosecute suspect,
f888703c17cfa62f3586debecd802610e44a3ced81c3e9a31726afda639f9b85,2022-06,Cambridgeshire Constabulary,Cambridgeshire Constabulary,-0.324094,52.572362,On or near A47,E01015627,Peterborough 018A,Violence and sexual offences,Investigation complete; no suspect identified,
c7833bd21afb8702a292bf9502d7133cdafc12037d8b8d175cdc69540e6af298,2022-06,Cambridgeshire Constabulary,Cambridgeshire Constabulary,-0.335649,52.563759,On or near Mill Lane,E01015627,Peterborough 018A,Other crime,Unable to prosecute suspect,
,2022-06,Cambridgeshire Constabulary,Cambridgeshire Constabulary,-0.314660,52.549751,On or near Skye Close,E01015644,Peterborough 018B,Anti-social behaviour,,
,2022-06,Cambridgeshire Constabulary,Cambridgeshire Constabulary,-0.307812,52.543359,On or near Tresham Road,E01015644,Peterborough 018B,Anti-social behaviour,,
,2022-06,Cambridgeshire Constabulary,Cambridgeshire Constabulary,-0.323325,52.548013,On or near East Of England Way,E01015644,Peterborough 018B,Anti-social behaviour,,
1fad67a8589e47c26d3bbd3fe77a196d1e7a45dd594760990be9d009c11d9c52,2022-06,Cambridgeshire Constabulary,Cambridgeshire Constabulary,-0.305130,52.549821,On or near Brimbles Way,E01015644,Peterborough 018B,Criminal damage and arson,Investigation complete; no suspect identified,
b8ff535b699ba5c419e4a7da3d571a47fb0a1150a4469ea0ba8ed013e8479d6a,2022-06,Cambridgeshire Constabulary,Cambridgeshire Constabulary,-0.306387,52.547034,On or near Reepham,E01015644,Peterborough 018B,Criminal damage and arson,Investigation complete; no suspect identified,
7c82b0f39d44347020e08fd7fe24525f53dc8b9e5cb85bb9d4bad30ba1dc9487,2022-06,Cambridgeshire Constabulary,Cambridgeshire Constabulary,-0.304834,52.549844,On or near Pedestrian Subway,E01015644,Peterborough 018B,Criminal damage and arson,Investigation complete; no suspect identified,
0f2d239572c4ab42380caebc9717bc09f6af4490fa05aca40ea5a8d823485a8d,2022-06,Cambridgeshire Constabulary,Cambridgeshire Constabulary,-0.314660,52.549751,On or near Skye Close,E01015644,Peterborough 018B,Drugs,Investigation complete; no suspect identified,
45c253e873d0cd96bb42fc2107bb92d98ef51b0f1a63f4e356313d732965e948,2022-06,Cambridgeshire Constabulary,Cambridgeshire Constabulary,-0.306387,52.547034,On or near Reepham,E01015644,Peterborough 018B,Public order,Unable to prosecute suspect,
b7a576a064626f41e5751c1a2a40f0a790c99e3781f2d7b9777bffd7ebb45085,2022-06,Cambridgeshire Constabulary,Cambridgeshire Constabulary,-0.318500,52.549617,On or near Arboath Gardens,E01015644,Peterborough 018B,Public order,Offender given a caution,
47a899cc33a7ba36633c14b9a3f9c5f56cf110da6849ebd3ffceca328dca2e5b,2022-06,Cambridgeshire Constabulary,Cambridgeshire Constabulary,-0.321939,52.539515,On or near Culley Court,E01015644,Peterborough 018B,Public order,Unable to prosecute suspect,
f70293abcdaaf88c9ab19dc1350267e8951f4b381b7a92b6ebccc7ecd3a9553e,2022-06,Cambridgeshire Constabulary,Cambridgeshire Constabulary,-0.318316,52.547096,On or near Conference/Exhibition Centre,E01015644,Peterborough 018B,Vehicle crime,Investigation complete; no suspect identified,
5cfdf0c2e20bd92cebc7c0ca088dcb4fccf1ff949fff8a07d72d2f8b3664c4e4,2022-06,Cambridgeshire Constabulary,Cambridgeshire Constabulary,-0.307812,52.543359,On or near Tresham Road,E01015644,Peterborough 018B,Vehicle crime,Investigation complete; no suspect identified,
1fe39f65f8736a0f0da8d20d382fe10ff6f0f74613de35c7d847557e70a2caaf,2022-06,Cambridgeshire Constabulary,Cambridgeshire Constabulary,-0.318500,52.549617,On or near Arboath Gardens,E01015644,Peterborough 018B,Violence and sexual offences,Offender given a caution,
28277b1d04fbc181fcfbc2304be0fe7bbd3e2d90d10b96b99005ee40e83a21fb,2022-06,Cambridgeshire Constabulary,Cambridgeshire Constabulary,-0.318316,52.547096,On or near Conference/Exhibition Centre,E01015644,Peterborough 018B,Violence and sexual offences,Investigation complete; no suspect identified,
8ec5bdef2e811b52bde0fda31e943d9a594cf34bbfd8e44bafc293b0fd888d81,2022-06,Cambridgeshire Constabulary,Cambridgeshire Constabulary,-0.308333,52.545534,On or near Glencoe Way,E01015644,Peterborough 018B,Violence and sexual offences,Unable to prosecute suspect,
a28052f0f92b29128b1310d0f9e9225ac4f2c2ba54a2e4cc04f1ef2502e2b963,2022-06,Cambridgeshire Constabulary,Cambridgeshire Constabulary,-0.306387,52.547034,On or near Reepham,E01015644,Peterborough 018B,Violence and sexual offences,Unable to prosecute suspect,
c4c126bd14bfd78a33c07c60eb80c287ac5bfa4c2653037a355f9dfe56598a5d,2022-06,Cambridgeshire Constabulary,Cambridgeshire Constabulary,-0.306387,52.547034,On or near Reepham,E01015644,Peterborough 018B,Violence and sexual offences,Local resolution,
a3d6ffa70ba626c2ae9a964adeaf3d8687d083933e136525adfeb79537c5cc31,2022-06,Cambridgeshire Constabulary,Cambridgeshire Constabulary,-0.313837,52.551222,On or near Linden Gardens,E01015644,Peterborough 018B,Violence and sexual offences,Unable to prosecute suspect,
e28d213531235719e51a9d704980a1251d4cfd888406626b3b8e0424fbb55eae,2022-06,Cambridgeshire Constabulary,Cambridgeshire Constabulary,-0.300545,52.553208,On or near Chandlers,E01015645,Peterborough 018C,Criminal damage and arson,Investigation complete; no suspect identified,
b107ce7c3d7d1ab41f3d80fdb1789fca4adb223954af5c26dbd80708376290e3,2022-06,Cambridgeshire Constabulary,Cambridgeshire Constabulary,-0.310169,52.554928,On or near Paulsgrove,E01015645,Peterborough 018C,Public order,Unable to prosecute suspect,
,2022-06,Cambridgeshire Constabulary,Cambridgeshire Constabulary,-0.302749,52.549212,On or near Sevenacres,E01015646,Peterborough 018D,Anti-social behaviour,,
61a3cccf16e7dea073924ccfb14200879b6c6210a1989ad97d583a11ed31dc50,2022-06,Cambridgeshire Constabulary,Cambridgeshire Constabulary,-0.293082,52.551267,On or near Sports/Recreation Area,E01015646,Peterborough 018D,Criminal damage and arson,Investigation complete; no suspect identified,
00940d2934355c8669099bf574d7e8e46b0f02103f25078c76f00630cb029213,2022-06,Cambridgeshire Constabulary,Cambridgeshire Constabulary,-0.302749,52.549212,On or near Sevenacres,E01015646,Peterborough 018D,Criminal damage and arson,Investigation complete; no suspect identified,
43e6f8b1dfc64eefdbe3dacd9062a32d9f77622fbe54ff4241352aafc0d4895b,2022-06,Cambridgeshire Constabulary,Cambridgeshire Constabulary,-0.302749,52.549212,On or near Sevenacres,E01015646,Peterborough 018D,Other theft,Unable to prosecute suspect,
1a0c393f824eb27dec1e1b94cc8395bee3e923b7040eaf925d468802004cee6d,2022-06,Cambridgeshire Constabulary,Cambridgeshire Constabulary,-0.302749,52.549212,On or near Sevenacres,E01015646,Peterborough 018D,Other theft,Unable to prosecute suspect,
4e84919ec8426bbb5b9b34549746ebfbebae1cd7d0b411ee2d682ae2615b5b94,2022-06,Cambridgeshire Constabulary,Cambridgeshire Constabulary,-0.297892,52.554276,On or near Sunningdale,E01015646,Peterborough 018D,Public order,Investigation complete; no suspect identified,
95c08a66acbc976542f58b98504cc77d47f74cf1588f125247dabf93b5e7ad4d,2022-06,Cambridgeshire Constabulary,Cambridgeshire Constabulary,-0.297109,52.551271,On or near Cherry Orton Road,E01015646,Peterborough 018D,Violence and sexual offences,Unable to prosecute suspect,
65e3d32b45b5c67e28061ce21805183081a8736f87866c5e0e29f53e3e6e5074,2022-06,Cambridgeshire Constabulary,Cambridgeshire Constabulary,-0.302749,52.549212,On or near Sevenacres,E01015646,Peterborough 018D,Violence and sexual offences,Unable to prosecute suspect,
b0e40f00baa4f2034692be4d53e4cadbd4ea1492d640532eb63923c8e0549388,2022-06,Cambridgeshire Constabulary,Cambridgeshire Constabulary,-0.293717,52.549738,On or near Church Drive,E01015646,Peterborough 018D,Violence and sexual offences,Unable to prosecute suspect,
a37c9622a62d38834946d455b1794bba4712cecce454629202bf1479a1b4a046,2022-06,Cambridgeshire Constabulary,Cambridgeshire Constabulary,-0.302749,52.549212,On or near Sevenacres,E01015646,Peterborough 018D,Other crime,Investigation complete; no suspect identified,
,2022-06,Cambridgeshire Constabulary,Cambridgeshire Constabulary,-0.303329,52.557114,On or near Cherryfields,E01015648,Peterborough 018E,Anti-social behaviour,,
03d7273f8fa283f7ea5865e9cde2f08bf8308b05732c9059ecb169032172e7b6,2022-06,Cambridgeshire Constabulary,Cambridgeshire Constabulary,-0.306714,52.558080,On or near Farleigh Fields,E01015648,Peterborough 018E,Bicycle theft,Investigation complete; no suspect identified,
5eb19dea7e6950a498d464953137192b630246d81c6bde1991ae43a00481f85a,2022-06,Cambridgeshire Constabulary,Cambridgeshire Constabulary,-0.306714,52.558080,On or near Farleigh Fields,E01015648,Peterborough 018E,Bicycle theft,Investigation complete; no suspect identified,
b277be1024aabdb7a7cba213f0deb32a4a83f43a22f51a61da95ef2c6114f0eb,2022-06,Cambridgeshire Constabulary,Cambridgeshire Constabulary,-0.313681,52.559141,On or near The Rookery,E01015648,Peterborough 018E,Burglary,Offender given a caution,
c70464079c805d19c138f15677d90f183ed43292015c26b8245a49ce740d09cf,2022-06,Cambridgeshire Constabulary,Cambridgeshire Constabulary,-0.314372,52.566137,On or near Parking Area,E01015648,Peterborough 018E,Burglary,Investigation complete; no suspect identified,
e13fde5396aeb0a5f71e58038cecb058418a39a7fa86384de614a9fd7088ce55,2022-06,Cambridgeshire Constabulary,Cambridgeshire Constabulary,-0.314372,52.566137,On or near Parking Area,E01015648,Peterborough 018E,Criminal damage and arson,Investigation complete; no suspect identified,
fca8e19fcb373e17264af59fdf0a99c8bea7021a9be0caf274631f5041bd19b1,2022-06,Cambridgeshire Constabulary,Cambridgeshire Constabulary,-0.310152,52.566526,On or near Park/Open Space,E01015648,Peterborough 018E,Public order,Investigation complete; no suspect identified,
ab64fad0965db83b7dd7a5b5729c98b367b873a28303e3c7d9c735cc949aff99,2022-06,Cambridgeshire Constabulary,Cambridgeshire Constabulary,-0.300551,52.554953,On or near Chisenhale,E01015648,Peterborough 018E,Public order,Unable to prosecute suspect,
4c96774734949cdf4e8e9ec666b24db33c8de9cbc705b21c5914da91ee69acc6,2022-06,Cambridgeshire Constabulary,Cambridgeshire Constabulary,-0.314411,52.557416,On or near Five Arches,E01015648,Peterborough 018E,Violence and sexual offences,Unable to prosecute suspect,
96eebdf59c4862f756441e92156cd90b81800c86fb25a90566e7d1a6e1ae2c53,2022-06,Cambridgeshire Constabulary,Cambridgeshire Constabulary,-0.314411,52.557416,On or near Five Arches,E01015648,Peterborough 018E,Violence and sexual offences,Unable to prosecute suspect,
1668e30e1507ddce9331d5e74d7d9893d1cdc324be4f7f3e4e3147061bb8cebe,2022-06,Cambridgeshire Constabulary,Cambridgeshire Constabulary,-0.220962,52.558054,On or near Celtic Close,E01015667,Peterborough 019A,Public order,Investigation complete; no suspect identified,
f154322a7506be07d5e644e622ab6ce4716c11af6d45eb122fcc7bb3454779d2,2022-06,Cambridgeshire Constabulary,Cambridgeshire Constabulary,-0.220962,52.558054,On or near Celtic Close,E01015667,Peterborough 019A,Public order,Status update unavailable,
d1a181791b0a5174c7e3592de33cab4ebdc0cc794623f771776a0b8fdc82474a,2022-06,Cambridgeshire Constabulary,Cambridgeshire Constabulary,-0.220962,52.558054,On or near Celtic Close,E01015667,Peterborough 019A,Shoplifting,Investigation complete; no suspect identified,
2413f25a2cabec93aaea91d6aa9aeade765376ae930e6af5d738b30a5ff21197,2022-06,Cambridgeshire Constabulary,Cambridgeshire Constabulary,-0.223483,52.559548,On or near Thistle Drive,E01015667,Peterborough 019A,Violence and sexual offences,Local resolution,
fc6d8b0941f9551ff8d21ba74cdb69dc89875705cee84a39477138cfd8405af4,2022-06,Cambridgeshire Constabulary,Cambridgeshire Constabulary,-0.227394,52.552927,On or near Belle Vue,E01015669,Peterborough 019B,Criminal damage and arson,Investigation complete; no suspect identified,
7e0abcbde854d958408359bd0e4311a63435388b4d1a709e17752a769c34b043,2022-06,Cambridgeshire Constabulary,Cambridgeshire Constabulary,-0.227394,52.552927,On or near Belle Vue,E01015669,Peterborough 019B,Criminal damage and arson,Unable to prosecute suspect,
f3628db0ffd5bd98cd8c662710a82f1d9baf4017912cad31c364657f0a271a2b,2022-06,Cambridgeshire Constabulary,Cambridgeshire Constabulary,-0.225657,52.555760,On or near Ayres Drive,E01015669,Peterborough 019B,Criminal damage and arson,Investigation complete; no suspect identified,
89c4045cb0195942f09d0fda15e48e64548d8483ca2fc9a19b414389aa397a54,2022-06,Cambridgeshire Constabulary,Cambridgeshire Constabulary,-0.221475,52.553395,On or near Kendrick Close,E01015669,Peterborough 019B,Other theft,Investigation complete; no suspect identified,
e92e878708f2abe01f98547dc8cff39d50dac52792c4b0a86349c7b3a63172a1,2022-06,Cambridgeshire Constabulary,Cambridgeshire Constabulary,-0.221475,52.553395,On or near Kendrick Close,E01015669,Peterborough 019B,Vehicle crime,Investigation complete; no suspect identified,
de0d2d030240e214aebf6109537f65e841584511bf125e4640ffaba3900b8067,2022-06,Cambridgeshire Constabulary,Cambridgeshire Constabulary,-0.223579,52.555351,On or near Denton Road,E01015669,Peterborough 019B,Violence and sexual offences,Unable to prosecute suspect,
20adfaf7b48d7b5623ebfa961a30bfe3e0ed21fa2ca5f5b4989a85e0d62b6fc2,2022-06,Cambridgeshire Constabulary,Cambridgeshire Constabulary,-0.221312,52.549778,On or near Sydney Road,E01015669,Peterborough 019B,Violence and sexual offences,Unable to prosecute suspect,
19f4609149d576de4e22f4c6255b1881613b8baf43053a354fd698128f5a5eae,2022-06,Cambridgeshire Constabulary,Cambridgeshire Constabulary,-0.225436,52.552825,On or near Sports/Recreation Area,E01015669,Peterborough 019B,Violence and sexual offences,Investigation complete; no suspect identified,
22fd3446f9b2899a9f6bc5a1fc6a4c7ef7a6b94d0f5a0f019eeaac8e124eddc0,2022-06,Cambridgeshire Constabulary,Cambridgeshire Constabulary,-0.221816,52.552250,On or near Stukeley Close,E01015669,Peterborough 019B,Violence and sexual offences,Status update unavailable,
9b58b51e01e03e75ec343c7e98e9018270453d2f3fb7f2077946c0938c934865,2022-06,Cambridgeshire Constabulary,Cambridgeshire Constabulary,-0.225436,52.552825,On or near Sports/Recreation Area,E01015669,Peterborough 019B,Violence and sexual offences,Investigation complete; no suspect identified,
b413f924b94e7389b01884693d22e010b8cfcf0c379ca91cd92ccb6448c9b0f5,2022-06,Cambridgeshire Constabulary,Cambridgeshire Constabulary,-0.219982,52.554209,On or near Supermarket,E01015670,Peterborough 019C,Burglary,Investigation complete; no suspect identified,
5064079cc8b0e4bae3db04643641e583d07a7701c8fd3e27b81ab1eff077edbe,2022-06,Cambridgeshire Constabulary,Cambridgeshire Constabulary,-0.215620,52.550457,On or near Whittlesey Road,E01015670,Peterborough 019C,Other theft,Investigation complete; no suspect identified,
a6a83f814b56a0f897f75d83538d74ba17e1bcab047413abd92d10e3c71e1e8c,2022-06,Cambridgeshire Constabulary,Cambridgeshire Constabulary,-0.211820,52.548512,On or near Grafham Close,E01015670,Peterborough 019C,Violence and sexual offences,Unable to prosecute suspect,
9c88318c3d1d6911d79d28777c0d6f80e6fc1d9e1f744e7d700608e12fa994f1,2022-06,Cambridgeshire Constabulary,Cambridgeshire Constabulary,-0.216936,52.552940,On or near St Audrey Close,E01015670,Peterborough 019C,Violence and sexual offences,Unable to prosecute suspect,
a84b42f7a6614ebb3dab623b3e19364e44e1f5b3ff8f52b8bdad3400375f47f3,2022-06,Cambridgeshire Constabulary,Cambridgeshire Constabulary,-0.211820,52.548512,On or near Grafham Close,E01015670,Peterborough 019C,Violence and sexual offences,Unable to prosecute suspect,
0ed1971c804c14115fba52fda81e72c15623ce48f1ee71775b10e39704ce04c4,2022-06,Cambridgeshire Constabulary,Cambridgeshire Constabulary,-0.211820,52.548512,On or near Grafham Close,E01015670,Peterborough 019C,Violence and sexual offences,Unable to prosecute suspect,
f3450148828b9c2af7fb706b6e5a86c15c481bf34b0a770a9b8e30ba128f0fea,2022-06,Cambridgeshire Constabulary,Cambridgeshire Constabulary,-0.218304,52.553761,On or near Lawson Avenue,E01015670,Peterborough 019C,Violence and sexual offences,Unable to prosecute suspect,
fb93169dd0a5bba5016261a2b1c537cdbfeee8159791dcf08cc70018e521ef3e,2022-06,Cambridgeshire Constabulary,Cambridgeshire Constabulary,-0.219982,52.554209,On or near Supermarket,E01015670,Peterborough 019C,Violence and sexual offences,Investigation complete; no suspect identified,
1851335db8a77769b707caa738db02d13c9d87e117be686f15fe2507e2eb78eb,2022-06,Cambridgeshire Constabulary,Cambridgeshire Constabulary,-0.211820,52.548512,On or near Grafham Close,E01015670,Peterborough 019C,Violence and sexual offences,Investigation complete; no suspect identified,
509e54a41415fb7734df7540065ba0dd1672d14bc10de23ea9fa37a6c50d79ae,2022-06,Cambridgeshire Constabulary,Cambridgeshire Constabulary,-0.218109,52.552383,On or near Spencer Avenue,E01015670,Peterborough 019C,Violence and sexual offences,Further action is not in the public interest,
ed656dffb9707e8f060ea1e8b253c78cbfe50cbfe543c3fcae20bc7b5ef82445,2022-06,Cambridgeshire Constabulary,Cambridgeshire Constabulary,-0.211820,52.548512,On or near Grafham Close,E01015670,Peterborough 019C,Violence and sexual offences,Investigation complete; no suspect identified,
e28988068b9ba41e14045899663bf7e2851ea0d9225dabe5b0760386e12515da,2022-06,Cambridgeshire Constabulary,Cambridgeshire Constabulary,-0.211820,52.548512,On or near Grafham Close,E01015670,Peterborough 019C,Violence and sexual offences,Unable to prosecute suspect,
6d4732abdda827182837d724b09b403d83bd6ba1f13a6276f53bd2f67549cef2,2022-06,Cambridgeshire Constabulary,Cambridgeshire Constabulary,-0.219184,52.553154,On or near Byron Close,E01015670,Peterborough 019C,Violence and sexual offences,Unable to prosecute suspect,
e932aef083186732281825770eb6abcfa601069bb5c781871fb43540efe25c30,2022-06,Cambridgeshire Constabulary,Cambridgeshire Constabulary,-0.211820,52.548512,On or near Grafham Close,E01015670,Peterborough 019C,Violence and sexual offences,Unable to prosecute suspect,
a82f3f1224f481a066d4d078607f99c5a0f0eefe0c349458a8703bdbf63edfa3,2022-06,Cambridgeshire Constabulary,Cambridgeshire Constabulary,-0.219184,52.553154,On or near Byron Close,E01015670,Peterborough 019C,Violence and sexual offences,Unable to prosecute suspect,
,2022-06,Cambridgeshire Constabulary,Cambridgeshire Constabulary,-0.215363,52.547720,On or near Oakdale Avenue,E01015671,Peterborough 019D,Anti-social behaviour,,
,2022-06,Cambridgeshire Constabulary,Cambridgeshire Constabulary,-0.218562,52.547750,On or near Mina Close,E01015671,Peterborough 019D,Anti-social behaviour,,
,2022-06,Cambridgeshire Constabulary,Cambridgeshire Constabulary,-0.239445,52.533407,On or near Park/Open Space,E01015671,Peterborough 019D,Anti-social behaviour,,
731c488acc7e2e4fbc24f0b5e3d9ceeedd9525602c5df86cd2d8fa0b6b1ae0d9,2022-06,Cambridgeshire Constabulary,Cambridgeshire Constabulary,-0.226102,52.549859,On or near Sports/Recreation Area,E01015671,Peterborough 019D,Bicycle theft,Investigation complete; no suspect identified,
28d85b9dcd9a33c08d534503cecfbb24711836db62f22e1ed390a38f76d25382,2022-06,Cambridgeshire Constabulary,Cambridgeshire Constabulary,-0.215363,52.547720,On or near Oakdale Avenue,E01015671,Peterborough 019D,Other theft,Investigation complete; no suspect identified,
6fb5ac7da109f70908960643046e2ccff573a1656dadf4cbbad47d6941c79e65,2022-06,Cambridgeshire Constabulary,Cambridgeshire Constabulary,-0.208403,52.548766,On or near Barham Close,E01015671,Peterborough 019D,Other theft,Investigation complete; no suspect identified,
60c892b2afee11d11b413cc6c0a8b29d04344524236e4fb49d19b0d01afc85a5,2022-06,Cambridgeshire Constabulary,Cambridgeshire Constabulary,-0.215363,52.547720,On or near Oakdale Avenue,E01015671,Peterborough 019D,Other theft,Investigation complete; no suspect identified,
68e70e17cce73672b7a57053c30b6ce5fb4395e17e9a870f8c36dba431bc4c7e,2022-06,Cambridgeshire Constabulary,Cambridgeshire Constabulary,-0.215363,52.547720,On or near Oakdale Avenue,E01015671,Peterborough 019D,Other theft,Investigation complete; no suspect identified,
8fbeb8b196391b35b713a406c924907c298f32ec3edfe5f661fffcaf49ad5f4b,2022-06,Cambridgeshire Constabulary,Cambridgeshire Constabulary,-0.215363,52.547720,On or near Oakdale Avenue,E01015671,Peterborough 019D,Other theft,Investigation complete; no suspect identified,
f0ff73e8e3c28990fbf5f6622705b34daca9aa98d3f3bdd86e006cefec180a9a,2022-06,Cambridgeshire Constabulary,Cambridgeshire Constabulary,-0.215363,52.547720,On or near Oakdale Avenue,E01015671,Peterborough 019D,Other theft,Investigation complete; no suspect identified,
473eadb2a64d0103459a44939ac758e07c60414dfe34ee62ab0910446afa4f00,2022-06,Cambridgeshire Constabulary,Cambridgeshire Constabulary,-0.215363,52.547720,On or near Oakdale Avenue,E01015671,Peterborough 019D,Other theft,Investigation complete; no suspect identified,
d8bd000f93fd0bac66f68beac77a2d5acd8f109eb10cf9ff5740d9d083801736,2022-06,Cambridgeshire Constabulary,Cambridgeshire Constabulary,-0.215363,52.547720,On or near Oakdale Avenue,E01015671,Peterborough 019D,Other theft,Investigation complete; no suspect identified,
05da9e225da535a5c388812403f33bcd43c41759399462599f0b338fb830ede6,2022-06,Cambridgeshire Constabulary,Cambridgeshire Constabulary,-0.215363,52.547720,On or near Oakdale Avenue,E01015671,Peterborough 019D,Other theft,Investigation complete; no suspect identified,
e15efa1bea1591062f163745b7b530e4774cd3e59c075b9902d5bab0b3e9a841,2022-06,Cambridgeshire Constabulary,Cambridgeshire Constabulary,-0.221975,52.547963,On or near Bew Close,E01015671,Peterborough 019D,Possession of weapons,Status update unavailable,
13e1c72086984c7dc7688a28dedd61db9232905bdc11a3718d1a271407f61e3e,2022-06,Cambridgeshire Constabulary,Cambridgeshire Constabulary,-0.208403,52.548766,On or near Barham Close,E01015671,Peterborough 019D,Possession of weapons,Unable to prosecute suspect,
b96ecb26732ba6be766d6f99ef224c6f2c42e0fd8c73d1ef43cf754c6ecd557f,2022-06,Cambridgeshire Constabulary,Cambridgeshire Constabulary,-0.228519,52.548070,On or near Peterborough Road,E01015671,Peterborough 019D,Public order,Unable to prosecute suspect,
d63a38c2e607b17e88522239cb72a85ec8efa372ce6675e33c7ec68653b87fa0,2022-06,Cambridgeshire Constabulary,Cambridgeshire Constabulary,-0.228227,52.551662,On or near Heatherdale Close,E01015671,Peterborough 019D,Public order,Investigation complete; no suspect identified,
3ca846e1b44101a822d7c20cb313bc8d38cb00f977f7100112d8eca7fc9f48aa,2022-06,Cambridgeshire Constabulary,Cambridgeshire Constabulary,-0.239445,52.533407,On or near Park/Open Space,E01015671,Peterborough 019D,Public order,Unable to prosecute suspect,
857301b4b17be9d7e113e60219ffa9dfa8405c77d801e05d9d47fb748831a647,2022-06,Cambridgeshire Constabulary,Cambridgeshire Constabulary,-0.228519,52.548070,On or near Peterborough Road,E01015671,Peterborough 019D,Public order,Unable to prosecute suspect,
0a5a1c13305b35fe56919c88a2846a784f3c533eb44eb9bcaeb557c201a01717,2022-06,Cambridgeshire Constabulary,Cambridgeshire Constabulary,-0.208403,52.548766,On or near Barham Close,E01015671,Peterborough 019D,Public order,Investigation complete; no suspect identified,
bfdd276f32ae3a02e08677903c370815f03346090965e7e7f494a949489f0929,2022-06,Cambridgeshire Constabulary,Cambridgeshire Constabulary,-0.228519,52.548070,On or near Peterborough Road,E01015671,Peterborough 019D,Robbery,Unable to prosecute suspect,
f27a6830981a21f241b0ca46456f50582476995351eabbe3c222a509a91d617c,2022-06,Cambridgeshire Constabulary,Cambridgeshire Constabulary,-0.218990,52.550301,On or near Central Square,E01015671,Peterborough 019D,Shoplifting,Unable to prosecute suspect,
3fab5bf7c51dff40d37479241b46a7f226d43e78dd192b28bc61aefd60dadf20,2022-06,Cambridgeshire Constabulary,Cambridgeshire Constabulary,-0.215363,52.547720,On or near Oakdale Avenue,E01015671,Peterborough 019D,Theft from the person,Offender given a caution,
c1418e6eda00c122cd7545375ab491ae452352a710b03bc2bcaf179aa5b34f6f,2022-06,Cambridgeshire Constabulary,Cambridgeshire Constabulary,-0.229123,52.548826,On or near Buntings Lane,E01015671,Peterborough 019D,Vehicle crime,Investigation complete; no suspect identified,
f4a26f2ed02fb4df5d97c1ef313b591180b0af1a66e9017b02bd217843fe59c8,2022-06,Cambridgeshire Constabulary,Cambridgeshire Constabulary,-0.221975,52.547963,On or near Bew Close,E01015671,Peterborough 019D,Vehicle crime,Investigation complete; no suspect identified,
db570a87862212cf85f2c2addfd6303104ab2574e353f94a403a16aa2e6cb0c3,2022-06,Cambridgeshire Constabulary,Cambridgeshire Constabulary,-0.208403,52.548766,On or near Barham Close,E01015671,Peterborough 019D,Vehicle crime,Investigation complete; no suspect identified,
606d79768b65397a68ec49501e3ca84fa934b0c01c225b3ef78f7f76d7cdf720,2022-06,Cambridgeshire Constabulary,Cambridgeshire Constabulary,-0.221975,52.547963,On or near Bew Close,E01015671,Peterborough 019D,Violence and sexual offences,Unable to prosecute suspect,
2f73fbb3fe2600dab8160c6b0d993c5e5487c1b117da6736d0b4e8edddd59021,2022-06,Cambridgeshire Constabulary,Cambridgeshire Constabulary,-0.228519,52.548070,On or near Peterborough Road,E01015671,Peterborough 019D,Violence and sexual offences,Investigation complete; no suspect identified,
dd686cb261b9b9392301a7e3b4fb737f90f9438bec404618568adf45778a0a47,2022-06,Cambridgeshire Constabulary,Cambridgeshire Constabulary,-0.228519,52.548070,On or near Peterborough Road,E01015671,Peterborough 019D,Violence and sexual offences,Unable to prosecute suspect,
49ee6c9e5ffc9523932373e361ff2c2fa399912702e9a668a09c5c0977d2f1ed,2022-06,Cambridgeshire Constabulary,Cambridgeshire Constabulary,-0.208403,52.548766,On or near Barham Close,E01015671,Peterborough 019D,Violence and sexual offences,Unable to prosecute suspect,
e164742d78f04a84f359f0fad9f29399048ed098942e8c417c776557c8c039fc,2022-06,Cambridgeshire Constabulary,Cambridgeshire Constabulary,-0.215363,52.547720,On or near Oakdale Avenue,E01015671,Peterborough 019D,Violence and sexual offences,Status update unavailable,
ac0cbb47d15c08da2b0c62f7e5fa1e23ed62ffeec44b7d99d0d26c2cab192159,2022-06,Cambridgeshire Constabulary,Cambridgeshire Constabulary,-0.215363,52.547720,On or near Oakdale Avenue,E01015671,Peterborough 019D,Violence and sexual offences,Unable to prosecute suspect,
2ee62fd2131fade5956405d68b3aaf5708484aa72b621f15fb32df101b26f4fd,2022-06,Cambridgeshire Constabulary,Cambridgeshire Constabulary,-0.215363,52.547720,On or near Oakdale Avenue,E01015671,Peterborough 019D,Violence and sexual offences,Unable to prosecute suspect,
6fddc4b3a536ad0b66a854189dc9f1a69ec1fc95f4913b65352b2dc5318ad70a,2022-06,Cambridgeshire Constabulary,Cambridgeshire Constabulary,-0.208403,52.548766,On or near Barham Close,E01015671,Peterborough 019D,Violence and sexual offences,Unable to prosecute suspect,
4bbd7df6ffc4c784aabcd476782d5b5bb3a7fb899dc96ccff75a766c57584882,2022-06,Cambridgeshire Constabulary,Cambridgeshire Constabulary,-0.218562,52.547750,On or near Mina Close,E01015671,Peterborough 019D,Violence and sexual offences,Unable to prosecute suspect,
11d0c4070c99e90945776a69e2d73012b58c3c6b13227d9da83f6065c233a48b,2022-06,Cambridgeshire Constabulary,Cambridgeshire Constabulary,-0.228519,52.548070,On or near Peterborough Road,E01015671,Peterborough 019D,Violence and sexual offences,Local resolution,
aec45a48b9d42c0d69cbc439ec34b06060baaaafb95916ae14e04b5850388c64,2022-06,Cambridgeshire Constabulary,Cambridgeshire Constabulary,-0.218990,52.550301,On or near Central Square,E01015671,Peterborough 019D,Violence and sexual offences,Local resolution,
22f3976a6605e32feb392fe62a6048eb4d3eb7c171bb5300403f0f2a6494957e,2022-06,Cambridgeshire Constabulary,Cambridgeshire Constabulary,-0.221975,52.547963,On or near Bew Close,E01015671,Peterborough 019D,Violence and sexual offences,Investigation complete; no suspect identified,
5456e08a891c51a5a03c4fad78fc6abcfd5dd7425a91586b4227bf585c791103,2022-06,Cambridgeshire Constabulary,Cambridgeshire Constabulary,-0.215363,52.547720,On or near Oakdale Avenue,E01015671,Peterborough 019D,Violence and sexual offences,Status update unavailable,
bc234dab5a0ef0e7b10047902d1edb1d798fb7775a639d8f5eea40acea7e6cbb,2022-06,Cambridgeshire Constabulary,Cambridgeshire Constabulary,-0.208403,52.548766,On or near Barham Close,E01015671,Peterborough 019D,Violence and sexual offences,Unable to prosecute suspect,
04d0f22f50f5dd2fc7ce97ad923ac6fd96281e7ef247da6cbbb93d3f93deddb3,2022-06,Cambridgeshire Constabulary,Cambridgeshire Constabulary,-0.228519,52.548070,On or near Peterborough Road,E01015671,Peterborough 019D,Violence and sexual offences,Action to be taken by another organisation,
c938a8dbf8e71a4dccf189c56b37995515e267f887cc4536e9c6cdae2e567d49,2022-06,Cambridgeshire Constabulary,Cambridgeshire Constabulary,-0.228519,52.548070,On or near Peterborough Road,E01015671,Peterborough 019D,Violence and sexual offences,Unable to prosecute suspect,
d760f299b90839b652ca3f6cb0dc6c77fa33d20177a24d23e4cf54631127ad9c,2022-06,Cambridgeshire Constabulary,Cambridgeshire Constabulary,-0.209553,52.551669,On or near Ibbott Close,E01015672,Peterborough 019E,Violence and sexual offences,Unable to prosecute suspect,
00bc9aa26b9cd0c60e66057fac7e7069cb674177623817898e0e01a7925113d3,2022-06,Cambridgeshire Constabulary,Cambridgeshire Constabulary,-0.205001,52.549361,On or near Peckover Close,E01015672,Peterborough 019E,Violence and sexual offences,Unable to prosecute suspect,
1eae65164fa28c464fd828992ef34d4075a71c5de1fa19ba09633ddfbb537b26,2022-06,Cambridgeshire Constabulary,Cambridgeshire Constabulary,-0.203037,52.549422,On or near Beeston Drive,E01015672,Peterborough 019E,Violence and sexual offences,Investigation complete; no suspect identified,
,2022-06,Cambridgeshire Constabulary,Cambridgeshire Constabulary,-0.209498,52.554842,On or near Sandpiper Drive,E01015673,Peterborough 019F,Anti-social behaviour,,
123afb8e172fee01fb85580d3d3eabd262d4191721a5165f6a03726fda13e409,2022-06,Cambridgeshire Constabulary,Cambridgeshire Constabulary,-0.209498,52.554842,On or near Sandpiper Drive,E01015673,Peterborough 019F,Criminal damage and arson,Investigation complete; no suspect identified,
2bc915ddc30a334af0edb2e77af2549c34690c4de51895a6d882b4ea860b7cb9,2022-06,Cambridgeshire Constabulary,Cambridgeshire Constabulary,-0.207103,52.552801,On or near Belsay Drive,E01015673,Peterborough 019F,Criminal damage and arson,Unable to prosecute suspect,
6349999eeff92195705631140718249b1d275e899f99e4b6ed1cf464dd8ebd63,2022-06,Cambridgeshire Constabulary,Cambridgeshire Constabulary,-0.207860,52.554125,On or near Fen View,E01015673,Peterborough 019F,Public order,Investigation complete; no suspect identified,
4db4949b3a96fced483ff914f692d05b98ddd784265f5f584268ad70d0c26fa1,2022-06,Cambridgeshire Constabulary,Cambridgeshire Constabulary,-0.207440,52.551035,On or near Portchester Close,E01015673,Peterborough 019F,Public order,Unable to prosecute suspect,
bd47605803ee145ecd0af78de7b346acb83eb4d3c30ac801482e5157db01950a,2022-06,Cambridgeshire Constabulary,Cambridgeshire Constabulary,-0.207440,52.551035,On or near Portchester Close,E01015673,Peterborough 019F,Public order,Unable to prosecute suspect,
80c42fadca3df9eeeed1902133a905e27d34e5b8d33efc0153e57a9863d2c441,2022-06,Cambridgeshire Constabulary,Cambridgeshire Constabulary,-0.211952,52.555796,On or near Havelock Drive,E01015673,Peterborough 019F,Violence and sexual offences,Unable to prosecute suspect,
df2228fcb96072311b2e2eab5a748bb929ee6e50d7d995cf8db7c784a3a19a7c,2022-06,Cambridgeshire Constabulary,Cambridgeshire Constabulary,-0.211952,52.555796,On or near Havelock Drive,E01015673,Peterborough 019F,Violence and sexual offences,Unable to prosecute suspect,
bdd125eae47e92bdf7ef7d5212ab31898edfe6a752a9f446104b7aa53c4e971f,2022-06,Cambridgeshire Constabulary,Cambridgeshire Constabulary,-0.211952,52.555796,On or near Havelock Drive,E01015673,Peterborough 019F,Violence and sexual offences,Unable to prosecute suspect,
2eb8c6c65091d8019066362fd04bc06b710a89285c5ce62843d2b7c77213f897,2022-06,Cambridgeshire Constabulary,Cambridgeshire Constabulary,-0.207103,52.552801,On or near Belsay Drive,E01015673,Peterborough 019F,Violence and sexual offences,Unable to prosecute suspect,
862fdabefc00e005e9d774cd029930bb80911861756caa6b41f60b053abb4ff6,2022-06,Cambridgeshire Constabulary,Cambridgeshire Constabulary,-0.207103,52.552801,On or near Belsay Drive,E01015673,Peterborough 019F,Violence and sexual offences,Unable to prosecute suspect,
,2022-06,Cambridgeshire Constabulary,Cambridgeshire Constabulary,-0.294395,52.542151,On or near Pedestrian Subway,E01015637,Peterborough 021A,Anti-social behaviour,,
,2022-06,Cambridgeshire Constabulary,Cambridgeshire Constabulary,-0.295639,52.543158,On or near Medworth,E01015637,Peterborough 021A,Anti-social behaviour,,
,2022-06,Cambridgeshire Constabulary,Cambridgeshire Constabulary,-0.295916,52.540950,On or near Beckingham,E01015637,Peterborough 021A,Anti-social behaviour,,
d5d17062e34137b4fc5fef2fbd54698191eaa8a761e276b3137b975d7016d601,2022-06,Cambridgeshire Constabulary,Cambridgeshire Constabulary,-0.298280,52.543501,On or near Pennington,E01015637,Peterborough 021A,Criminal damage and arson,Unable to prosecute suspect,
b0cce8ba1318dc80497efede7ed01cad1b44c52241c85c35e53a0d953db256ef,2022-06,Cambridgeshire Constabulary,Cambridgeshire Constabulary,-0.298280,52.543501,On or near Pennington,E01015637,Peterborough 021A,Drugs,Unable to prosecute suspect,
2ae2d9d99db709ea1d0f1c8ef7a94fdcc02746e1d381249b3ddff10b6ca5b32b,2022-06,Cambridgeshire Constabulary,Cambridgeshire Constabulary,-0.298280,52.543501,On or near Pennington,E01015637,Peterborough 021A,Possession of weapons,Unable to prosecute suspect,
f70ddc72d436ec9334dbc4e704b477246f6110177f0c2aa3c7d687064dd2779a,2022-06,Cambridgeshire Constabulary,Cambridgeshire Constabulary,-0.295674,52.539580,On or near Osprey,E01015637,Peterborough 021A,Public order,Investigation complete; no suspect identified,
443bcb3c22571567bf100ad0b60bf2f93e1935eb8d8d22c23e3954fc3c461906,2022-06,Cambridgeshire Constabulary,Cambridgeshire Constabulary,-0.295639,52.543158,On or near Medworth,E01015637,Peterborough 021A,Public order,Status update unavailable,
69e7e71438751893c96b2d0fdbcb7829620e6d371b01dba93c5bb74611dd0ebd,2022-06,Cambridgeshire Constabulary,Cambridgeshire Constabulary,-0.295916,52.540950,On or near Beckingham,E01015637,Peterborough 021A,Public order,Unable to prosecute suspect,
81568ec09633c0ac6fe5f1cac92f4d6623df32aee50a5826d444357d9b69c6a4,2022-06,Cambridgeshire Constabulary,Cambridgeshire Constabulary,-0.296055,52.544593,On or near Marsham,E01015637,Peterborough 021A,Vehicle crime,Investigation complete; no suspect identified,
48c6c53264e17894401450cc66fd61b664cabff315fba531ab6b70668b895dc4,2022-06,Cambridgeshire Constabulary,Cambridgeshire Constabulary,-0.295639,52.543158,On or near Medworth,E01015637,Peterborough 021A,Violence and sexual offences,Court result unavailable,
62d488a31b03445185a86d798ef19382a42bfd61e8e27f1397aee48eddf26e63,2022-06,Cambridgeshire Constabulary,Cambridgeshire Constabulary,-0.296233,52.541530,On or near Collingham,E01015637,Peterborough 021A,Violence and sexual offences,Unable to prosecute suspect,
60248e01a6aa1884e4c9c2d4d6863c80093ceee5279dff6861f107a78003b854,2022-06,Cambridgeshire Constabulary,Cambridgeshire Constabulary,-0.295916,52.540950,On or near Beckingham,E01015637,Peterborough 021A,Violence and sexual offences,Investigation complete; no suspect identified,
ca81a2357c77f2cedc5341f0a22186f35ce853e402d484349a3569a894491181,2022-06,Cambridgeshire Constabulary,Cambridgeshire Constabulary,-0.294395,52.542151,On or near Pedestrian Subway,E01015637,Peterborough 021A,Violence and sexual offences,Unable to prosecute suspect,
11cf58e0a171e4d6fe28cdfd6b1d0ce32b7651e3c23adc5926c0e1af6c2f0b73,2022-06,Cambridgeshire Constabulary,Cambridgeshire Constabulary,-0.295639,52.543158,On or near Medworth,E01015637,Peterborough 021A,Violence and sexual offences,Investigation complete; no suspect identified,
b482873005d86919bd66012f2df094cc25e124151491ca95071dfc97adf3dcbb,2022-06,Cambridgeshire Constabulary,Cambridgeshire Constabulary,-0.294395,52.542151,On or near Pedestrian Subway,E01015637,Peterborough 021A,Violence and sexual offences,Unable to prosecute suspect,
edac42053b3aa27c0aff62145cf7764455df67ca38bd8c96d930d7d5ab746f6e,2022-06,Cambridgeshire Constabulary,Cambridgeshire Constabulary,-0.294395,52.542151,On or near Pedestrian Subway,E01015637,Peterborough 021A,Violence and sexual offences,Investigation complete; no suspect identified,
,2022-06,Cambridgeshire Constabulary,Cambridgeshire Constabulary,-0.276205,52.547606,On or near Pedestrian Subway,E01015639,Peterborough 021B,Anti-social behaviour,,
,2022-06,Cambridgeshire Constabulary,Cambridgeshire Constabulary,-0.271948,52.548227,On or near Eldern,E01015639,Peterborough 021B,Anti-social behaviour,,
,2022-06,Cambridgeshire Constabulary,Cambridgeshire Constabulary,-0.268088,52.547748,On or near Leighton,E01015639,Peterborough 021B,Anti-social behaviour,,
,2022-06,Cambridgeshire Constabulary,Cambridgeshire Constabulary,-0.276205,52.547606,On or near Pedestrian Subway,E01015639,Peterborough 021B,Anti-social behaviour,,
,2022-06,Cambridgeshire Constabulary,Cambridgeshire Constabulary,-0.269763,52.549391,On or near Wildlake,E01015639,Peterborough 021B,Anti-social behaviour,,
dd4c5da954fb154dd90ed225369575a22efec3261ba4bc5151db435573572387,2022-06,Cambridgeshire Constabulary,Cambridgeshire Constabulary,-0.269763,52.549391,On or near Wildlake,E01015639,Peterborough 021B,Burglary,Court result unavailable,
88d2c8deb16140df8598f6fa4bb3e7c8aecbb6dbe331e3f1a8fc8996c9b2c6f3,2022-06,Cambridgeshire Constabulary,Cambridgeshire Constabulary,-0.276205,52.547606,On or near Pedestrian Subway,E01015639,Peterborough 021B,Burglary,Investigation complete; no suspect identified,
9ba56665b7d0c3938532eb1808199d9acef64548b3fefa60112c6e2516e58bc9,2022-06,Cambridgeshire Constabulary,Cambridgeshire Constabulary,-0.269763,52.549391,On or near Wildlake,E01015639,Peterborough 021B,Criminal damage and arson,Court result unavailable,
dfd6fe3f683369b06c51bca3b8e72fff3fd147c3319a61f870844f8978b58ec9,2022-06,Cambridgeshire Constabulary,Cambridgeshire Constabulary,-0.271948,52.548227,On or near Eldern,E01015639,Peterborough 021B,Criminal damage and arson,Investigation complete; no suspect identified,
d49f15472695a0206eda9a514ce180cf2b26eaf6f7e04628f4048aba3df4902c,2022-06,Cambridgeshire Constabulary,Cambridgeshire Constabulary,-0.268263,52.549656,On or near Toftland,E01015639,Peterborough 021B,Criminal damage and arson,Investigation complete; no suspect identified,
d90c81b075861fb200d188fe8221049b65a906da74efcc4f3079898e7881001a,2022-06,Cambridgeshire Constabulary,Cambridgeshire Constabulary,-0.271948,52.548227,On or near Eldern,E01015639,Peterborough 021B,Criminal damage and arson,Investigation complete; no suspect identified,
abcbd761a2888f022c0324adab77b02d25838269c785597fc7743b8afec7a477,2022-06,Cambridgeshire Constabulary,Cambridgeshire Constabulary,-0.273829,52.547274,On or near Brewerne,E01015639,Peterborough 021B,Other theft,Investigation complete; no suspect identified,
d221dd905ca643c344d505f0b653796ac2a9c243a37f6c07374c7b7e969ee967,2022-06,Cambridgeshire Constabulary,Cambridgeshire Constabulary,-0.269763,52.549391,On or near Wildlake,E01015639,Peterborough 021B,Other theft,Unable to prosecute suspect,
28d28f31470807a1851c0585b437bab61bbcd89dd73328446d20cbcc75f215e2,2022-06,Cambridgeshire Constabulary,Cambridgeshire Constabulary,-0.276011,52.546919,On or near Malborne Way,E01015639,Peterborough 021B,Public order,Investigation complete; no suspect identified,
cfe3f7cabc1657bc16cb66f7b596f172c19fa774a155e553ff9f68135fce613f,2022-06,Cambridgeshire Constabulary,Cambridgeshire Constabulary,-0.268263,52.549656,On or near Toftland,E01015639,Peterborough 021B,Public order,Unable to prosecute suspect,
f909f27c81b1052572ce77a28c7b8569f7e531ffac3d4370e878ca34872c2dab,2022-06,Cambridgeshire Constabulary,Cambridgeshire Constabulary,-0.268088,52.547748,On or near Leighton,E01015639,Peterborough 021B,Vehicle crime,Investigation complete; no suspect identified,
d66b4c04de475d28aed8bfb3997e639bb93a296c40d359882430182a8b04d474,2022-06,Cambridgeshire Constabulary,Cambridgeshire Constabulary,-0.268088,52.547748,On or near Leighton,E01015639,Peterborough 021B,Vehicle crime,Investigation complete; no suspect identified,
1bfdbc9217cee49134ba3622e26f5ac51182dac95787a4e0124ee5f27b95eb20,2022-06,Cambridgeshire Constabulary,Cambridgeshire Constabulary,-0.268088,52.547748,On or near Leighton,E01015639,Peterborough 021B,Vehicle crime,Investigation complete; no suspect identified,
0be86faa34ea5f088cc70e3fd90b3ae78c898ed4abe13c04584ef18c7a44ff2c,2022-06,Cambridgeshire Constabulary,Cambridgeshire Constabulary,-0.270854,52.548274,On or near Parking Area,E01015639,Peterborough 021B,Violence and sexual offences,Unable to prosecute suspect,
231e29ba7e0114f3be19e1d3b817f23be156d9a414d11c28384370431020cdcd,2022-06,Cambridgeshire Constabulary,Cambridgeshire Constabulary,-0.269763,52.549391,On or near Wildlake,E01015639,Peterborough 021B,Violence and sexual offences,Court result unavailable,
159c745977088465f233b60f45f95537dc8edcf1615c8d15fd2ad8d203e38cd6,2022-06,Cambridgeshire Constabulary,Cambridgeshire Constabulary,-0.268263,52.549656,On or near Toftland,E01015639,Peterborough 021B,Violence and sexual offences,Local resolution,
cfbb769ba9be2f36bff47d00328c7ad08e9899559d440749bc4e113743f30fe0,2022-06,Cambridgeshire Constabulary,Cambridgeshire Constabulary,-0.276205,52.547606,On or near Pedestrian Subway,E01015639,Peterborough 021B,Violence and sexual offences,Unable to prosecute suspect,
2335b481ee1184eed1c70e1e1b1080fcf4e1bee0ef2efbb116c71150f12ba546,2022-06,Cambridgeshire Constabulary,Cambridgeshire Constabulary,-0.269763,52.549391,On or near Wildlake,E01015639,Peterborough 021B,Violence and sexual offences,Unable to prosecute suspect,
77b3b43ee5321eb2c835373accdfe9694fe3d0ac1bfb289858e1055b7a9e29a9,2022-06,Cambridgeshire Constabulary,Cambridgeshire Constabulary,-0.269763,52.549391,On or near Wildlake,E01015639,Peterborough 021B,Violence and sexual offences,Status update unavailable,
f81d73ec5ffb68f038d30a8954a6cbad6b99ef089639864756a2af9592758db8,2022-06,Cambridgeshire Constabulary,Cambridgeshire Constabulary,-0.273829,52.547274,On or near Brewerne,E01015639,Peterborough 021B,Violence and sexual offences,Unable to prosecute suspect,
f89d80583b905a2ab7209b1c741428da77953e4162ea318ef504ac0b88c24f80,2022-06,Cambridgeshire Constabulary,Cambridgeshire Constabulary,-0.269763,52.549391,On or near Wildlake,E01015639,Peterborough 021B,Violence and sexual offences,Unable to prosecute suspect,
0d6193efbad4b832664d5e531049e8afe66f816f4a896b2c03d55b2567816e9c,2022-06,Cambridgeshire Constabulary,Cambridgeshire Constabulary,-0.269763,52.549391,On or near Wildlake,E01015639,Peterborough 021B,Violence and sexual offences,Court result unavailable,
c8adbc5ed3d6aa00678a7bd6320a86a9c699de9a6ec526ac61e511a2bed40a25,2022-06,Cambridgeshire Constabulary,Cambridgeshire Constabulary,-0.270854,52.548274,On or near Parking Area,E01015639,Peterborough 021B,Violence and sexual offences,Action to be taken by another organisation,
8405063784836c96177bcbbe80e24a971314a39d36d646b1a5ae259cdad78de1,2022-06,Cambridgeshire Constabulary,Cambridgeshire Constabulary,-0.274692,52.548204,On or near Shortfen,E01015639,Peterborough 021B,Violence and sexual offences,Status update unavailable,
4e1c0d2b65d4d6e3acb574ce3da58300dd80da4226837c967f20e6ab58ede368,2022-06,Cambridgeshire Constabulary,Cambridgeshire Constabulary,-0.273829,52.547274,On or near Brewerne,E01015639,Peterborough 021B,Violence and sexual offences,Unable to prosecute suspect,
afedc61a6e6915ee2016c74b3cd46d2b85c06ea2158a352ff1475519229daf3c,2022-06,Cambridgeshire Constabulary,Cambridgeshire Constabulary,-0.274692,52.548204,On or near Shortfen,E01015639,Peterborough 021B,Violence and sexual offences,Unable to prosecute suspect,
72ab908e2ad497ccfd63730c53a84769974990c33f87a0550cd219c9dff24a92,2022-06,Cambridgeshire Constabulary,Cambridgeshire Constabulary,-0.269763,52.549391,On or near Wildlake,E01015639,Peterborough 021B,Violence and sexual offences,Unable to prosecute suspect,
8a924be6b776283634eaef968d1b7d95f63c74d61362ec5c2e5eb7055824ad4a,2022-06,Cambridgeshire Constabulary,Cambridgeshire Constabulary,-0.281194,52.547130,On or near Sellers Grange,E01015640,Peterborough 021C,Criminal damage and arson,Unable to prosecute suspect,
9460692f054e2a37c272ee800f7735ffaf7e20c578dd940e3fa2785a301aaf69,2022-06,Cambridgeshire Constabulary,Cambridgeshire Constabulary,-0.273947,52.545757,On or near Iris Drive,E01015640,Peterborough 021C,Drugs,Court result unavailable,
e51a28e4242a6a15d1f958bfacee97a42d23a6792f279f4029762fe7c5c67cfd,2022-06,Cambridgeshire Constabulary,Cambridgeshire Constabulary,-0.267802,52.546386,On or near Sports/Recreation Area,E01015640,Peterborough 021C,Other theft,Investigation complete; no suspect identified,
555f9ec04eaa4b345adba15c41db2cf21abbaca78a05f7ad9fef6ca6e5bfe3f8,2022-06,Cambridgeshire Constabulary,Cambridgeshire Constabulary,-0.267802,52.546386,On or near Sports/Recreation Area,E01015640,Peterborough 021C,Other theft,Investigation complete; no suspect identified,
f58f441a2efe2cbd88b54bf356617bce3c3eebbf1948734f46dfc4b5c75be094,2022-06,Cambridgeshire Constabulary,Cambridgeshire Constabulary,-0.277399,52.544233,On or near Holcroft,E01015640,Peterborough 021C,Possession of weapons,Unable to prosecute suspect,
665f63a0f4de06c234be38c1dbd72654facd9e5de26945d1722871dd901b7999,2022-06,Cambridgeshire Constabulary,Cambridgeshire Constabulary,-0.281194,52.547130,On or near Sellers Grange,E01015640,Peterborough 021C,Robbery,Investigation complete; no suspect identified,
49968958d7a52d6daef7c236bab505667d1a7da6f1ae509e40325ecf9458b900,2022-06,Cambridgeshire Constabulary,Cambridgeshire Constabulary,-0.281194,52.547130,On or near Sellers Grange,E01015640,Peterborough 021C,Vehicle crime,Investigation complete; no suspect identified,
88e027ecf781676a84e807d7fa7a0ac1618e52e848f144073da8ca320db33a22,2022-06,Cambridgeshire Constabulary,Cambridgeshire Constabulary,-0.281194,52.547130,On or near Sellers Grange,E01015640,Peterborough 021C,Vehicle crime,Investigation complete; no suspect identified,
c8ac5e08ab7e4a276628dcadbd040f0adf487182c524a440ef5cad87b02def1e,2022-06,Cambridgeshire Constabulary,Cambridgeshire Constabulary,-0.281194,52.547130,On or near Sellers Grange,E01015640,Peterborough 021C,Violence and sexual offences,Unable to prosecute suspect,
3d03e79ecaec6b0a617733144366dc604be082a1bb1687d6bc31af457ad7c7b5,2022-06,Cambridgeshire Constabulary,Cambridgeshire Constabulary,-0.277399,52.544233,On or near Holcroft,E01015640,Peterborough 021C,Violence and sexual offences,Unable to prosecute suspect,
d8ba73eb7757b8b9347bce3533733f6b9119882333c135d7a4533206e70e6e48,2022-06,Cambridgeshire Constabulary,Cambridgeshire Constabulary,-0.277761,52.545533,On or near Blackmead,E01015640,Peterborough 021C,Violence and sexual offences,Unable to prosecute suspect,
a21f7271d1990b3ab8bc78b0142449b6f65ada7311f3ba8ca44cdade41841459,2022-06,Cambridgeshire Constabulary,Cambridgeshire Constabulary,-0.277399,52.544233,On or near Holcroft,E01015640,Peterborough 021C,Violence and sexual offences,Unable to prosecute suspect,
83ab0d5c95541e770fd4f0ab9801f0ebe17642e3abff51a2d6e2e7593e81f17c,2022-06,Cambridgeshire Constabulary,Cambridgeshire Constabulary,-0.277761,52.545533,On or near Blackmead,E01015640,Peterborough 021C,Violence and sexual offences,Status update unavailable,
a71a071299beb4779f2e9f216564a24659dc6bf3a9835c8559b19c877e158672,2022-06,Cambridgeshire Constabulary,Cambridgeshire Constabulary,-0.277761,52.545533,On or near Blackmead,E01015640,Peterborough 021C,Violence and sexual offences,Unable to prosecute suspect,
b76cb46d4351dcb2a9c394f4b4f67d883ebccd9468c46ca5913b3e744a2f22dd,2022-06,Cambridgeshire Constabulary,Cambridgeshire Constabulary,-0.277761,52.545533,On or near Blackmead,E01015640,Peterborough 021C,Violence and sexual offences,Unable to prosecute suspect,
41bb6fd438424953aac684303be2409ee8c073c6001e4716eb810769bd8fd2c9,2022-06,Cambridgeshire Constabulary,Cambridgeshire Constabulary,-0.277399,52.544233,On or near Holcroft,E01015640,Peterborough 021C,Violence and sexual offences,Unable to prosecute suspect,
bfd0db43d018222dfa6bd3872dcf46dea77b525c67cb8e832f588e1756d29806,2022-06,Cambridgeshire Constabulary,Cambridgeshire Constabulary,-0.275614,52.544621,On or near Pedestrian Subway,E01015640,Peterborough 021C,Violence and sexual offences,Unable to prosecute suspect,
93adb8a2dc40cbc3dd0471db17fdd21bbb031d7da7890022c47eab72f0a21e17,2022-06,Cambridgeshire Constabulary,Cambridgeshire Constabulary,-0.281194,52.547130,On or near Sellers Grange,E01015640,Peterborough 021C,Violence and sexual offences,Unable to prosecute suspect,
,2022-06,Cambridgeshire Constabulary,Cambridgeshire Constabulary,-0.293687,52.545953,On or near Mandeville,E01015641,Peterborough 021D,Anti-social behaviour,,
,2022-06,Cambridgeshire Constabulary,Cambridgeshire Constabulary,-0.285093,52.547744,On or near Bringhurst,E01015641,Peterborough 021D,Anti-social behaviour,,
eb6e7734badb250841e2daa60c97260c6489d8433820192fdcd90c18f4be9f71,2022-06,Cambridgeshire Constabulary,Cambridgeshire Constabulary,-0.296389,52.545875,On or near Stagsden,E01015641,Peterborough 021D,Criminal damage and arson,Unable to prosecute suspect,
f11b16afabedb83f3efd6f12da6a80fbd17de6b895c32a8437d43576b1492d36,2022-06,Cambridgeshire Constabulary,Cambridgeshire Constabulary,-0.285093,52.547744,On or near Bringhurst,E01015641,Peterborough 021D,Public order,Unable to prosecute suspect,
264bf660cd266655510e0169b152eec39176d491d525ba92e345c065a303928b,2022-06,Cambridgeshire Constabulary,Cambridgeshire Constabulary,-0.290539,52.546501,On or near Bardney,E01015641,Peterborough 021D,Vehicle crime,Investigation complete; no suspect identified,
28faff37a9197393ae83cda96b2e9cc9cfb848772559861b37c644e20c0dfbc1,2022-06,Cambridgeshire Constabulary,Cambridgeshire Constabulary,-0.293687,52.545953,On or near Mandeville,E01015641,Peterborough 021D,Vehicle crime,Investigation complete; no suspect identified,
115ec8376a1f68eb08b27ab13dae9d5c3d2235a527638d4d41794e317499bd17,2022-06,Cambridgeshire Constabulary,Cambridgeshire Constabulary,-0.293687,52.545953,On or near Mandeville,E01015641,Peterborough 021D,Vehicle crime,Investigation complete; no suspect identified,
2d2e0304205b60bbad29ee7fe104715ee83522ad7503b07f55e1262806f4f246,2022-06,Cambridgeshire Constabulary,Cambridgeshire Constabulary,-0.285093,52.547744,On or near Bringhurst,E01015641,Peterborough 021D,Violence and sexual offences,Status update unavailable,
e34a2ff2ceefd9cd9d58cb3c86f5472cc1f6e3b5e52c9811ae3cdbe4fef0086a,2022-06,Cambridgeshire Constabulary,Cambridgeshire Constabulary,-0.285093,52.547744,On or near Bringhurst,E01015641,Peterborough 021D,Violence and sexual offences,Unable to prosecute suspect,
088441dfc844889c04a5bbb851853cdec2883524613fba114b3a4e8a9c7ae4a3,2022-06,Cambridgeshire Constabulary,Cambridgeshire Constabulary,-0.285093,52.547744,On or near Bringhurst,E01015641,Peterborough 021D,Violence and sexual offences,Investigation complete; no suspect identified,
d866e4ac447243726c9939a66abca4de1b5d70ee0351ecc9a46ef614bf3f5af5,2022-06,Cambridgeshire Constabulary,Cambridgeshire Constabulary,-0.286655,52.544359,On or near Wheatdole,E01015642,Peterborough 021E,Criminal damage and arson,Unable to prosecute suspect,
edcbf66f430e942d1a2b36a7f852305fb1e42fb55ed1d13ff1cd50a6bfd8b22e,2022-06,Cambridgeshire Constabulary,Cambridgeshire Constabulary,-0.292694,52.544923,On or near Hanbury,E01015642,Peterborough 021E,Criminal damage and arson,Investigation complete; no suspect identified,
0149bc64fb884c1faab2ccf18e7b0e785db5a5bf8280377c98a15cdc7315bbaf,2022-06,Cambridgeshire Constabulary,Cambridgeshire Constabulary,-0.289344,52.543103,On or near Parking Area,E01015642,Peterborough 021E,Public order,Investigation complete; no suspect identified,
3df786ef580e6b3149d9696ee45e043ccf60865b1a4f487b482700c0ed190388,2022-06,Cambridgeshire Constabulary,Cambridgeshire Constabulary,-0.289344,52.543103,On or near Parking Area,E01015642,Peterborough 021E,Public order,Investigation complete; no suspect identified,
e5822138a1b5398766c65031f3373ab1d9dc788097b3e5dd14ff79f13e3755b8,2022-06,Cambridgeshire Constabulary,Cambridgeshire Constabulary,-0.289344,52.543103,On or near Parking Area,E01015642,Peterborough 021E,Shoplifting,Investigation complete; no suspect identified,
1cbe291c278f52caa611bfa08a633e7842e770dc32022670bef7903944a2b269,2022-06,Cambridgeshire Constabulary,Cambridgeshire Constabulary,-0.290978,52.543172,On or near Bifield,E01015642,Peterborough 021E,Vehicle crime,Investigation complete; no suspect identified,
0d33ae56e246bc27d31b17376dc5ae31ec91105284a81d03ec4ce974364d7bae,2022-06,Cambridgeshire Constabulary,Cambridgeshire Constabulary,-0.290543,52.545638,On or near Worsley,E01015642,Peterborough 021E,Vehicle crime,Investigation complete; no suspect identified,
b3bf972b51000918c73977a2ca85b425fbc4935b6f73dbf500bd083fd87171b0,2022-06,Cambridgeshire Constabulary,Cambridgeshire Constabulary,-0.290978,52.543172,On or near Bifield,E01015642,Peterborough 021E,Violence and sexual offences,Unable to prosecute suspect,
c85190a5568b374064efa9299d71509fe307ca033638e8da9bec6a30d3229d9c,2022-06,Cambridgeshire Constabulary,Cambridgeshire Constabulary,-0.290978,52.543172,On or near Bifield,E01015642,Peterborough 021E,Violence and sexual offences,Formal action is not in the public interest,
786358fd79bc89f7b06938deac9ecec9f4a5eb5b8c8007f1fb7b465971f35516,2022-06,Cambridgeshire Constabulary,Cambridgeshire Constabulary,-0.291202,52.545755,On or near Pedestrian Subway,E01015642,Peterborough 021E,Violence and sexual offences,Unable to prosecute suspect,
ba1744e4818d7ee1b73737efb4eca76c1e867771468ae4a168aa37593bd9cc57,2022-06,Cambridgeshire Constabulary,Cambridgeshire Constabulary,-0.286655,52.544359,On or near Wheatdole,E01015642,Peterborough 021E,Violence and sexual offences,Unable to prosecute suspect,
0219257d684e3010822167318506644425760cbc4cfacf74adf09334ad209a05,2022-06,Cambridgeshire Constabulary,Cambridgeshire Constabulary,-0.290978,52.543172,On or near Bifield,E01015642,Peterborough 021E,Violence and sexual offences,Investigation complete; no suspect identified,
55a3f27c941c2e41875e85cb17e5a1ba3135bca3b4a403423999de5ed1248414,2022-06,Cambridgeshire Constabulary,Cambridgeshire Constabulary,-0.287816,52.544465,On or near Paynels,E01015642,Peterborough 021E,Violence and sexual offences,Unable to prosecute suspect,
0524134b8915aca2d7a1fdb2bd240984b3dce4f1800a01a0358935b4fb6e242d,2022-06,Cambridgeshire Constabulary,Cambridgeshire Constabulary,-0.290978,52.543172,On or near Bifield,E01015642,Peterborough 021E,Violence and sexual offences,Unable to prosecute suspect,
911f95367a4988741b8595673b0b54a337292eb633d0edf105c03c9b6ea4344a,2022-06,Cambridgeshire Constabulary,Cambridgeshire Constabulary,-0.291202,52.545755,On or near Pedestrian Subway,E01015642,Peterborough 021E,Violence and sexual offences,Status update unavailable,
d6be09d5a894d796d0c59c9ae2383f93d3e7f0344e66810946fa10a3a52c1ce7,2022-06,Cambridgeshire Constabulary,Cambridgeshire Constabulary,-0.290978,52.543172,On or near Bifield,E01015642,Peterborough 021E,Violence and sexual offences,Court result unavailable,
14652ac41915e1a12f4c1350fab9bddc2840620f0f8a19906acd3947ccea559a,2022-06,Cambridgeshire Constabulary,Cambridgeshire Constabulary,-0.290543,52.545638,On or near Worsley,E01015642,Peterborough 021E,Violence and sexual offences,Unable to prosecute suspect,
8f11c40f47d14d0a445c2d7842fee401a25c678578d63cfdb0998372adf293b5,2022-06,Cambridgeshire Constabulary,Cambridgeshire Constabulary,-0.291202,52.545755,On or near Pedestrian Subway,E01015642,Peterborough 021E,Violence and sexual offences,Unable to prosecute suspect,
,2022-06,Cambridgeshire Constabulary,Cambridgeshire Constabulary,-0.303533,52.540736,On or near Goldhay Way,E01015647,Peterborough 021F,Anti-social behaviour,,
,2022-06,Cambridgeshire Constabulary,Cambridgeshire Constabulary,-0.307423,52.540441,On or near Holkham Road,E01015647,Peterborough 021F,Anti-social behaviour,,
,2022-06,Cambridgeshire Constabulary,Cambridgeshire Constabulary,-0.306963,52.538978,On or near Stapledon Road,E01015647,Peterborough 021F,Anti-social behaviour,,
,2022-06,Cambridgeshire Constabulary,Cambridgeshire Constabulary,-0.302457,52.540720,On or near Scotendon,E01015647,Peterborough 021F,Anti-social behaviour,,
6137ee62a4089b25ac4c2a10a9610660f7352a06c14398a890b49d3a01c390bd,2022-06,Cambridgeshire Constabulary,Cambridgeshire Constabulary,-0.303534,52.543379,On or near Parking Area,E01015647,Peterborough 021F,Bicycle theft,Investigation complete; no suspect identified,
f4c8e610fcddcc2b32e06dfae1e9fd3d7be08e4ca1afaf2648be1e47de121552,2022-06,Cambridgeshire Constabulary,Cambridgeshire Constabulary,-0.303534,52.543379,On or near Parking Area,E01015647,Peterborough 021F,Bicycle theft,Investigation complete; no suspect identified,
47652e01c2a56acc183191ec510ffb85cd16a816bbd4431f2ec57057115f37d8,2022-06,Cambridgeshire Constabulary,Cambridgeshire Constabulary,-0.303534,52.543379,On or near Parking Area,E01015647,Peterborough 021F,Criminal damage and arson,Investigation complete; no suspect identified,
e5e08054594761fc08a1254093f4e57f67b21ff630f9862b83345eea9e0f808c,2022-06,Cambridgeshire Constabulary,Cambridgeshire Constabulary,-0.307423,52.540441,On or near Holkham Road,E01015647,Peterborough 021F,Criminal damage and arson,Investigation complete; no suspect identified,
f7f23b7bf3be92fb8f67813c9ae4c02d2c396b6884c81fb48fd09fcafc572e32,2022-06,Cambridgeshire Constabulary,Cambridgeshire Constabulary,-0.307423,52.540441,On or near Holkham Road,E01015647,Peterborough 021F,Criminal damage and arson,Investigation complete; no suspect identified,
972a817870cdb9f54dcf77969a485e75cf6bbba2f59200d725182489d8ad37bf,2022-06,Cambridgeshire Constabulary,Cambridgeshire Constabulary,-0.302876,52.546310,On or near Sports/Recreation Area,E01015647,Peterborough 021F,Criminal damage and arson,Investigation complete; no suspect identified,
5dc52fd56c5aaad8b1dc9d25cfe92a39d5298fba7b3e48e7ec03a44097d0edc6,2022-06,Cambridgeshire Constabulary,Cambridgeshire Constabulary,-0.307423,52.540441,On or near Holkham Road,E01015647,Peterborough 021F,Criminal damage and arson,Unable to prosecute suspect,
5ed73317504bd007dbee6f6af32ea0931029effe3a164f07d64d756965f64b96,2022-06,Cambridgeshire Constabulary,Cambridgeshire Constabulary,-0.306963,52.538978,On or near Stapledon Road,E01015647,Peterborough 021F,Other theft,Investigation complete; no suspect identified,
7ea0d7c73350db724b4ff4874b9b81442512870ba9c07ddbec6eec1dba1320f8,2022-06,Cambridgeshire Constabulary,Cambridgeshire Constabulary,-0.303534,52.543379,On or near Parking Area,E01015647,Peterborough 021F,Other theft,Investigation complete; no suspect identified,
b2f72e9475566ba57cebdb1274f19fa47bc1216153ef30d9f4386b01e97ad4bc,2022-06,Cambridgeshire Constabulary,Cambridgeshire Constabulary,-0.303534,52.543379,On or near Parking Area,E01015647,Peterborough 021F,Other theft,Investigation complete; no suspect identified,
4e326eaaac4b9856f5ac9292552f478b8fb34ea312172f27a3b4a006a9a779e5,2022-06,Cambridgeshire Constabulary,Cambridgeshire Constabulary,-0.303534,52.543379,On or near Parking Area,E01015647,Peterborough 021F,Public order,Unable to prosecute suspect,
41f6dec44ce9db7373957265846b208c18513771f4a0f05c1206e4cf948bf62a,2022-06,Cambridgeshire Constabulary,Cambridgeshire Constabulary,-0.303534,52.543379,On or near Parking Area,E01015647,Peterborough 021F,Public order,Unable to prosecute suspect,
41fd52a15cdafe952caafb1e0c2b18eccc3499a907cc17ef5504e5ac567a3c12,2022-06,Cambridgeshire Constabulary,Cambridgeshire Constabulary,-0.307423,52.540441,On or near Holkham Road,E01015647,Peterborough 021F,Public order,Investigation complete; no suspect identified,
0507eddab885002082cb40566e3eb50de104e30204c7728675342d3c09aaa94f,2022-06,Cambridgeshire Constabulary,Cambridgeshire Constabulary,-0.302876,52.546310,On or near Sports/Recreation Area,E01015647,Peterborough 021F,Public order,Investigation complete; no suspect identified,
783dd94180d4b3a06cd6d849c0baa7bd07df602418d9dda8c4be4b3d7108ae26,2022-06,Cambridgeshire Constabulary,Cambridgeshire Constabulary,-0.303534,52.543379,On or near Parking Area,E01015647,Peterborough 021F,Shoplifting,Unable to prosecute suspect,
f726535d773e30e922a49809cdd876cfeea01f22956444ee9d83dbdca923b39d,2022-06,Cambridgeshire Constabulary,Cambridgeshire Constabulary,-0.303534,52.543379,On or near Parking Area,E01015647,Peterborough 021F,Shoplifting,Investigation complete; no suspect identified,
06b030bbc477453196e92ec204ea3781d7f51d514015f5aec3e4e7b6aab7ab0d,2022-06,Cambridgeshire Constabulary,Cambridgeshire Constabulary,-0.303534,52.543379,On or near Parking Area,E01015647,Peterborough 021F,Shoplifting,Investigation complete; no suspect identified,
954d9b06586309406efdc3d5af96b9a562775f048b23450a05921f6961bb3a6f,2022-06,Cambridgeshire Constabulary,Cambridgeshire Constabulary,-0.303534,52.543379,On or near Parking Area,E01015647,Peterborough 021F,Shoplifting,Investigation complete; no suspect identified,
9e2ffa29f989834ee1e0dc9d2ebcf8ecb127cd30e37e3becba62874c9ca6d1e7,2022-06,Cambridgeshire Constabulary,Cambridgeshire Constabulary,-0.303534,52.543379,On or near Parking Area,E01015647,Peterborough 021F,Shoplifting,Investigation complete; no suspect identified,
0530cc6fb49aacf3b4132d05868a7efbeeac18f36961352fe48690bd09612858,2022-06,Cambridgeshire Constabulary,Cambridgeshire Constabulary,-0.303533,52.540736,On or near Goldhay Way,E01015647,Peterborough 021F,Vehicle crime,Investigation complete; no suspect identified,
0cba3497f65323734ddcb1c78aec3ccb65f68e7452686914b2b3531be3adb3b2,2022-06,Cambridgeshire Constabulary,Cambridgeshire Constabulary,-0.301271,52.541279,On or near Hinchcliffe,E01015647,Peterborough 021F,Violence and sexual offences,Unable to prosecute suspect,
0f7b2822834722d6dc9d79816ef28dbd2a05a457c8338c63808a36b4900882e7,2022-06,Cambridgeshire Constabulary,Cambridgeshire Constabulary,-0.302457,52.540720,On or near Scotendon,E01015647,Peterborough 021F,Violence and sexual offences,Investigation complete; no suspect identified,
d9151e713b2392b72223ff5361b877c671ceef911b1521e8eabe2b9b69e70d7e,2022-06,Cambridgeshire Constabulary,Cambridgeshire Constabulary,-0.298259,52.538322,On or near Burswood,E01015647,Peterborough 021F,Violence and sexual offences,Offender given a caution,
10c0f74290b8fa90cfbc9ca813d4d4b2b80d68f1e9e0c5f4ee12994035d50862,2022-06,Cambridgeshire Constabulary,Cambridgeshire Constabulary,-0.301271,52.541279,On or near Hinchcliffe,E01015647,Peterborough 021F,Violence and sexual offences,Unable to prosecute suspect,
da14890509758b6580a6fa202a5e402a0aac3953df0b62b010652229c5364ceb,2022-06,Cambridgeshire Constabulary,Cambridgeshire Constabulary,-0.301271,52.541279,On or near Hinchcliffe,E01015647,Peterborough 021F,Violence and sexual offences,Court result unavailable,
1e25d818dfd5395ef52e888270c52faba8ca65b4465c328d3d8358b37b2312fd,2022-06,Cambridgeshire Constabulary,Cambridgeshire Constabulary,-0.301271,52.541279,On or near Hinchcliffe,E01015647,Peterborough 021F,Violence and sexual offences,Unable to prosecute suspect,
af40dffd89cb2896d2349e45e6baa4db465b9f31daf28ae2da1dd03a3d44c3f1,2022-06,Cambridgeshire Constabulary,Cambridgeshire Constabulary,-0.303534,52.543379,On or near Parking Area,E01015647,Peterborough 021F,Violence and sexual offences,Unable to prosecute suspect,
752ad3afefca5271ca08c11c4517245abed02b844446fced8faee0991a9afc5c,2022-06,Cambridgeshire Constabulary,Cambridgeshire Constabulary,-0.303534,52.543379,On or near Parking Area,E01015647,Peterborough 021F,Violence and sexual offences,Investigation complete; no suspect identified,
3e72beb3458b087e7b5619d645b55374f6ccd2ae0b1b16ce855f60e42813dda2,2022-06,Cambridgeshire Constabulary,Cambridgeshire Constabulary,-0.303288,52.541739,On or near Benstead,E01015647,Peterborough 021F,Violence and sexual offences,Unable to prosecute suspect,
99676e2cd9608bc3b67acd0ecfbecb1fcf4f085dc8171a2e569f3982164decfe,2022-06,Cambridgeshire Constabulary,Cambridgeshire Constabulary,-0.301271,52.541279,On or near Hinchcliffe,E01015647,Peterborough 021F,Violence and sexual offences,Local resolution,
2ce92705e0f69e388df977eb4dafb2a765f687d78affd77a1fe1e5a30ff4d183,2022-06,Cambridgeshire Constabulary,Cambridgeshire Constabulary,-0.299858,52.541591,On or near Riseholme,E01015647,Peterborough 021F,Violence and sexual offences,Unable to prosecute suspect,
f5732e9e182e20a00e20fcf16dceed423f10b48a95c0aad5c858d350f98a0cae,2022-06,Cambridgeshire Constabulary,Cambridgeshire Constabulary,-0.299858,52.541591,On or near Riseholme,E01015647,Peterborough 021F,Violence and sexual offences,Unable to prosecute suspect,
2e237ab0e1fc1f9e6b164b8f97c4a1b9c6137ba0abba8414eff86d32fb84ef79,2022-06,Cambridgeshire Constabulary,Cambridgeshire Constabulary,-0.301271,52.541279,On or near Hinchcliffe,E01015647,Peterborough 021F,Other crime,Further action is not in the public interest,
,2022-06,Cambridgeshire Constabulary,Cambridgeshire Constabulary,-0.278857,52.548049,On or near Benyon Grove,E01015638,Peterborough 022A,Anti-social behaviour,,
,2022-06,Cambridgeshire Constabulary,Cambridgeshire Constabulary,-0.276475,52.548985,On or near Moggswell Lane,E01015638,Peterborough 022A,Anti-social behaviour,,
d90c01f91654aeaa88f2cbebb994650573091d86e1f6bc53f1cbd5cdc56d2664,2022-06,Cambridgeshire Constabulary,Cambridgeshire Constabulary,-0.286144,52.554080,On or near Longfield Gate,E01015638,Peterborough 022A,Bicycle theft,Investigation complete; no suspect identified,
3098295f16d081b911ae1ffb7c1c711d6a5a673805685946395c35ef054113d8,2022-06,Cambridgeshire Constabulary,Cambridgeshire Constabulary,-0.305245,52.566735,On or near Park/Open Space,E01015638,Peterborough 022A,Burglary,Investigation complete; no suspect identified,
f96a89eb0af80dad41374b1ae36d50ca98578cc5d82f48a9b27f53388a49ed97,2022-06,Cambridgeshire Constabulary,Cambridgeshire Constabulary,-0.271511,52.550333,On or near Pedestrian Subway,E01015638,Peterborough 022A,Burglary,Investigation complete; no suspect identified,
93699a86b42ba4fe74990167ae6c79ee503440ddad73fbb8bfc82cb87b155584,2022-06,Cambridgeshire Constabulary,Cambridgeshire Constabulary,-0.277019,52.553183,On or near The Village,E01015638,Peterborough 022A,Criminal damage and arson,Investigation complete; no suspect identified,
072ed4efc3fe21a0a71605b110491959d5f7b263bf8097c9605e432deae24b79,2022-06,Cambridgeshire Constabulary,Cambridgeshire Constabulary,-0.271990,52.550898,On or near Tanhouse,E01015638,Peterborough 022A,Criminal damage and arson,Unable to prosecute suspect,
bdcf3c2f4092441685d0deeeb5df64860917cc2adb66bac532d30e085d92e843,2022-06,Cambridgeshire Constabulary,Cambridgeshire Constabulary,-0.270568,52.553673,On or near Pedestrian Subway,E01015638,Peterborough 022A,Criminal damage and arson,Investigation complete; no suspect identified,
7f996ad82c01a1513588c5e7932221f1fe7d715fbad7e028b7a77bb7dd5f0a2d,2022-06,Cambridgeshire Constabulary,Cambridgeshire Constabulary,-0.273527,52.549329,On or near Lythemere,E01015638,Peterborough 022A,Criminal damage and arson,Unable to prosecute suspect,
798cc249951aff6dbfecd7ec69f32f97a5d5264e7e891f50d63ee3b253d9ade5,2022-06,Cambridgeshire Constabulary,Cambridgeshire Constabulary,-0.275053,52.550664,On or near The Crescent,E01015638,Peterborough 022A,Other theft,Investigation complete; no suspect identified,
f4abbce391c50fce3ccca8971227e6099854f4017df0796f1e75af650a47ed6c,2022-06,Cambridgeshire Constabulary,Cambridgeshire Constabulary,-0.270593,52.551920,On or near Weatherthorn,E01015638,Peterborough 022A,Other theft,Investigation complete; no suspect identified,
beedf3af97890d9267f2ed586532d06aeec7ad669895a4e2980b040ce971899f,2022-06,Cambridgeshire Constabulary,Cambridgeshire Constabulary,-0.271511,52.550333,On or near Pedestrian Subway,E01015638,Peterborough 022A,Possession of weapons,Court result unavailable,
a2267a78930508784decc5b911b7f38e3abca2ba3319eb7d81677e59fc49a6ec,2022-06,Cambridgeshire Constabulary,Cambridgeshire Constabulary,-0.273527,52.549329,On or near Lythemere,E01015638,Peterborough 022A,Public order,Investigation complete; no suspect identified,
df2e98a28e2d5c97bac819861c30d40fa58b3686c14b770e5be6fb4f34e6d9c6,2022-06,Cambridgeshire Constabulary,Cambridgeshire Constabulary,-0.277300,52.548251,On or near Parking Area,E01015638,Peterborough 022A,Public order,Investigation complete; no suspect identified,
80f912499cb411664c8860f489fc02632ee46c513990a1584f5f82e43b0bd6a9,2022-06,Cambridgeshire Constabulary,Cambridgeshire Constabulary,-0.277300,52.548251,On or near Parking Area,E01015638,Peterborough 022A,Shoplifting,Investigation complete; no suspect identified,
c38a1fcc9335b73e50702930791f21f9199979901be8129de3fca9d6979ba61d,2022-06,Cambridgeshire Constabulary,Cambridgeshire Constabulary,-0.277300,52.548251,On or near Parking Area,E01015638,Peterborough 022A,Theft from the person,Unable to prosecute suspect,
58c5442ff125e367a9e1300344047352031d93e4a95a3460e0e43654a507619a,2022-06,Cambridgeshire Constabulary,Cambridgeshire Constabulary,-0.278696,52.556687,On or near Oundle Road,E01015638,Peterborough 022A,Vehicle crime,Investigation complete; no suspect identified,
7778cf49ba960352dc3e1e97d9d6b27a762efa81d84150b9c1a3f8ff03440e18,2022-06,Cambridgeshire Constabulary,Cambridgeshire Constabulary,-0.277355,52.555516,On or near Longwater,E01015638,Peterborough 022A,Vehicle crime,Investigation complete; no suspect identified,
d3d7c5c1753b5c95a0c56a4e15dbc3b016d849628546ffcc78a87a198c84d258,2022-06,Cambridgeshire Constabulary,Cambridgeshire Constabulary,-0.272723,52.552509,On or near Stonebridge Lea,E01015638,Peterborough 022A,Vehicle crime,Investigation complete; no suspect identified,
606e1b10d70e4548e6ac0d36e17ec70c532cbc9800eb706753ce58ada7f8f4e9,2022-06,Cambridgeshire Constabulary,Cambridgeshire Constabulary,-0.277300,52.548251,On or near Parking Area,E01015638,Peterborough 022A,Violence and sexual offences,Unable to prosecute suspect,
97b20cd29e2615106d3408217a0300b1f858f097b2f657ff7f29e191ab35b6b4,2022-06,Cambridgeshire Constabulary,Cambridgeshire Constabulary,-0.278857,52.548049,On or near Benyon Grove,E01015638,Peterborough 022A,Violence and sexual offences,Unable to prosecute suspect,
aaa7f6f933cc269db44c076a20b0108fce671a9df2f80861cc45d245f111927f,2022-06,Cambridgeshire Constabulary,Cambridgeshire Constabulary,-0.270568,52.553673,On or near Pedestrian Subway,E01015638,Peterborough 022A,Violence and sexual offences,Unable to prosecute suspect,
ddac22c573ec6f12a3ccf96a2cd244294389131e74e5077c8e261022417ce9bc,2022-06,Cambridgeshire Constabulary,Cambridgeshire Constabulary,-0.273527,52.549329,On or near Lythemere,E01015638,Peterborough 022A,Violence and sexual offences,Unable to prosecute suspect,
3cc74c282ab75ebd8ddc8d7584dd1d3a3b402b60f063f51bbedcb74c4e1b485a,2022-06,Cambridgeshire Constabulary,Cambridgeshire Constabulary,-0.273527,52.549329,On or near Lythemere,E01015638,Peterborough 022A,Violence and sexual offences,Unable to prosecute suspect,
5f353bd57f89d92525b1603132be3301865aceee6be8931d118e40ba3dd3638f,2022-06,Cambridgeshire Constabulary,Cambridgeshire Constabulary,-0.273527,52.549329,On or near Lythemere,E01015638,Peterborough 022A,Violence and sexual offences,Local resolution,
3211a03fef25fe61bc522f843d7b6d1320bb2dd3b87f7af278f0153ca1d1d8af,2022-06,Cambridgeshire Constabulary,Cambridgeshire Constabulary,-0.273527,52.549329,On or near Lythemere,E01015638,Peterborough 022A,Violence and sexual offences,Court result unavailable,
51a87b1dbecce37b63876319e95480f77cfdd62d3662cf1343aabb97393633e3,2022-06,Cambridgeshire Constabulary,Cambridgeshire Constabulary,-0.280392,52.559328,On or near Parking Area,E01015638,Peterborough 022A,Violence and sexual offences,Unable to prosecute suspect,
8832f87f667cb8f2c47e021ac51e82547901a2d70d0117ef145bf8fdee44d4b3,2022-06,Cambridgeshire Constabulary,Cambridgeshire Constabulary,-0.275053,52.550664,On or near The Crescent,E01015638,Peterborough 022A,Violence and sexual offences,Action to be taken by another organisation,
e04cc5a2a8bdd8ac4aa937443e266347d9fb497ce8999dc009015e8caa274f41,2022-06,Cambridgeshire Constabulary,Cambridgeshire Constabulary,-0.286144,52.554080,On or near Longfield Gate,E01015638,Peterborough 022A,Violence and sexual offences,Local resolution,
91474aa9412023481e6d3bd2e6f89be389c843e9a89641ab412a81cc919aa0d2,2022-06,Cambridgeshire Constabulary,Cambridgeshire Constabulary,-0.278857,52.548049,On or near Benyon Grove,E01015638,Peterborough 022A,Violence and sexual offences,Unable to prosecute suspect,
98b9d595d6fbee84a4d973a55b3add9b8301be942157a037961670d6cb0e2de9,2022-06,Cambridgeshire Constabulary,Cambridgeshire Constabulary,-0.273527,52.549329,On or near Lythemere,E01015638,Peterborough 022A,Violence and sexual offences,Unable to prosecute suspect,
903fd7ac54cd0ddfaf22bcba47dca83fce105e15a32ff3aae0993d45bf2956b2,2022-06,Cambridgeshire Constabulary,Cambridgeshire Constabulary,-0.277300,52.548251,On or near Parking Area,E01015638,Peterborough 022A,Violence and sexual offences,Unable to prosecute suspect,
d63c6c7a4ea02490a3efaaaa8f9c9809069230b058875b89a0f023507d249623,2022-06,Cambridgeshire Constabulary,Cambridgeshire Constabulary,-0.275400,52.553834,On or near Trienna,E01015638,Peterborough 022A,Violence and sexual offences,Unable to prosecute suspect,
,2022-06,Cambridgeshire Constabulary,Cambridgeshire Constabulary,-0.273137,52.560004,On or near Rothwell Way,E01015650,Peterborough 022B,Anti-social behaviour,,
3c091de22c4e99e9a9403a1df0378207442e160b0b77ff7894e8a7e266a89df5,2022-06,Cambridgeshire Constabulary,Cambridgeshire Constabulary,-0.265745,52.558161,On or near Rowe Avenue,E01015650,Peterborough 022B,Criminal damage and arson,Unable to prosecute suspect,
e8a72c7d17565b346a74e05fbc4bf160438934042d78f454b8564273d8f7054f,2022-06,Cambridgeshire Constabulary,Cambridgeshire Constabulary,-0.265261,52.555834,On or near Talbot Avenue,E01015650,Peterborough 022B,Criminal damage and arson,Court result unavailable,
1b574cf59a89f9c0bbc441e2b34de7a8b1350422866c3807309855c9eed3dfff,2022-06,Cambridgeshire Constabulary,Cambridgeshire Constabulary,-0.265261,52.555834,On or near Talbot Avenue,E01015650,Peterborough 022B,Criminal damage and arson,Court result unavailable,
9aa450019058a281d260fe0c104eaa6edcddeb63134b4757155f13c2dc987a3b,2022-06,Cambridgeshire Constabulary,Cambridgeshire Constabulary,-0.265745,52.558161,On or near Rowe Avenue,E01015650,Peterborough 022B,Public order,Investigation complete; no suspect identified,
cb41c018573d2a5d994a01d0b81ccc9838b0f5b25a0c28b1eeac1737f160bf65,2022-06,Cambridgeshire Constabulary,Cambridgeshire Constabulary,-0.264842,52.560476,On or near Lansdowne Walk,E01015650,Peterborough 022B,Public order,Investigation complete; no suspect identified,
7753ea3a0b70603a887cd7c551032693777b01ebba16360a8c594db2c1523a3a,2022-06,Cambridgeshire Constabulary,Cambridgeshire Constabulary,-0.265745,52.558161,On or near Rowe Avenue,E01015650,Peterborough 022B,Public order,Unable to prosecute suspect,
dc79f24a8d1826b89cf7721d4d06596159990cee1768ec3e6240c49644a92645,2022-06,Cambridgeshire Constabulary,Cambridgeshire Constabulary,-0.261008,52.557453,On or near Maxwell Road,E01015650,Peterborough 022B,Vehicle crime,Investigation complete; no suspect identified,
ea4f4983f087fe43430f104d1df5113dcf4e89ee33d833f1fe14eed1b765931e,2022-06,Cambridgeshire Constabulary,Cambridgeshire Constabulary,-0.265745,52.558161,On or near Rowe Avenue,E01015650,Peterborough 022B,Violence and sexual offences,Investigation complete; no suspect identified,
4c3dbfdbee84aa43eeae06615d5fd9ecc10d1edb80eae9985488f90389896d86,2022-06,Cambridgeshire Constabulary,Cambridgeshire Constabulary,-0.264312,52.557097,On or near Further/Higher Educational Building,E01015650,Peterborough 022B,Violence and sexual offences,Unable to prosecute suspect,
62f7f42cbbb270ed1901745e3d6acd0d1423b90bb959aa8459d914fe3119e835,2022-06,Cambridgeshire Constabulary,Cambridgeshire Constabulary,-0.267282,52.561843,On or near Farriers Court,E01015650,Peterborough 022B,Violence and sexual offences,Unable to prosecute suspect,
05831651047ffb8e3787bd1ee684bf5bfd7369c7344f70acc8e6e8eb6d2d236a,2022-06,Cambridgeshire Constabulary,Cambridgeshire Constabulary,-0.267282,52.561843,On or near Farriers Court,E01015650,Peterborough 022B,Violence and sexual offences,Status update unavailable,
b71e4874776cdde6e7f2f8e051f870f5657368332083f866dd51b96ef882129f,2022-06,Cambridgeshire Constabulary,Cambridgeshire Constabulary,-0.269316,52.559643,On or near Oundle Road,E01015650,Peterborough 022B,Violence and sexual offences,Investigation complete; no suspect identified,
,2022-06,Cambridgeshire Constabulary,Cambridgeshire Constabulary,-0.255808,52.538667,On or near London Road,E01033174,Peterborough 022C,Anti-social behaviour,,
,2022-06,Cambridgeshire Constabulary,Cambridgeshire Constabulary,-0.255808,52.538667,On or near London Road,E01033174,Peterborough 022C,Anti-social behaviour,,
,2022-06,Cambridgeshire Constabulary,Cambridgeshire Constabulary,-0.255808,52.538667,On or near London Road,E01033174,Peterborough 022C,Anti-social behaviour,,
,2022-06,Cambridgeshire Constabulary,Cambridgeshire Constabulary,-0.255808,52.538667,On or near London Road,E01033174,Peterborough 022C,Anti-social behaviour,,
,2022-06,Cambridgeshire Constabulary,Cambridgeshire Constabulary,-0.260424,52.536415,On or near Harn Road,E01033174,Peterborough 022C,Anti-social behaviour,,
,2022-06,Cambridgeshire Constabulary,Cambridgeshire Constabulary,-0.255808,52.538667,On or near London Road,E01033174,Peterborough 022C,Anti-social behaviour,,
,2022-06,Cambridgeshire Constabulary,Cambridgeshire Constabulary,-0.255808,52.538667,On or near London Road,E01033174,Peterborough 022C,Anti-social behaviour,,
,2022-06,Cambridgeshire Constabulary,Cambridgeshire Constabulary,-0.255808,52.538667,On or near London Road,E01033174,Peterborough 022C,Anti-social behaviour,,
6824ca577c249072812a46dd29438507be090884927df20f64abeb18dff0585a,2022-06,Cambridgeshire Constabulary,Cambridgeshire Constabulary,-0.260989,52.544515,On or near Phorpres Close,E01033174,Peterborough 022C,Burglary,Investigation complete; no suspect identified,
1093fd0edaa68ab83889a306b3c65b8238e164b4d7f8d3a40208a5bc9e4dc611,2022-06,Cambridgeshire Constabulary,Cambridgeshire Constabulary,-0.260424,52.536415,On or near Harn Road,E01033174,Peterborough 022C,Burglary,Investigation complete; no suspect identified,
965a4501e0e3187a1b4081e9a696eec26971734b03cacdf317de361e2a07b8bc,2022-06,Cambridgeshire Constabulary,Cambridgeshire Constabulary,-0.260424,52.536415,On or near Harn Road,E01033174,Peterborough 022C,Criminal damage and arson,Unable to prosecute suspect,
f7cfc145c4f3269e4ba50ba6485f355fe418f2dad2cd21fdc4cceef750ae3395,2022-06,Cambridgeshire Constabulary,Cambridgeshire Constabulary,-0.260424,52.536415,On or near Harn Road,E01033174,Peterborough 022C,Criminal damage and arson,Unable to prosecute suspect,
06f4b903932b372cdfdf60bd9a970621dafec47127fdadacdf4bacb7157e1aaa,2022-06,Cambridgeshire Constabulary,Cambridgeshire Constabulary,-0.260989,52.544515,On or near Phorpres Close,E01033174,Peterborough 022C,Criminal damage and arson,Investigation complete; no suspect identified,
6d325e4e6126d0801387b0f4c267613afa9a38e30af4bb67a8607a4366ec06a6,2022-06,Cambridgeshire Constabulary,Cambridgeshire Constabulary,-0.260424,52.536415,On or near Harn Road,E01033174,Peterborough 022C,Criminal damage and arson,Investigation complete; no suspect identified,
c7d539641c96435513f98a8b9523b804c7c21483fbe0785ab3725cd2cbfccd1b,2022-06,Cambridgeshire Constabulary,Cambridgeshire Constabulary,-0.255808,52.538667,On or near London Road,E01033174,Peterborough 022C,Criminal damage and arson,Investigation complete; no suspect identified,
712ff7dd1026b4ff27f3094274cc9bf2e1216304ec15ef20ddec0333d8b9a397,2022-06,Cambridgeshire Constabulary,Cambridgeshire Constabulary,-0.264740,52.536892,On or near St Edmunds Walk,E01033174,Peterborough 022C,Drugs,Local resolution,
29f9bec66bfc961e580d5a4310dd60d9d53a537c38867d1aba6fde853d796862,2022-06,Cambridgeshire Constabulary,Cambridgeshire Constabulary,-0.260424,52.536415,On or near Harn Road,E01033174,Peterborough 022C,Drugs,Unable to prosecute suspect,
f6b5361825c2f95c8c3ea93bed35b0426fb9ef18525feb613c396bba688b8139,2022-06,Cambridgeshire Constabulary,Cambridgeshire Constabulary,-0.255808,52.538667,On or near London Road,E01033174,Peterborough 022C,Other theft,Investigation complete; no suspect identified,
85bdd665ed3f6af1668a8d22eaebc1efa8b0a04566bd3f861cdcc506ac02560a,2022-06,Cambridgeshire Constabulary,Cambridgeshire Constabulary,-0.260424,52.536415,On or near Harn Road,E01033174,Peterborough 022C,Public order,Investigation complete; no suspect identified,
f13e8ef3653c2e9f10980f12f2cd68492be0159415787bf318cbc0fe9733a281,2022-06,Cambridgeshire Constabulary,Cambridgeshire Constabulary,-0.260424,52.536415,On or near Harn Road,E01033174,Peterborough 022C,Public order,Further action is not in the public interest,
69f09dc408070b960614a03ab24bbb63fb70017998e0b4baa8a1b31f03dc9436,2022-06,Cambridgeshire Constabulary,Cambridgeshire Constabulary,-0.260424,52.536415,On or near Harn Road,E01033174,Peterborough 022C,Public order,Unable to prosecute suspect,
b86420be22f64682d1e285050a39a29abb4c90f2a6ab6137205e6dc24ae96bd9,2022-06,Cambridgeshire Constabulary,Cambridgeshire Constabulary,-0.264740,52.536892,On or near St Edmunds Walk,E01033174,Peterborough 022C,Public order,Local resolution,
5b533d1d36ed02a04929cffbacd282a9e0063b8fe06216624a14505429d08f13,2022-06,Cambridgeshire Constabulary,Cambridgeshire Constabulary,-0.255808,52.538667,On or near London Road,E01033174,Peterborough 022C,Public order,Investigation complete; no suspect identified,
daea3ed76245fb742b934a442a38b1ea22975619867df29cc114b41266001c02,2022-06,Cambridgeshire Constabulary,Cambridgeshire Constabulary,-0.260424,52.536415,On or near Harn Road,E01033174,Peterborough 022C,Public order,Unable to prosecute suspect,
da1336abec3136b97ff211d9974fbfc642ff409dd3fb6898cc0a84db7cb78967,2022-06,Cambridgeshire Constabulary,Cambridgeshire Constabulary,-0.260424,52.536415,On or near Harn Road,E01033174,Peterborough 022C,Public order,Unable to prosecute suspect,
ba574a4ffa6085cea53696c6ce4d95a85a188f72cf9f09b313ff7a3e9d4e8f93,2022-06,Cambridgeshire Constabulary,Cambridgeshire Constabulary,-0.260424,52.536415,On or near Harn Road,E01033174,Peterborough 022C,Public order,Further action is not in the public interest,
4e9a141d600b6c92576dbe1376f48dc9c88d51dbf0b8657e4800d9308fa1078b,2022-06,Cambridgeshire Constabulary,Cambridgeshire Constabulary,-0.263303,52.535954,On or near Brickstead Road,E01033174,Peterborough 022C,Public order,Unable to prosecute suspect,
168bbfd775ed466678af01a4eb7e50db23f13a181f49301b0a50a2256ef99268,2022-06,Cambridgeshire Constabulary,Cambridgeshire Constabulary,-0.264740,52.536892,On or near St Edmunds Walk,E01033174,Peterborough 022C,Public order,Unable to prosecute suspect,
465c912ff3c3d987f76e1ccde7d894c3ec90d4195141c45437608a653afafd7a,2022-06,Cambridgeshire Constabulary,Cambridgeshire Constabulary,-0.260989,52.544515,On or near Phorpres Close,E01033174,Peterborough 022C,Public order,Investigation complete; no suspect identified,
3b2d570b2d368a59f31e6b8504966be1322b08b28b96bca9495baf3416dc32eb,2022-06,Cambridgeshire Constabulary,Cambridgeshire Constabulary,-0.260989,52.544515,On or near Phorpres Close,E01033174,Peterborough 022C,Public order,Investigation complete; no suspect identified,
da1010fdb53ee8688c61515d593fa7a10ff5370deb4c3cb4a14cf7b8f1ab0685,2022-06,Cambridgeshire Constabulary,Cambridgeshire Constabulary,-0.260424,52.536415,On or near Harn Road,E01033174,Peterborough 022C,Public order,Unable to prosecute suspect,
b51360cae2f77ea156d539d1d1524d1ffc5c0808efac57b18e2803f907e29347,2022-06,Cambridgeshire Constabulary,Cambridgeshire Constabulary,-0.260424,52.536415,On or near Harn Road,E01033174,Peterborough 022C,Shoplifting,Investigation complete; no suspect identified,
6195a1f70a07e77885fd7076e44eaf32b00e83d1fcd9f3e85e3a8f1f6ed6074b,2022-06,Cambridgeshire Constabulary,Cambridgeshire Constabulary,-0.264740,52.536892,On or near St Edmunds Walk,E01033174,Peterborough 022C,Shoplifting,Investigation complete; no suspect identified,
93c4206fbe107ed354fde10046e69e5fb871f818928b03810a2ea65c5ae2a5b3,2022-06,Cambridgeshire Constabulary,Cambridgeshire Constabulary,-0.260424,52.536415,On or near Harn Road,E01033174,Peterborough 022C,Vehicle crime,Investigation complete; no suspect identified,
7e18c71def20e7c9fcc725c6ac6017fe9adafc79e9f792c385e28fe0faa9ef0b,2022-06,Cambridgeshire Constabulary,Cambridgeshire Constabulary,-0.266933,52.535863,On or near Osier Avenue,E01033174,Peterborough 022C,Violence and sexual offences,Status update unavailable,
01f3f7853f43eabfd936e4edaa51400fa7d787a0d2f545023809ea3ca71c9d7b,2022-06,Cambridgeshire Constabulary,Cambridgeshire Constabulary,-0.255808,52.538667,On or near London Road,E01033174,Peterborough 022C,Violence and sexual offences,Investigation complete; no suspect identified,
0fc6273b178e49e47a623f86494072bacf7277d7aa7833b0c164e065f16c5eba,2022-06,Cambridgeshire Constabulary,Cambridgeshire Constabulary,-0.257448,52.543429,On or near Foder Way,E01033174,Peterborough 022C,Violence and sexual offences,Unable to prosecute suspect,
9ef112fb144a985f961f57cad6b1287a890e1630d31ff47400b3c64108ac6102,2022-06,Cambridgeshire Constabulary,Cambridgeshire Constabulary,-0.260424,52.536415,On or near Harn Road,E01033174,Peterborough 022C,Violence and sexual offences,Unable to prosecute suspect,
dc7a0baab4f19e117e4e4e85363500587a8c9fba7179b6e09cd654af058d4231,2022-06,Cambridgeshire Constabulary,Cambridgeshire Constabulary,-0.260424,52.536415,On or near Harn Road,E01033174,Peterborough 022C,Violence and sexual offences,Unable to prosecute suspect,
1db4212c4ba445762b9daeee7842518abfc469b916134c1e87b0e0c4e4974f12,2022-06,Cambridgeshire Constabulary,Cambridgeshire Constabulary,-0.260424,52.536415,On or near Harn Road,E01033174,Peterborough 022C,Violence and sexual offences,Investigation complete; no suspect identified,
7c32fe061e24b861baa8523c380d972b9ab0a846a360bf67b315d411796d530b,2022-06,Cambridgeshire Constabulary,Cambridgeshire Constabulary,-0.260424,52.536415,On or near Harn Road,E01033174,Peterborough 022C,Violence and sexual offences,Unable to prosecute suspect,
1a55f7e206a888e7a6aa97de1492515bb02714eaa2e980316a1cb862250e3cf1,2022-06,Cambridgeshire Constabulary,Cambridgeshire Constabulary,-0.260424,52.536415,On or near Harn Road,E01033174,Peterborough 022C,Violence and sexual offences,Investigation complete; no suspect identified,
6ae13ecc5ae1c5ae3309e91b15e3eecd6c31f77e1d3e3414f3791d5d61fdea5d,2022-06,Cambridgeshire Constabulary,Cambridgeshire Constabulary,-0.260424,52.536415,On or near Harn Road,E01033174,Peterborough 022C,Violence and sexual offences,Court result unavailable,
867cc8074a19fa9379eaf267156bf4eb4a88a6c386ad7cc778483739f3ce1d84,2022-06,Cambridgeshire Constabulary,Cambridgeshire Constabulary,-0.260424,52.536415,On or near Harn Road,E01033174,Peterborough 022C,Violence and sexual offences,Unable to prosecute suspect,
94ae42fffd67fa3279c3e665cc25dd14f4538626712404edc3b41f04123643bf,2022-06,Cambridgeshire Constabulary,Cambridgeshire Constabulary,-0.260424,52.536415,On or near Harn Road,E01033174,Peterborough 022C,Violence and sexual offences,Court result unavailable,
3a9f717374521a181a7d42ed497988b7179cb81039d17b2e8825cba559f39af7,2022-06,Cambridgeshire Constabulary,Cambridgeshire Constabulary,-0.260424,52.536415,On or near Harn Road,E01033174,Peterborough 022C,Violence and sexual offences,Unable to prosecute suspect,
d4433dc7ac0d6be16a6a25153d69b45668f02a8cbeaa81cc56b3c817adcb6b93,2022-06,Cambridgeshire Constabulary,Cambridgeshire Constabulary,-0.260424,52.536415,On or near Harn Road,E01033174,Peterborough 022C,Violence and sexual offences,Investigation complete; no suspect identified,
8f7037e31a477502e82dcfdcf1113b4502bcfa0217fb324e7ac111f1bacef345,2022-06,Cambridgeshire Constabulary,Cambridgeshire Constabulary,-0.264740,52.536892,On or near St Edmunds Walk,E01033174,Peterborough 022C,Violence and sexual offences,Investigation complete; no suspect identified,
,2022-06,Cambridgeshire Constabulary,Cambridgeshire Constabulary,-0.267623,52.553936,On or near Morpeth Close,E01033179,Peterborough 022D,Anti-social behaviour,,
,2022-06,Cambridgeshire Constabulary,Cambridgeshire Constabulary,-0.247901,52.551712,On or near Forrest Drive,E01033179,Peterborough 022D,Anti-social behaviour,,
,2022-06,Cambridgeshire Constabulary,Cambridgeshire Constabulary,-0.247656,52.552689,On or near Trelowen Way,E01033179,Peterborough 022D,Anti-social behaviour,,
,2022-06,Cambridgeshire Constabulary,Cambridgeshire Constabulary,-0.250507,52.550735,On or near Drake Avenue,E01033179,Peterborough 022D,Anti-social behaviour,,
7c4fab09edd581965476560234f7abfac11d0a92d3a09157d9356575d37fcd14,2022-06,Cambridgeshire Constabulary,Cambridgeshire Constabulary,-0.249944,52.548929,On or near The Ashes,E01033179,Peterborough 022D,Criminal damage and arson,Unable to prosecute suspect,
65122f11d1ef060a506b241c2e67fae90459d3a18190e579127f5b94ae0d839f,2022-06,Cambridgeshire Constabulary,Cambridgeshire Constabulary,-0.270939,52.555881,On or near Caldervale,E01033179,Peterborough 022D,Criminal damage and arson,Investigation complete; no suspect identified,
a0026f8d9cbeeeb969dc59841a207274adef1b8ac71af5ae822d032a822eadb2,2022-06,Cambridgeshire Constabulary,Cambridgeshire Constabulary,-0.249944,52.548929,On or near The Ashes,E01033179,Peterborough 022D,Drugs,Status update unavailable,
f57400698163c2e3df6cba5ec0c2eee6cb5bd6155b53a332dff318c90c811349,2022-06,Cambridgeshire Constabulary,Cambridgeshire Constabulary,-0.272402,52.558052,On or near St Botolph Lane,E01033179,Peterborough 022D,Public order,Investigation complete; no suspect identified,
d021c46a5d75e51eddcb8a12b5aa1d19a46136b137bb4cda6dcda5610369f333,2022-06,Cambridgeshire Constabulary,Cambridgeshire Constabulary,-0.272402,52.558052,On or near St Botolph Lane,E01033179,Peterborough 022D,Shoplifting,Investigation complete; no suspect identified,
81d861a9fb0f0858e3c75e4b4ca749577f01aab8cad72de4640dbc0c531d3e45,2022-06,Cambridgeshire Constabulary,Cambridgeshire Constabulary,-0.272402,52.558052,On or near St Botolph Lane,E01033179,Peterborough 022D,Shoplifting,Investigation complete; no suspect identified,
9d6769573125660c9c9d18e25ff84bcbb236d8acfb8545485d3e04da0b015f31,2022-06,Cambridgeshire Constabulary,Cambridgeshire Constabulary,-0.272402,52.558052,On or near St Botolph Lane,E01033179,Peterborough 022D,Shoplifting,Investigation complete; no suspect identified,
a06849df10f56a3aa18c0af581b949828f3da3008f5a16cee2fabb658bd68c6e,2022-06,Cambridgeshire Constabulary,Cambridgeshire Constabulary,-0.272402,52.558052,On or near St Botolph Lane,E01033179,Peterborough 022D,Shoplifting,Investigation complete; no suspect identified,
52637873f69f2ad4ceaa30a6a870a18a1593e6acb312d7278eda08e0bf0af298,2022-06,Cambridgeshire Constabulary,Cambridgeshire Constabulary,-0.272402,52.558052,On or near St Botolph Lane,E01033179,Peterborough 022D,Shoplifting,Investigation complete; no suspect identified,
4603014320a6b0557c24f66928f9f2a9a75f5a45785dd892d5dc02db5e351b13,2022-06,Cambridgeshire Constabulary,Cambridgeshire Constabulary,-0.272402,52.558052,On or near St Botolph Lane,E01033179,Peterborough 022D,Shoplifting,Investigation complete; no suspect identified,
617c932dbf18c2c8611933cc5c2d5ed956a502a78751d3c89c32e0d704f33bfd,2022-06,Cambridgeshire Constabulary,Cambridgeshire Constabulary,-0.272402,52.558052,On or near St Botolph Lane,E01033179,Peterborough 022D,Shoplifting,Court result unavailable,
cdaf20ed0378105f5c12f9a6543d7a1456ff4ab650d83c97d31d5e20c206c28f,2022-06,Cambridgeshire Constabulary,Cambridgeshire Constabulary,-0.270939,52.555881,On or near Caldervale,E01033179,Peterborough 022D,Vehicle crime,Investigation complete; no suspect identified,
14b19dcc1eade7ad63965d165982b390439b1a662cdf6a2462f51e239d9a4432,2022-06,Cambridgeshire Constabulary,Cambridgeshire Constabulary,-0.249944,52.548929,On or near The Ashes,E01033179,Peterborough 022D,Violence and sexual offences,Unable to prosecute suspect,
478c0a738f2431fd650e61c6d05bcce2ab458277ef6cab28a8e2bad348d5e444,2022-06,Cambridgeshire Constabulary,Cambridgeshire Constabulary,-0.272992,52.559571,On or near Wakerley Drive,E01033179,Peterborough 022D,Violence and sexual offences,Unable to prosecute suspect,
3bd44526f1920f4a75d05160dcb3f8f6ff0fb698a4cd850d03f736c294883737,2022-06,Cambridgeshire Constabulary,Cambridgeshire Constabulary,-0.275446,52.558689,On or near Catherine Close,E01033179,Peterborough 022D,Violence and sexual offences,Unable to prosecute suspect,
b7e57381c7a31a53d356124038ac59a2916c393a466c6a083e7d61ee1898d442,2022-06,Cambridgeshire Constabulary,Cambridgeshire Constabulary,-0.269809,52.556476,On or near Thornleigh Drive,E01033179,Peterborough 022D,Violence and sexual offences,Unable to prosecute suspect,
608ec06184df67e77d1402ec0dadb2a5eb38c6bef6d1ff40ea8bfac846fa18a1,2022-06,Cambridgeshire Constabulary,Cambridgeshire Constabulary,-0.275446,52.558689,On or near Catherine Close,E01033179,Peterborough 022D,Violence and sexual offences,Unable to prosecute suspect,
,2022-06,Cambridgeshire Constabulary,Cambridgeshire Constabulary,-0.266573,52.539409,On or near Fields End Close,E01033181,Peterborough 022E,Anti-social behaviour,,
,2022-06,Cambridgeshire Constabulary,Cambridgeshire Constabulary,-0.261522,52.541088,On or near Parking Area,E01033181,Peterborough 022E,Anti-social behaviour,,
,2022-06,Cambridgeshire Constabulary,Cambridgeshire Constabulary,-0.263037,52.540823,On or near Shopping Area,E01033181,Peterborough 022E,Anti-social behaviour,,
,2022-06,Cambridgeshire Constabulary,Cambridgeshire Constabulary,-0.263037,52.540823,On or near Shopping Area,E01033181,Peterborough 022E,Anti-social behaviour,,
,2022-06,Cambridgeshire Constabulary,Cambridgeshire Constabulary,-0.263037,52.540823,On or near Shopping Area,E01033181,Peterborough 022E,Anti-social behaviour,,
9caf91c528cb4748106566830a51c74eb11c1aec64499ecc97ed016a41d14052,2022-06,Cambridgeshire Constabulary,Cambridgeshire Constabulary,-0.263037,52.540823,On or near Shopping Area,E01033181,Peterborough 022E,Bicycle theft,Investigation complete; no suspect identified,
319639ee0633fd6e6a2606ee1e217d7d45ee7854c41c66d95d9d78a2263ea262,2022-06,Cambridgeshire Constabulary,Cambridgeshire Constabulary,-0.261522,52.541088,On or near Parking Area,E01033181,Peterborough 022E,Bicycle theft,Court result unavailable,
031dcbf508185eb3d01a274d6a7a26b815f52b7cb636cbb57a2374e56230c1d2,2022-06,Cambridgeshire Constabulary,Cambridgeshire Constabulary,-0.263037,52.540823,On or near Shopping Area,E01033181,Peterborough 022E,Bicycle theft,Investigation complete; no suspect identified,
df953fdd9e20d28f2e0a7b8b76d5fa4e069eba634fc656e06b01cb4e2d5af813,2022-06,Cambridgeshire Constabulary,Cambridgeshire Constabulary,-0.274522,52.542016,On or near Malus Close,E01033181,Peterborough 022E,Drugs,Local resolution,
fd362abcef6e4de37316a9fc600359b7dd1d3e7ac90dbd25e0d579a18b450278,2022-06,Cambridgeshire Constabulary,Cambridgeshire Constabulary,-0.270314,52.542143,On or near Marius Crescent,E01033181,Peterborough 022E,Drugs,Local resolution,
6ae97738779a8b49a94aab701e186afcf458cc92a46cdba9e3711f0460e7eb2d,2022-06,Cambridgeshire Constabulary,Cambridgeshire Constabulary,-0.263037,52.540823,On or near Shopping Area,E01033181,Peterborough 022E,Other theft,Investigation complete; no suspect identified,
78b73db7c2671d29a86dca0ca40195bc61a16952d2e8fd288f77ff0ba378f5b5,2022-06,Cambridgeshire Constabulary,Cambridgeshire Constabulary,-0.261522,52.541088,On or near Parking Area,E01033181,Peterborough 022E,Public order,Investigation complete; no suspect identified,
4df9a5eb5c4c842c90905aa6aa2b47ba90a0f160e7706c29c46929d5cc9c0bf8,2022-06,Cambridgeshire Constabulary,Cambridgeshire Constabulary,-0.266573,52.539409,On or near Fields End Close,E01033181,Peterborough 022E,Public order,Investigation complete; no suspect identified,
2c35b20412025bf2b69082c35577d3687b7da7a47416827aca0c6d2e354743a9,2022-06,Cambridgeshire Constabulary,Cambridgeshire Constabulary,-0.261522,52.541088,On or near Parking Area,E01033181,Peterborough 022E,Public order,Investigation complete; no suspect identified,
59e48da3c3ac6a7b82ae6d5b0c5eb050f4660f00dbb3c0c92a280c671964937c,2022-06,Cambridgeshire Constabulary,Cambridgeshire Constabulary,-0.265892,52.539093,On or near Tabor Court,E01033181,Peterborough 022E,Public order,Unable to prosecute suspect,
9f2e135b2b2b38d46be9156bd76c06ba91ed161e5d485e4cc9e854b84f3c23e8,2022-06,Cambridgeshire Constabulary,Cambridgeshire Constabulary,-0.263037,52.540823,On or near Shopping Area,E01033181,Peterborough 022E,Public order,Investigation complete; no suspect identified,
e03b0bcf8eaafa69042a5aef190b5946e3cb0f19486319e57d10c094bd9fea6a,2022-06,Cambridgeshire Constabulary,Cambridgeshire Constabulary,-0.267008,52.541834,On or near Holly Walk,E01033181,Peterborough 022E,Public order,Unable to prosecute suspect,
e3ac7081b99b27f4b25dd793abb22f5ca628516cd1579c0b10b4b1d9078a7ac2,2022-06,Cambridgeshire Constabulary,Cambridgeshire Constabulary,-0.261522,52.541088,On or near Parking Area,E01033181,Peterborough 022E,Shoplifting,Investigation complete; no suspect identified,
b21b58e3bd44199bdef8436df9391cd9f7cf172cf8e0e2dcd6284125af8857c1,2022-06,Cambridgeshire Constabulary,Cambridgeshire Constabulary,-0.263037,52.540823,On or near Shopping Area,E01033181,Peterborough 022E,Shoplifting,Investigation complete; no suspect identified,
383eecee7b990d7ecfcc06f9651b1a225ed1b4c2915ab76b0bf7dafb6b470921,2022-06,Cambridgeshire Constabulary,Cambridgeshire Constabulary,-0.263037,52.540823,On or near Shopping Area,E01033181,Peterborough 022E,Shoplifting,Investigation complete; no suspect identified,
5a5c546869a6b5819c58a9f4d580301183b6fe5f28297c11c72731a5bdc53f75,2022-06,Cambridgeshire Constabulary,Cambridgeshire Constabulary,-0.263037,52.540823,On or near Shopping Area,E01033181,Peterborough 022E,Shoplifting,Offender given a caution,
43d6b14bd831a40620e996f675bdef0e5540dcc19014becc012980a00a280ee3,2022-06,Cambridgeshire Constabulary,Cambridgeshire Constabulary,-0.261522,52.541088,On or near Parking Area,E01033181,Peterborough 022E,Shoplifting,Unable to prosecute suspect,
4765e24a8fd933b0642abd7a5fb02173b9e5e9098f1f7c785c913364957c377c,2022-06,Cambridgeshire Constabulary,Cambridgeshire Constabulary,-0.263037,52.540823,On or near Shopping Area,E01033181,Peterborough 022E,Shoplifting,Status update unavailable,
18d1cdd602f438414717781c9d33743f470f9fd2a720f6532351622e72afc519,2022-06,Cambridgeshire Constabulary,Cambridgeshire Constabulary,-0.261522,52.541088,On or near Parking Area,E01033181,Peterborough 022E,Shoplifting,Investigation complete; no suspect identified,
930cad61481dcab294de678ceec4ef3f9dbfee75fc336f2549172b15155e70cc,2022-06,Cambridgeshire Constabulary,Cambridgeshire Constabulary,-0.263037,52.540823,On or near Shopping Area,E01033181,Peterborough 022E,Violence and sexual offences,Investigation complete; no suspect identified,
68c330bbf87e871165bc888f581f3548f2ed84df1fade9d645e617caefc41e8e,2022-06,Cambridgeshire Constabulary,Cambridgeshire Constabulary,-0.261522,52.541088,On or near Parking Area,E01033181,Peterborough 022E,Violence and sexual offences,Investigation complete; no suspect identified,
a299be52d1fb436496642d65c4e9fd232165403673371dc2f96050fe031eed53,2022-06,Cambridgeshire Constabulary,Cambridgeshire Constabulary,-0.270314,52.542143,On or near Marius Crescent,E01033181,Peterborough 022E,Violence and sexual offences,Unable to prosecute suspect,
2b5bccd480bc24dd9aa89dcf9c4d4757d83e60a01eb825b4f2c6be0672bb7632,2022-06,Cambridgeshire Constabulary,Cambridgeshire Constabulary,-0.263037,52.540823,On or near Shopping Area,E01033181,Peterborough 022E,Violence and sexual offences,Investigation complete; no suspect identified,
1269514b2e59a66c4531d736e6c92bd8bc79475686b3f480c8ed8967057cf587,2022-06,Cambridgeshire Constabulary,Cambridgeshire Constabulary,-0.269522,52.542770,On or near Lady Charlotte Road,E01033181,Peterborough 022E,Violence and sexual offences,Unable to prosecute suspect,
4ae38481416e71312bc391596b7125f2c06ab7a18171209d7ffd1ee931b53c1f,2022-06,Cambridgeshire Constabulary,Cambridgeshire Constabulary,-0.270314,52.542143,On or near Marius Crescent,E01033181,Peterborough 022E,Violence and sexual offences,Unable to prosecute suspect,
0ceb6b9c5f7ffefc6ffb27df4a11fc49131254d19345797a756424164b2adb56,2022-06,Cambridgeshire Constabulary,Cambridgeshire Constabulary,-0.272963,52.541516,On or near Alder Road,E01033181,Peterborough 022E,Violence and sexual offences,Unable to prosecute suspect,
78815a287c2bfca628f65e87a60a5c077ec697cf2a30c266d8cc8e62e4ba7805,2022-06,Cambridgeshire Constabulary,Cambridgeshire Constabulary,-0.285940,52.542272,On or near Birchwood,E01015643,Peterborough 023A,Burglary,Unable to prosecute suspect,
f85e3ac072da0763cf867a36461a1ff4ca3c66222f81dd4192799da7ebc40f31,2022-06,Cambridgeshire Constabulary,Cambridgeshire Constabulary,-0.285940,52.542272,On or near Birchwood,E01015643,Peterborough 023A,Criminal damage and arson,Unable to prosecute suspect,
cd8a5638afe046b06d2261cf5845444b7aa8463402b809c13f3b3897352dfbc5,2022-06,Cambridgeshire Constabulary,Cambridgeshire Constabulary,-0.285274,52.543853,On or near Goldhay Way,E01015643,Peterborough 023A,Other theft,Investigation complete; no suspect identified,
96a11bbd451f842140af7cdbe640176738c36d0ac376ab5f46684d3c76648c0b,2022-06,Cambridgeshire Constabulary,Cambridgeshire Constabulary,-0.286924,52.542762,On or near Howland,E01015643,Peterborough 023A,Other theft,Further action is not in the public interest,
5affe8ae83a63e95ac086d5c739cd18d116abc2acf48bd32efd15e3993ad1101,2022-06,Cambridgeshire Constabulary,Cambridgeshire Constabulary,-0.286924,52.542762,On or near Howland,E01015643,Peterborough 023A,Possession of weapons,Court result unavailable,
5ea12e4e5fd7fbf7c429775c217191fe7298ed4eab59243d85ac8a8c2c6bbb7a,2022-06,Cambridgeshire Constabulary,Cambridgeshire Constabulary,-0.283186,52.541054,On or near Fletton Parkway,E01015643,Peterborough 023A,Public order,Investigation complete; no suspect identified,
33bc9fb36865ecb8f56039b6aa9f4d94d5de7a70652de055eaacbbf278c1a693,2022-06,Cambridgeshire Constabulary,Cambridgeshire Constabulary,-0.292303,52.540188,On or near Wingfield,E01015643,Peterborough 023A,Vehicle crime,Investigation complete; no suspect identified,
6c71eca3f6647b762ed20619b04941521f8b556170ecd15dd6e17fdc8a67ac34,2022-06,Cambridgeshire Constabulary,Cambridgeshire Constabulary,-0.285940,52.542272,On or near Birchwood,E01015643,Peterborough 023A,Vehicle crime,Unable to prosecute suspect,
5c912ae1901ac3285bc06deb43fe2d5413d63d89ad2ede6bdee1de4728aa0a05,2022-06,Cambridgeshire Constabulary,Cambridgeshire Constabulary,-0.285274,52.543853,On or near Goldhay Way,E01015643,Peterborough 023A,Violence and sexual offences,Local resolution,
0430284d673dd9b2c9cb48556d40deb65f38c33f1382dc3926b26e93e1e2adc1,2022-06,Cambridgeshire Constabulary,Cambridgeshire Constabulary,-0.292303,52.540188,On or near Wingfield,E01015643,Peterborough 023A,Violence and sexual offences,Unable to prosecute suspect,
88aa099a339ac7aba4449c4805fc2f009ca0572d80048309a1997bbe7d1ef306,2022-06,Cambridgeshire Constabulary,Cambridgeshire Constabulary,-0.292303,52.540188,On or near Wingfield,E01015643,Peterborough 023A,Violence and sexual offences,Unable to prosecute suspect,
b6a5232cff6b561a660849cf7fe8c7cbc73809e91def55ced7719cbb9e652ec7,2022-06,Cambridgeshire Constabulary,Cambridgeshire Constabulary,-0.285274,52.543853,On or near Goldhay Way,E01015643,Peterborough 023A,Violence and sexual offences,Local resolution,
f4469dccd9cfa05a031d9492ec329f3f62f8647e9e2b995cbca271ea118f9032,2022-06,Cambridgeshire Constabulary,Cambridgeshire Constabulary,-0.292303,52.540188,On or near Wingfield,E01015643,Peterborough 023A,Violence and sexual offences,Status update unavailable,
e25e1befff3ed23a51f96ad5d44b586daa59749ecb5f6cc85a3427acab3818a2,2022-06,Cambridgeshire Constabulary,Cambridgeshire Constabulary,-0.292303,52.540188,On or near Wingfield,E01015643,Peterborough 023A,Violence and sexual offences,Unable to prosecute suspect,
c82d837f5607420562dc2c55c666ca579219a5d737ca039430092b97f079cf36,2022-06,Cambridgeshire Constabulary,Cambridgeshire Constabulary,-0.292303,52.540188,On or near Wingfield,E01015643,Peterborough 023A,Violence and sexual offences,Status update unavailable,
3a5f55717ada3648714f12876852e7966d9905e32d2f63ac5a99c1b8f07069be,2022-06,Cambridgeshire Constabulary,Cambridgeshire Constabulary,-0.285940,52.542272,On or near Birchwood,E01015643,Peterborough 023A,Other crime,Status update unavailable,
c2243b329a7341fc681eae6f702c16d88b644c9faca4239ae0dad8cda6205a70,2022-06,Cambridgeshire Constabulary,Cambridgeshire Constabulary,-0.267902,52.538233,On or near St Edmunds Way,E01033175,Peterborough 023B,Drugs,Local resolution,
5c754815e3b9d7d914efdc712723862ebf21de23d1ce69c2f1e51756397e7f90,2022-06,Cambridgeshire Constabulary,Cambridgeshire Constabulary,-0.272730,52.536946,On or near Tern Road,E01033175,Peterborough 023B,Public order,Unable to prosecute suspect,
e03e9f352e19f8c74671184aab0b94edd4c07355a3a960d8ac82db3ce9563170,2022-06,Cambridgeshire Constabulary,Cambridgeshire Constabulary,-0.268653,52.541624,On or near Ilex Close,E01033175,Peterborough 023B,Public order,Unable to prosecute suspect,
e31280324aa0feae78e89e2d5708402a1dc90983a005de3b07d994b803e22934,2022-06,Cambridgeshire Constabulary,Cambridgeshire Constabulary,-0.267902,52.538233,On or near St Edmunds Way,E01033175,Peterborough 023B,Vehicle crime,Investigation complete; no suspect identified,
7f303b0a29517be15b70bf733d62909ab6c670178dc3b219900a6979c7304f8e,2022-06,Cambridgeshire Constabulary,Cambridgeshire Constabulary,-0.268754,52.538677,On or near St Katherines Mews,E01033175,Peterborough 023B,Violence and sexual offences,Unable to prosecute suspect,
343942a130856c759a0c086850176999682d9f16cb9c1018f427d9ef8e22c48c,2022-06,Cambridgeshire Constabulary,Cambridgeshire Constabulary,-0.268754,52.538677,On or near St Katherines Mews,E01033175,Peterborough 023B,Violence and sexual offences,Investigation complete; no suspect identified,
04b57ee105f9ece2ae3985a2ea82e0e7a387222815d7d21dfbf14bc3ac9c20cc,2022-06,Cambridgeshire Constabulary,Cambridgeshire Constabulary,-0.272730,52.536946,On or near Tern Road,E01033175,Peterborough 023B,Violence and sexual offences,Unable to prosecute suspect,
,2022-06,Cambridgeshire Constabulary,Cambridgeshire Constabulary,-0.265792,52.530020,On or near Chaffinch Lane,E01033176,Peterborough 023C,Anti-social behaviour,,
,2022-06,Cambridgeshire Constabulary,Cambridgeshire Constabulary,-0.261064,52.525437,On or near Park/Open Space,E01033176,Peterborough 023C,Anti-social behaviour,,
f5f04fc260f5d9fd81459a715d9f8f2afa3b708cceebb8ac776e1f79f0bb1b7a,2022-06,Cambridgeshire Constabulary,Cambridgeshire Constabulary,-0.269119,52.530159,On or near Old Bailey Road,E01033176,Peterborough 023C,Criminal damage and arson,Investigation complete; no suspect identified,
042dc953b3518ed6e29e1a37c0bb189f78d7c61bbd081abba7eec994b9f72eba,2022-06,Cambridgeshire Constabulary,Cambridgeshire Constabulary,-0.261064,52.525437,On or near Park/Open Space,E01033176,Peterborough 023C,Public order,Unable to prosecute suspect,
51153bd547d181323d152be6be924599d2c7e60aaf719c9a687fadc9c5730270,2022-06,Cambridgeshire Constabulary,Cambridgeshire Constabulary,-0.261064,52.525437,On or near Park/Open Space,E01033176,Peterborough 023C,Public order,Unable to prosecute suspect,
0fdeaee3ecf695905ddc12f95ca1a73fd124d7cdadadc9bfca439b400c385aa5,2022-06,Cambridgeshire Constabulary,Cambridgeshire Constabulary,-0.266498,52.530453,On or near Walsham Road,E01033176,Peterborough 023C,Violence and sexual offences,Unable to prosecute suspect,
0174562ae730708578ff1d7698fd2092d8ef28f914ddb8d23cf3d78958a5dc58,2022-06,Cambridgeshire Constabulary,Cambridgeshire Constabulary,-0.251665,52.532348,On or near Park/Open Space,E01033176,Peterborough 023C,Violence and sexual offences,Status update unavailable,
3c78cee434a46d89b29b1b80c28c16a5464df10e4aa6d8fe24c0bb23fe336e37,2022-06,Cambridgeshire Constabulary,Cambridgeshire Constabulary,-0.267241,52.534033,On or near Park Home Road,E01033176,Peterborough 023C,Violence and sexual offences,Unable to prosecute suspect,
437ab2339cd35075f88994893fbcf3ea1be159a0d0a6a4105b1de710799b2203,2022-06,Cambridgeshire Constabulary,Cambridgeshire Constabulary,-0.251665,52.532348,On or near Park/Open Space,E01033176,Peterborough 023C,Violence and sexual offences,Unable to prosecute suspect,
788d98b999279dcdf1c60fa0bc9f4cc7dde8c27ee332e6d48a2012fc0d1c20af,2022-06,Cambridgeshire Constabulary,Cambridgeshire Constabulary,-0.267241,52.534033,On or near Park Home Road,E01033176,Peterborough 023C,Violence and sexual offences,Further action is not in the public interest,
7ea40ed21d34c29866441a11b9aa9e062db84139652ecbb95a9be290bb279d27,2022-06,Cambridgeshire Constabulary,Cambridgeshire Constabulary,-0.269438,52.534029,On or near Hempstead Road,E01033176,Peterborough 023C,Violence and sexual offences,Unable to prosecute suspect,
68cef3ac32afe72903dfe440515ef18587ec8385d180beb174e29936a4a43b05,2022-06,Cambridgeshire Constabulary,Cambridgeshire Constabulary,-0.258707,52.522418,On or near Rolls Close,E01033176,Peterborough 023C,Violence and sexual offences,Unable to prosecute suspect,
7120688cd6ad31e0de715cf5ae91e2d66d6764cf12e194aa440d170bb1e1bc21,2022-06,Cambridgeshire Constabulary,Cambridgeshire Constabulary,-0.269609,52.532306,On or near Tudor Avenue,E01033176,Peterborough 023C,Violence and sexual offences,Unable to prosecute suspect,
19ad0a2e0516e6169507b7c32a2ccd5d0194174a77f126cccc9dd84648bfcd61,2022-06,Cambridgeshire Constabulary,Cambridgeshire Constabulary,-0.269210,52.533469,On or near Reedland Way,E01033176,Peterborough 023C,Violence and sexual offences,Unable to prosecute suspect,
07dd164c020c9b3f5515d66bcefcb3e42f321f051b08a58a29fe0b9058ade605,2022-06,Cambridgeshire Constabulary,Cambridgeshire Constabulary,-0.269438,52.534029,On or near Hempstead Road,E01033176,Peterborough 023C,Violence and sexual offences,Unable to prosecute suspect,
,2022-06,Cambridgeshire Constabulary,Cambridgeshire Constabulary,-0.277321,52.533030,On or near Peterfield Road,E01033177,Peterborough 023D,Anti-social behaviour,,
6aa3c1b25dea8f1f99ba71bc54f89c8fb65d574c94305974cf07c9e9df50dd37,2022-06,Cambridgeshire Constabulary,Cambridgeshire Constabulary,-0.277321,52.533030,On or near Peterfield Road,E01033177,Peterborough 023D,Criminal damage and arson,Investigation complete; no suspect identified,
c4c8cfee8a1ca1fb5bb8660fd828919550405644fca35823004f056f2cc0c825,2022-06,Cambridgeshire Constabulary,Cambridgeshire Constabulary,-0.277144,52.534160,On or near Spring Avenue,E01033177,Peterborough 023D,Public order,Unable to prosecute suspect,
fcbc6692c267ede0399029948ddf44f82504299b4cf9589a4b1aa2df729075aa,2022-06,Cambridgeshire Constabulary,Cambridgeshire Constabulary,-0.276103,52.533632,On or near Four Chimneys Crescent,E01033177,Peterborough 023D,Violence and sexual offences,Unable to prosecute suspect,
30c5d7d9147a1fc80603021c342ee6f1f14b0f0ca8cb70bb76f338a6fb0fa933,2022-06,Cambridgeshire Constabulary,Cambridgeshire Constabulary,-0.281134,52.534317,On or near Daisy Drive,E01033177,Peterborough 023D,Violence and sexual offences,Unable to prosecute suspect,
8ebbe447c57ef3887f4f60ca3ec2ce85558fc95e5ea80b06960e08cdcba46d61,2022-06,Cambridgeshire Constabulary,Cambridgeshire Constabulary,-0.277806,52.534583,On or near Bridle Lane,E01033177,Peterborough 023D,Violence and sexual offences,Unable to prosecute suspect,
aa73bd4b93bd63fe3836e47963a7ec7a1c82a7351845fb99d15ab6e3610491f5,2022-06,Cambridgeshire Constabulary,Cambridgeshire Constabulary,-0.281134,52.534317,On or near Daisy Drive,E01033177,Peterborough 023D,Violence and sexual offences,Unable to prosecute suspect,
,2022-06,Cambridgeshire Constabulary,Cambridgeshire Constabulary,-0.278921,52.531713,On or near Howgate Drive,E01033178,Peterborough 023E,Anti-social behaviour,,
,2022-06,Cambridgeshire Constabulary,Cambridgeshire Constabulary,-0.278921,52.531713,On or near Howgate Drive,E01033178,Peterborough 023E,Anti-social behaviour,,
,2022-06,Cambridgeshire Constabulary,Cambridgeshire Constabulary,-0.278405,52.532092,On or near Dean Crescent,E01033178,Peterborough 023E,Anti-social behaviour,,
,2022-06,Cambridgeshire Constabulary,Cambridgeshire Constabulary,-0.276066,52.532715,On or near Stewartby Avenue,E01033178,Peterborough 023E,Anti-social behaviour,,
4fd75941162c1402e21160bc5a209dda30dc5479381d3bc35307a184220fc7a4,2022-06,Cambridgeshire Constabulary,Cambridgeshire Constabulary,-0.277260,52.530457,On or near Hollowside Road,E01033178,Peterborough 023E,Burglary,Investigation complete; no suspect identified,
24d7ccbb4db11955ce9c10b6161b74eeccade0a80bc69e2785890b22dd28ab1e,2022-06,Cambridgeshire Constabulary,Cambridgeshire Constabulary,-0.278405,52.532092,On or near Dean Crescent,E01033178,Peterborough 023E,Criminal damage and arson,Investigation complete; no suspect identified,
b1a939583ed98a3cb93b4daae3aaf3144c469fb992d93a356c35180219751c51,2022-06,Cambridgeshire Constabulary,Cambridgeshire Constabulary,-0.278921,52.531713,On or near Howgate Drive,E01033178,Peterborough 023E,Criminal damage and arson,Unable to prosecute suspect,
4a3e927424550a66600044b8b5178ca07e6fb1931e502c53f5d49ff22fd7decd,2022-06,Cambridgeshire Constabulary,Cambridgeshire Constabulary,-0.281884,52.532089,On or near Edmund Drive,E01033178,Peterborough 023E,Drugs,Unable to prosecute suspect,
b0d7e3b4335a747cd644f16297b0d66eb72335db16158a79132d42b9a053b759,2022-06,Cambridgeshire Constabulary,Cambridgeshire Constabulary,-0.279800,52.530728,On or near Rustic Avenue,E01033178,Peterborough 023E,Violence and sexual offences,Unable to prosecute suspect,
c45d1e1e0092f47288446b4d897e282f6d2d112105b45c6d5d654b931f4df5a2,2022-06,Cambridgeshire Constabulary,Cambridgeshire Constabulary,-0.278921,52.531713,On or near Howgate Drive,E01033178,Peterborough 023E,Violence and sexual offences,Unable to prosecute suspect,
628b1bfc02a48d876ebc4431376a17868c27c8f7941891675ddcba67b30a85eb,2022-06,Cambridgeshire Constabulary,Cambridgeshire Constabulary,-0.278921,52.531713,On or near Howgate Drive,E01033178,Peterborough 023E,Violence and sexual offences,Unable to prosecute suspect,
88c6071a47b1505594974972b4059ce2ca9903d2c0b6305c408e0c6485a894a8,2022-06,Cambridgeshire Constabulary,Cambridgeshire Constabulary,-0.271726,52.533227,On or near Tinus Avenue,E01033178,Peterborough 023E,Violence and sexual offences,Investigation complete; no suspect identified,
5bcfb2791d9a34b5afb7be203c597a7060c235770144b8f909fa411e5dbf67b0,2022-06,Cambridgeshire Constabulary,Cambridgeshire Constabulary,-0.281898,52.530237,On or near Teal Drive,E01033178,Peterborough 023E,Violence and sexual offences,Unable to prosecute suspect,
f43822139c47b461733b4c6fc9ddb9a2d868e4051a539ec0a5c4955e90a58ad8,2022-06,Cambridgeshire Constabulary,Cambridgeshire Constabulary,-0.281898,52.530237,On or near Teal Drive,E01033178,Peterborough 023E,Violence and sexual offences,Status update unavailable,
18a48f415f53b03f7c50938f4df587c2900d8e50d3adc9196365f3eaadfeebef,2022-06,Cambridgeshire Constabulary,Cambridgeshire Constabulary,-0.281898,52.530237,On or near Teal Drive,E01033178,Peterborough 023E,Violence and sexual offences,Status update unavailable,
d089cdfed48e5c5fc14bea10a04573c80d7d605d6ff582bc5119979cab61ff6d,2022-06,Cambridgeshire Constabulary,Cambridgeshire Constabulary,-0.281898,52.530237,On or near Teal Drive,E01033178,Peterborough 023E,Violence and sexual offences,Status update unavailable,
9be3dae4e301fa3fe6d0fc7d64847de50e388fa55ef18f077653ff9db82f6890,2022-06,Cambridgeshire Constabulary,Cambridgeshire Constabulary,-0.271726,52.533227,On or near Tinus Avenue,E01033178,Peterborough 023E,Other crime,Unable to prosecute suspect,
,2022-06,Cambridgeshire Constabulary,Cambridgeshire Constabulary,-0.280570,52.537437,On or near Evergreen Drive,E01033180,Peterborough 023F,Anti-social behaviour,,
,2022-06,Cambridgeshire Constabulary,Cambridgeshire Constabulary,-0.276427,52.536658,On or near Hornbeam Road,E01033180,Peterborough 023F,Anti-social behaviour,,
,2022-06,Cambridgeshire Constabulary,Cambridgeshire Constabulary,-0.271732,52.539062,On or near Capthorne Close,E01033180,Peterborough 023F,Anti-social behaviour,,
a34191cb957993fa78b7db299b4b3bf8751f623407e35662629179437e7ee842,2022-06,Cambridgeshire Constabulary,Cambridgeshire Constabulary,-0.276850,52.539406,On or near Ashville Road,E01033180,Peterborough 023F,Other theft,Unable to prosecute suspect,
f4cd54450fe114321da6b01fa0e3b3cf230862607fa7e4806a2e756fbabefc5e,2022-06,Cambridgeshire Constabulary,Cambridgeshire Constabulary,-0.276850,52.539406,On or near Ashville Road,E01033180,Peterborough 023F,Public order,Unable to prosecute suspect,
90c9d768b8cca1c1d4a2197537a511bf13fd229dbf8c69cc6b6e4e109924d3f1,2022-06,Cambridgeshire Constabulary,Cambridgeshire Constabulary,-0.271732,52.539062,On or near Capthorne Close,E01033180,Peterborough 023F,Theft from the person,Investigation complete; no suspect identified,
9fdcc012107c0271724c7919d677b31054fdf7c36564d4cf3e3f3f9db739428f,2022-06,Cambridgeshire Constabulary,Cambridgeshire Constabulary,-0.276850,52.539406,On or near Ashville Road,E01033180,Peterborough 023F,Violence and sexual offences,Investigation complete; no suspect identified,
f2210f29379d91653ca5a4887d8ed6d6184fc9663fdeb9f1104d2c934a3c2252,2022-06,Cambridgeshire Constabulary,Cambridgeshire Constabulary,-0.276850,52.539406,On or near Ashville Road,E01033180,Peterborough 023F,Violence and sexual offences,Unable to prosecute suspect,
8911afa6e4d628f97218e669160459e76b5e35d41bb0f3420e21654ae7e6140c,2022-06,Cambridgeshire Constabulary,Cambridgeshire Constabulary,-4.117116,50.386653,On or near Channel Park Avenue,E01015060,Plymouth 021E,Violence and sexual offences,Status update unavailable,
4ae9009b51e979d19e64f99b338020732b30d5a044218167b1b13af782dfb27e,2022-06,Cambridgeshire Constabulary,Cambridgeshire Constabulary,-1.359332,50.919194,On or near Wavell Road,E01017202,Southampton 016C,Violence and sexual offences,Status update unavailable,
,2022-06,Cambridgeshire Constabulary,Cambridgeshire Constabulary,0.061133,52.314708,On or near Church Street,E01018304,South Cambridgeshire 001A,Anti-social behaviour,,
32aa8031776d45536fff0736d0bab2c7266352332e4390b489eb12eef5d1d41e,2022-06,Cambridgeshire Constabulary,Cambridgeshire Constabulary,0.057396,52.314792,On or near Love'S Lane,E01018304,South Cambridgeshire 001A,Burglary,Investigation complete; no suspect identified,
407b07c5018a60bd8f2a914f0f114f371f4ff0e0bb0f995165a89339fb3a84e1,2022-06,Cambridgeshire Constabulary,Cambridgeshire Constabulary,0.050323,52.310644,On or near Haden Way,E01018304,South Cambridgeshire 001A,Burglary,Investigation complete; no suspect identified,
ff6f67a7e02b06b1e88e762b802d3f003e340374e3bc64d6a1276fbb0ca8a49a,2022-06,Cambridgeshire Constabulary,Cambridgeshire Constabulary,0.057543,52.314160,On or near Supermarket,E01018304,South Cambridgeshire 001A,Burglary,Investigation complete; no suspect identified,
df2fef8d7b8df6eb61297955f95fdc79e1da02715609a191ac987da4d462b812,2022-06,Cambridgeshire Constabulary,Cambridgeshire Constabulary,0.064085,52.316024,On or near Brickhills,E01018304,South Cambridgeshire 001A,Criminal damage and arson,Court result unavailable,
3e970c50f69f1c274ce38c15bdcb865cd7bf97774b00b71db8fba5ce5cbb605f,2022-06,Cambridgeshire Constabulary,Cambridgeshire Constabulary,0.050323,52.310644,On or near Haden Way,E01018304,South Cambridgeshire 001A,Other theft,Investigation complete; no suspect identified,
fd37b0c995e267d1ba9efe9cd1ad7abe471de0084cf1879c73dc4c7397cea5e1,2022-06,Cambridgeshire Constabulary,Cambridgeshire Constabulary,0.050323,52.310644,On or near Haden Way,E01018304,South Cambridgeshire 001A,Other theft,Unable to prosecute suspect,
91d7c723eeffa15a9e1fae5137ff43eb0f062f53c24c73c5de871a0cc2125a57,2022-06,Cambridgeshire Constabulary,Cambridgeshire Constabulary,0.063760,52.316937,On or near Wilford Furlong,E01018304,South Cambridgeshire 001A,Vehicle crime,Investigation complete; no suspect identified,
ec0ec0b18e75f378778910532c88a0dac1436f79b1f34456a113ab3738da1511,2022-06,Cambridgeshire Constabulary,Cambridgeshire Constabulary,0.064085,52.316024,On or near Brickhills,E01018304,South Cambridgeshire 001A,Violence and sexual offences,Court result unavailable,
6386ec3f7890a5b0d3a17f8c65f678d8224c80cd7dabebf0b712e8d7367bf210,2022-06,Cambridgeshire Constabulary,Cambridgeshire Constabulary,0.056316,52.312383,On or near High Street,E01018304,South Cambridgeshire 001A,Violence and sexual offences,Unable to prosecute suspect,
84bfe7eb3ee20ad9c73e65dacef6bd538dea9812af28c21a0fa5d339511b5971,2022-06,Cambridgeshire Constabulary,Cambridgeshire Constabulary,0.050323,52.310644,On or near Haden Way,E01018304,South Cambridgeshire 001A,Violence and sexual offences,Unable to prosecute suspect,
211ddb3ee94081ec62bc4d0ee07026cb884a26d3bacc260a23ef964778f03e39,2022-06,Cambridgeshire Constabulary,Cambridgeshire Constabulary,0.011282,52.313788,On or near Sports/Recreation Area,E01018305,South Cambridgeshire 001B,Criminal damage and arson,Investigation complete; no suspect identified,
53a77dafd14834c1eb8d4c862b963dc5098f59debcf9e7709597062ccf51c3a1,2022-06,Cambridgeshire Constabulary,Cambridgeshire Constabulary,0.012156,52.314951,On or near Drings Close,E01018305,South Cambridgeshire 001B,Criminal damage and arson,Investigation complete; no suspect identified,
2f4c08cd7537fd9f609bf030ed01f632a98941b843dedaadce96482b727c8654,2022-06,Cambridgeshire Constabulary,Cambridgeshire Constabulary,0.010707,52.315353,On or near The Doles,E01018305,South Cambridgeshire 001B,Other theft,Investigation complete; no suspect identified,
e107f409952a2cebfb53ad4aa8fab59cb82231f643d418eba1c1375a0c13e27d,2022-06,Cambridgeshire Constabulary,Cambridgeshire Constabulary,0.011087,52.315958,On or near Queen'S Close,E01018305,South Cambridgeshire 001B,Other theft,Status update unavailable,
34dfee04090bf905cd50ce18280273b7513396b5eb51c69a8092ffcb3f7dea81,2022-06,Cambridgeshire Constabulary,Cambridgeshire Constabulary,0.011087,52.315958,On or near Queen'S Close,E01018305,South Cambridgeshire 001B,Public order,Unable to prosecute suspect,
3ec6b8cf7ccf1aa2106181b8e621c4cce32f4f37603b55a823fedf03aa48ae05,2022-06,Cambridgeshire Constabulary,Cambridgeshire Constabulary,0.011087,52.315958,On or near Queen'S Close,E01018305,South Cambridgeshire 001B,Public order,Unable to prosecute suspect,
e5a11a72b55f5538348630a5a88f26b598e69c433c4019ca6134c6de0670c33d,2022-06,Cambridgeshire Constabulary,Cambridgeshire Constabulary,0.024092,52.312885,On or near Hill Road,E01018306,South Cambridgeshire 001C,Burglary,Investigation complete; no suspect identified,
35642d086b791b8a8e4b711a8a89d88096b70fc02c33ebe456451cb7d6672c55,2022-06,Cambridgeshire Constabulary,Cambridgeshire Constabulary,-0.001081,52.322045,On or near Park/Open Space,E01018306,South Cambridgeshire 001C,Criminal damage and arson,Investigation complete; no suspect identified,
3ac60ed3d346b7765c0d0950f8b112bc690b7e3fe12eee71a9c79e94fd4df333,2022-06,Cambridgeshire Constabulary,Cambridgeshire Constabulary,0.016204,52.316545,On or near High Street,E01018306,South Cambridgeshire 001C,Other theft,Investigation complete; no suspect identified,
a3cd9c4b778710785a58e5eb1a90e974f69805aaf76fb94f754e12a302b99642,2022-06,Cambridgeshire Constabulary,Cambridgeshire Constabulary,-0.001081,52.322045,On or near Park/Open Space,E01018306,South Cambridgeshire 001C,Public order,Status update unavailable,
5638aeb6103de3c8795c4811e25ad89fa5efb53cc5a6ee80e9876dabd1a04b3a,2022-06,Cambridgeshire Constabulary,Cambridgeshire Constabulary,0.063871,52.312053,On or near Belsars Close,E01018307,South Cambridgeshire 001D,Criminal damage and arson,Investigation complete; no suspect identified,
0c03529a8a7ee4a37909448791c89bb9f07ecac50a7d648f31d1830ca5bec8a0,2022-06,Cambridgeshire Constabulary,Cambridgeshire Constabulary,0.063871,52.312053,On or near Belsars Close,E01018307,South Cambridgeshire 001D,Criminal damage and arson,Investigation complete; no suspect identified,
bed74114adead902fb16c2919a25595a2e59883c2ffaf81b5919bfb779c93cec,2022-06,Cambridgeshire Constabulary,Cambridgeshire Constabulary,0.055742,52.307276,On or near Millfield,E01018307,South Cambridgeshire 001D,Vehicle crime,Status update unavailable,
a105a8a3e4ce866a8e27a95bbf6190582b04cab8b52a0f791777fce78e7d3f78,2022-06,Cambridgeshire Constabulary,Cambridgeshire Constabulary,0.090779,52.291870,On or near Petrol Station,E01018233,South Cambridgeshire 002A,Burglary,Status update unavailable,
3fedc1403b4e98742441f8cfc88413847a74104d8969f6a24a558a9fd6d8afdd,2022-06,Cambridgeshire Constabulary,Cambridgeshire Constabulary,0.090779,52.291870,On or near Petrol Station,E01018233,South Cambridgeshire 002A,Burglary,Investigation complete; no suspect identified,
ef16b65621faf1ae0903a79787052581de34fda31bda1d4899be82ca8fa75766,2022-06,Cambridgeshire Constabulary,Cambridgeshire Constabulary,0.090779,52.291870,On or near Petrol Station,E01018233,South Cambridgeshire 002A,Criminal damage and arson,Investigation complete; no suspect identified,
9b91313ec2a9c3848dad1b7df5d8e8f683333a672e1c2ab000c91ee19267a4b7,2022-06,Cambridgeshire Constabulary,Cambridgeshire Constabulary,0.088272,52.291878,On or near Home Farm Close,E01018233,South Cambridgeshire 002A,Other theft,Investigation complete; no suspect identified,
20bf93af6d849078ef82c1c8eb87cdbaec86c4d58acbcf9f62de257187488a24,2022-06,Cambridgeshire Constabulary,Cambridgeshire Constabulary,0.090779,52.291870,On or near Petrol Station,E01018233,South Cambridgeshire 002A,Other theft,Investigation complete; no suspect identified,
3368657b29c67debf2b1fa061a0277640a3b55e80bcc1be22b6332b8a53bbf89,2022-06,Cambridgeshire Constabulary,Cambridgeshire Constabulary,0.090779,52.291870,On or near Petrol Station,E01018233,South Cambridgeshire 002A,Other theft,Investigation complete; no suspect identified,
bcd647835b995e3adf78770803be74e9a83df7d1ba46f2b2b74940b4fea926c4,2022-06,Cambridgeshire Constabulary,Cambridgeshire Constabulary,0.088272,52.291878,On or near Home Farm Close,E01018233,South Cambridgeshire 002A,Violence and sexual offences,Unable to prosecute suspect,
6143129e73965be2f1de9a47a57a9909bb2c67f28d4e85a61dd6fc2526f14e60,2022-06,Cambridgeshire Constabulary,Cambridgeshire Constabulary,0.122382,52.290065,On or near The Linnets,E01018233,South Cambridgeshire 002A,Violence and sexual offences,Unable to prosecute suspect,
e10ad90ccb7ec983414f83f9abea5c2998e8e4037a8bc8e587c0cc8cfc516657,2022-06,Cambridgeshire Constabulary,Cambridgeshire Constabulary,0.122382,52.290065,On or near The Linnets,E01018233,South Cambridgeshire 002A,Violence and sexual offences,Unable to prosecute suspect,
8ca51b27e4dec73d3f899485eaadfa6e548187ca615cd911a9d0b2870fabf001,2022-06,Cambridgeshire Constabulary,Cambridgeshire Constabulary,0.141073,52.302730,On or near Water Lane,E01018233,South Cambridgeshire 002A,Violence and sexual offences,Unable to prosecute suspect,
aa67c0685501c828b7a211cff3565206325a8a834bf9150d5f74eb61b9a0ecac,2022-06,Cambridgeshire Constabulary,Cambridgeshire Constabulary,0.131600,52.296058,On or near B1049,E01018233,South Cambridgeshire 002A,Violence and sexual offences,Further action is not in the public interest,
44c1412eb7a692cc6a4289e27607006e357f82fe149d85191d2eff1c3d695279,2022-06,Cambridgeshire Constabulary,Cambridgeshire Constabulary,0.131600,52.296058,On or near B1049,E01018233,South Cambridgeshire 002A,Violence and sexual offences,Unable to prosecute suspect,
0bb13274fd55092cfdc8ba8542f86dd269a777e43eff4476cb071a1ef753e894,2022-06,Cambridgeshire Constabulary,Cambridgeshire Constabulary,0.141073,52.302730,On or near Water Lane,E01018233,South Cambridgeshire 002A,Violence and sexual offences,Unable to prosecute suspect,
369aeceaab583062439ac52caa66c465d62021e957f28e479551b5f2d3f82961,2022-06,Cambridgeshire Constabulary,Cambridgeshire Constabulary,0.137814,52.304183,On or near Park Lane,E01018233,South Cambridgeshire 002A,Violence and sexual offences,Unable to prosecute suspect,
8c073df4f444a4fee201db0d84a48b3ec57564f29efd83c1b6ea9e0f0d16ffcf,2022-06,Cambridgeshire Constabulary,Cambridgeshire Constabulary,0.126277,52.292998,On or near Courtyard Way,E01018233,South Cambridgeshire 002A,Violence and sexual offences,Unable to prosecute suspect,
04629c969e1799c493af0cbb378e997bd9c5912823ce58b78eb201dc568b60d2,2022-06,Cambridgeshire Constabulary,Cambridgeshire Constabulary,0.122382,52.290065,On or near The Linnets,E01018233,South Cambridgeshire 002A,Violence and sexual offences,Unable to prosecute suspect,
d231ad52975df8c08cc250ab3f321a530575975a62ea9e124e19d2532dd785be,2022-06,Cambridgeshire Constabulary,Cambridgeshire Constabulary,0.131600,52.296058,On or near B1049,E01018233,South Cambridgeshire 002A,Violence and sexual offences,Unable to prosecute suspect,
,2022-06,Cambridgeshire Constabulary,Cambridgeshire Constabulary,0.120281,52.283224,On or near Manor Farm Court,E01018234,South Cambridgeshire 002B,Anti-social behaviour,,
,2022-06,Cambridgeshire Constabulary,Cambridgeshire Constabulary,0.123813,52.285040,On or near Lacks Close,E01018234,South Cambridgeshire 002B,Anti-social behaviour,,
536ea9de9d96efc0c629a97784103377771cad94d9bf3c0d9a20a09073043087,2022-06,Cambridgeshire Constabulary,Cambridgeshire Constabulary,0.123813,52.285040,On or near Lacks Close,E01018234,South Cambridgeshire 002B,Other theft,Unable to prosecute suspect,
202ab335b24c01572b0c9ac039312e097eb9e2a48d582876be1cb03bdf5894d3,2022-06,Cambridgeshire Constabulary,Cambridgeshire Constabulary,0.126389,52.286163,On or near Supermarket,E01018234,South Cambridgeshire 002B,Shoplifting,Investigation complete; no suspect identified,
dab73d102843134c831b0c24c7af3a4a2edcaf7a3bde7b7016d6795a1b6c2421,2022-06,Cambridgeshire Constabulary,Cambridgeshire Constabulary,0.127120,52.291005,On or near High Street,E01018234,South Cambridgeshire 002B,Vehicle crime,Investigation complete; no suspect identified,
b97b0431dc3f0f9790ad92026ffa16c8e6d348bc424567c35c35b78226c35f4b,2022-06,Cambridgeshire Constabulary,Cambridgeshire Constabulary,0.125437,52.288329,On or near Curringtons Close,E01018234,South Cambridgeshire 002B,Violence and sexual offences,Awaiting court outcome,
f74147770cee4cc8c514c8d2f29ef9341a44f4f7d1b7caa825f80617e6b24bfe,2022-06,Cambridgeshire Constabulary,Cambridgeshire Constabulary,0.125437,52.288329,On or near Curringtons Close,E01018234,South Cambridgeshire 002B,Violence and sexual offences,Unable to prosecute suspect,
ea37b55eddcfe562b791a6dbb6a98270cd0f53e8f9a4a33251aeecb68f366c81,2022-06,Cambridgeshire Constabulary,Cambridgeshire Constabulary,0.123421,52.288176,On or near Goode Close,E01018235,South Cambridgeshire 002C,Burglary,Investigation complete; no suspect identified,
d0503858f0a51944348ebc3bec515ee13fc148a26ce9b0f922f0c231cf556fb2,2022-06,Cambridgeshire Constabulary,Cambridgeshire Constabulary,0.119868,52.288393,On or near Victory Way,E01018236,South Cambridgeshire 002D,Criminal damage and arson,Unable to prosecute suspect,
593a215677a46282fda84d6c8beaae6619dd4993fdf888c3d24b56476f84133a,2022-06,Cambridgeshire Constabulary,Cambridgeshire Constabulary,0.111278,52.287216,On or near Rampton Road,E01018236,South Cambridgeshire 002D,Vehicle crime,Investigation complete; no suspect identified,
281b3faf0163edea4a4450671d5235259289369cfcde41006b64b70a3a69945a,2022-06,Cambridgeshire Constabulary,Cambridgeshire Constabulary,0.111278,52.287216,On or near Rampton Road,E01018236,South Cambridgeshire 002D,Vehicle crime,Investigation complete; no suspect identified,
c195b49972835c3eb141376083b8357e9090da1397388359f98f283731a2327e,2022-06,Cambridgeshire Constabulary,Cambridgeshire Constabulary,0.123025,52.282959,On or near Morgans,E01018236,South Cambridgeshire 002D,Violence and sexual offences,Unable to prosecute suspect,
fab528d92d531d47447f1ca99a6dd3bba908f32bb98fbde735c761c5f03148a6,2022-06,Cambridgeshire Constabulary,Cambridgeshire Constabulary,0.129329,52.285399,On or near Paxton Close,E01018236,South Cambridgeshire 002D,Violence and sexual offences,Status update unavailable,
e3f65b5df4e45577f651206f5a757622070e182af08c10dec7dbe51e0df36475,2022-06,Cambridgeshire Constabulary,Cambridgeshire Constabulary,0.111278,52.287216,On or near Rampton Road,E01018236,South Cambridgeshire 002D,Violence and sexual offences,Unable to prosecute suspect,
f83f30f5f6aab5b7e804146af98b58034fa0afc2f45b81c72c3cd78a25443e73,2022-06,Cambridgeshire Constabulary,Cambridgeshire Constabulary,0.115126,52.282723,On or near The Rowells,E01018236,South Cambridgeshire 002D,Violence and sexual offences,Unable to prosecute suspect,
,2022-06,Cambridgeshire Constabulary,Cambridgeshire Constabulary,0.066337,52.258536,On or near Kettles Close,E01018237,South Cambridgeshire 003A,Anti-social behaviour,,
432fe6bc3ea4a2e666e0b377b0659e6de1d3634c8267479158c89ddf14cc0a68,2022-06,Cambridgeshire Constabulary,Cambridgeshire Constabulary,0.070120,52.255440,On or near Cambridge Road,E01018237,South Cambridgeshire 003A,Burglary,Investigation complete; no suspect identified,
c8cd609f5dd1180f0663eac59e834abee2cc4cf36934a9218a3a5079b905e2c2,2022-06,Cambridgeshire Constabulary,Cambridgeshire Constabulary,0.070120,52.255440,On or near Cambridge Road,E01018237,South Cambridgeshire 003A,Public order,Unable to prosecute suspect,
2af459fdc445475a799f386a501bd332488c3026d39ff8ffb197f9efd7e0b940,2022-06,Cambridgeshire Constabulary,Cambridgeshire Constabulary,0.064381,52.257114,On or near The Broadway,E01018237,South Cambridgeshire 003A,Theft from the person,Investigation complete; no suspect identified,
3e8ae624f81f39092ef29e272a5dfa0880831d7f076e40167a17c21fa7c62539,2022-06,Cambridgeshire Constabulary,Cambridgeshire Constabulary,0.066128,52.259394,On or near Holme Close,E01018237,South Cambridgeshire 003A,Vehicle crime,Unable to prosecute suspect,
,2022-06,Cambridgeshire Constabulary,Cambridgeshire Constabulary,0.051387,52.280350,On or near Magdalene Close,E01018266,South Cambridgeshire 003B,Anti-social behaviour,,
,2022-06,Cambridgeshire Constabulary,Cambridgeshire Constabulary,0.049259,52.293632,On or near Station Road,E01018266,South Cambridgeshire 003B,Anti-social behaviour,,
,2022-06,Cambridgeshire Constabulary,Cambridgeshire Constabulary,0.068489,52.283990,On or near Airport/Airfield,E01018266,South Cambridgeshire 003B,Anti-social behaviour,,
,2022-06,Cambridgeshire Constabulary,Cambridgeshire Constabulary,0.045003,52.286566,On or near Brewers Close,E01018266,South Cambridgeshire 003B,Anti-social behaviour,,
,2022-06,Cambridgeshire Constabulary,Cambridgeshire Constabulary,0.059853,52.281138,On or near Rampton Drift,E01018266,South Cambridgeshire 003B,Anti-social behaviour,,
,2022-06,Cambridgeshire Constabulary,Cambridgeshire Constabulary,0.045003,52.286566,On or near Brewers Close,E01018266,South Cambridgeshire 003B,Anti-social behaviour,,
,2022-06,Cambridgeshire Constabulary,Cambridgeshire Constabulary,0.051387,52.280350,On or near Magdalene Close,E01018266,South Cambridgeshire 003B,Anti-social behaviour,,
,2022-06,Cambridgeshire Constabulary,Cambridgeshire Constabulary,0.035594,52.286009,On or near Over Road,E01018266,South Cambridgeshire 003B,Anti-social behaviour,,
,2022-06,Cambridgeshire Constabulary,Cambridgeshire Constabulary,0.045003,52.286566,On or near Brewers Close,E01018266,South Cambridgeshire 003B,Anti-social behaviour,,
,2022-06,Cambridgeshire Constabulary,Cambridgeshire Constabulary,0.059853,52.281138,On or near Rampton Drift,E01018266,South Cambridgeshire 003B,Anti-social behaviour,,
7973850f9e6f3602265530920221531e1ed4c5786d4b82b2a8e6b23e7fbd8ddb,2022-06,Cambridgeshire Constabulary,Cambridgeshire Constabulary,0.046575,52.280910,On or near Hatton'S Park,E01018266,South Cambridgeshire 003B,Criminal damage and arson,Unable to prosecute suspect,
0a794dba081fd4bdcf73411865ea1f22012d182ea9677130f7e3e9bb96b417bd,2022-06,Cambridgeshire Constabulary,Cambridgeshire Constabulary,0.059853,52.281138,On or near Rampton Drift,E01018266,South Cambridgeshire 003B,Criminal damage and arson,Investigation complete; no suspect identified,
12c7300042c4d2407af8bcad8a33531070699e3791652e92fd12357d5d136056,2022-06,Cambridgeshire Constabulary,Cambridgeshire Constabulary,0.049259,52.293632,On or near Station Road,E01018266,South Cambridgeshire 003B,Criminal damage and arson,Unable to prosecute suspect,
f43cf525bf93e75de3029a3477f39cf4d0a10d325f1a28dfb2cc97fcc99fc061,2022-06,Cambridgeshire Constabulary,Cambridgeshire Constabulary,0.059853,52.281138,On or near Rampton Drift,E01018266,South Cambridgeshire 003B,Criminal damage and arson,Investigation complete; no suspect identified,
5bd1bb4c432e2bfc226ce565ccb2712a0dbde1390618a6320056ec931bcc7173,2022-06,Cambridgeshire Constabulary,Cambridgeshire Constabulary,0.045003,52.286566,On or near Brewers Close,E01018266,South Cambridgeshire 003B,Criminal damage and arson,Offender given a caution,
5442778ba8ead2402ab775fd38c610dc371eb5cb3c4b19db39177f68c4764d82,2022-06,Cambridgeshire Constabulary,Cambridgeshire Constabulary,0.043237,52.285473,On or near Few'S Lane,E01018266,South Cambridgeshire 003B,Other theft,Investigation complete; no suspect identified,
072b86302bc73d9b61787c7387f890fd3820ad0ecc655f08b35dc8340947c2e6,2022-06,Cambridgeshire Constabulary,Cambridgeshire Constabulary,0.049259,52.293632,On or near Station Road,E01018266,South Cambridgeshire 003B,Possession of weapons,Further action is not in the public interest,
7a67cca997db8fea954b5af2976c902d15af1d532c9e81b3d43faf28dd14122e,2022-06,Cambridgeshire Constabulary,Cambridgeshire Constabulary,0.046575,52.280910,On or near Hatton'S Park,E01018266,South Cambridgeshire 003B,Public order,Investigation complete; no suspect identified,
dfd81041cfcde1760c016ca4070fdea0e52428de4a0158d87448d60410f9153b,2022-06,Cambridgeshire Constabulary,Cambridgeshire Constabulary,0.049259,52.293632,On or near Station Road,E01018266,South Cambridgeshire 003B,Public order,Unable to prosecute suspect,
217cefc872bb14e20f4591233fca4d8d8cf5790087ccea7ee30dc5133d62f605,2022-06,Cambridgeshire Constabulary,Cambridgeshire Constabulary,0.049259,52.293632,On or near Station Road,E01018266,South Cambridgeshire 003B,Public order,Unable to prosecute suspect,
fd4ef42f527c2e6a07f4fff76d8e5f098707041b2867114a6db5fded5478b432,2022-06,Cambridgeshire Constabulary,Cambridgeshire Constabulary,0.045003,52.286566,On or near Brewers Close,E01018266,South Cambridgeshire 003B,Public order,Further action is not in the public interest,
946ebe10bfa3dde21c4e8b11ec4fbdace81e4c848b79d43c1af6c6e2dffeef9e,2022-06,Cambridgeshire Constabulary,Cambridgeshire Constabulary,0.049259,52.293632,On or near Station Road,E01018266,South Cambridgeshire 003B,Public order,Status update unavailable,
f10283b30bdf06e3df0ce6e9031609f1a226eab6bf545f881aec50e8dbdfe399,2022-06,Cambridgeshire Constabulary,Cambridgeshire Constabulary,0.045003,52.286566,On or near Brewers Close,E01018266,South Cambridgeshire 003B,Public order,Unable to prosecute suspect,
d394ea18fd8ac96abe5523fcf72caac59a2f4714b3066e25f343bb9b7db7492e,2022-06,Cambridgeshire Constabulary,Cambridgeshire Constabulary,0.045003,52.286566,On or near Brewers Close,E01018266,South Cambridgeshire 003B,Public order,Further action is not in the public interest,
c103ae003aedb0db680710bf58da803b2d20cf163153fc9a9f3c82fdad81a5f3,2022-06,Cambridgeshire Constabulary,Cambridgeshire Constabulary,0.045003,52.286566,On or near Brewers Close,E01018266,South Cambridgeshire 003B,Public order,Unable to prosecute suspect,
9bdd8498c4306af5d9eb0371c3dc5c449640a9409a020ba7ae3e68f56c657e39,2022-06,Cambridgeshire Constabulary,Cambridgeshire Constabulary,0.045003,52.286566,On or near Brewers Close,E01018266,South Cambridgeshire 003B,Public order,Status update unavailable,
0a0277d25305df7a8bc5efa6236802da73dc68ea6261c6f0cee91dfb356e7f0e,2022-06,Cambridgeshire Constabulary,Cambridgeshire Constabulary,0.048309,52.278776,On or near Rectory Close,E01018266,South Cambridgeshire 003B,Vehicle crime,Investigation complete; no suspect identified,
5801b6eefb4286511c1e05427770067af4e01886e5d499bc166ad3d172784351,2022-06,Cambridgeshire Constabulary,Cambridgeshire Constabulary,0.049259,52.293632,On or near Station Road,E01018266,South Cambridgeshire 003B,Violence and sexual offences,Status update unavailable,
52f6268eb96ada299914c6aa3ab068e0b7481559c58ffd770b9b629ec9ff6172,2022-06,Cambridgeshire Constabulary,Cambridgeshire Constabulary,0.045003,52.286566,On or near Brewers Close,E01018266,South Cambridgeshire 003B,Violence and sexual offences,Further action is not in the public interest,
db79e5b174538634eab3b87e40925d828a46890cc22586b07fec463a399527b5,2022-06,Cambridgeshire Constabulary,Cambridgeshire Constabulary,0.059853,52.281138,On or near Rampton Drift,E01018266,South Cambridgeshire 003B,Violence and sexual offences,Unable to prosecute suspect,
b49866b4202a39cc1a6e252ba14fd78fa975612b148c4af3828bb0b103d0906d,2022-06,Cambridgeshire Constabulary,Cambridgeshire Constabulary,0.046575,52.280910,On or near Hatton'S Park,E01018266,South Cambridgeshire 003B,Violence and sexual offences,Unable to prosecute suspect,
73a77555076336f227bd24817db89a5093cfb00d41cc4c35044890ca042dc36d,2022-06,Cambridgeshire Constabulary,Cambridgeshire Constabulary,0.049259,52.293632,On or near Station Road,E01018266,South Cambridgeshire 003B,Violence and sexual offences,Unable to prosecute suspect,
617663944098b3b2e863a6143ec47eaa8766b07f99c669c19ec047985ff94bc1,2022-06,Cambridgeshire Constabulary,Cambridgeshire Constabulary,0.051387,52.280350,On or near Magdalene Close,E01018266,South Cambridgeshire 003B,Violence and sexual offences,Unable to prosecute suspect,
81f4c47038688625430b1f02a57eac23db0133ee9bfa3f7ffbaab3762c6b73bc,2022-06,Cambridgeshire Constabulary,Cambridgeshire Constabulary,0.051387,52.280350,On or near Magdalene Close,E01018266,South Cambridgeshire 003B,Violence and sexual offences,Unable to prosecute suspect,
a72cf9d906bc153efa84091c3fee86edd0ce920e3294947219fbc18ed5d88794,2022-06,Cambridgeshire Constabulary,Cambridgeshire Constabulary,0.045003,52.286566,On or near Brewers Close,E01018266,South Cambridgeshire 003B,Violence and sexual offences,Unable to prosecute suspect,
2f9232bcab76b17dd88ee06bbd31d3c5b208291061a11673927d14f3a349ed11,2022-06,Cambridgeshire Constabulary,Cambridgeshire Constabulary,0.059853,52.281138,On or near Rampton Drift,E01018266,South Cambridgeshire 003B,Violence and sexual offences,Investigation complete; no suspect identified,
dfefa3c6137dbe994d7786d782e45f4f217c3031c2757d90da5b76d9a64bce23,2022-06,Cambridgeshire Constabulary,Cambridgeshire Constabulary,0.038949,52.284369,On or near Duddle Drive,E01018266,South Cambridgeshire 003B,Violence and sexual offences,Unable to prosecute suspect,
7b2142ea060ee47cc4c41a76257e6217dfcacbc4eab7730fa330ac1b4b43addc,2022-06,Cambridgeshire Constabulary,Cambridgeshire Constabulary,0.045003,52.286566,On or near Brewers Close,E01018266,South Cambridgeshire 003B,Violence and sexual offences,Unable to prosecute suspect,
27b8c7d76d4eca36c804873975c7071214d0d63f5112462fc95499ac1a6e6907,2022-06,Cambridgeshire Constabulary,Cambridgeshire Constabulary,0.059853,52.281138,On or near Rampton Drift,E01018266,South Cambridgeshire 003B,Violence and sexual offences,Unable to prosecute suspect,
ba5ca9c6425e80e82fa382fa6b5cf3a97ff5ea8829104bd9e9279072aa80f02f,2022-06,Cambridgeshire Constabulary,Cambridgeshire Constabulary,0.043237,52.285473,On or near Few'S Lane,E01018266,South Cambridgeshire 003B,Violence and sexual offences,Unable to prosecute suspect,
ba4d3a4ca8691b553965acfacb869f7954394ba0ab06cef979e53d70330effac,2022-06,Cambridgeshire Constabulary,Cambridgeshire Constabulary,0.043237,52.285473,On or near Few'S Lane,E01018266,South Cambridgeshire 003B,Violence and sexual offences,Unable to prosecute suspect,
558c35e433a1ded6d8f11cfa1d2dffa3795de306093778e37ed9a59aa521daad,2022-06,Cambridgeshire Constabulary,Cambridgeshire Constabulary,0.031232,52.265655,On or near Hatton'S Road,E01018266,South Cambridgeshire 003B,Violence and sexual offences,Investigation complete; no suspect identified,
65e6a67f31ce0c53683b1a217cd3c9b98004b2894d8df7f265faeb586a91a520,2022-06,Cambridgeshire Constabulary,Cambridgeshire Constabulary,0.045003,52.286566,On or near Brewers Close,E01018266,South Cambridgeshire 003B,Violence and sexual offences,Unable to prosecute suspect,
f6249893488bd1ea9a7032a6638edfd16174fc69e11acafb8df556fb0d683705,2022-06,Cambridgeshire Constabulary,Cambridgeshire Constabulary,0.068489,52.283990,On or near Airport/Airfield,E01018266,South Cambridgeshire 003B,Violence and sexual offences,Status update unavailable,
2058283bc2079bbb89ce79518cc4b41448e789fd86bbf2f78df323c728b30085,2022-06,Cambridgeshire Constabulary,Cambridgeshire Constabulary,0.044672,52.281932,On or near High Street,E01018266,South Cambridgeshire 003B,Violence and sexual offences,Unable to prosecute suspect,
ec3ada515256b997b51e4f0f416d5d327712ff8dec4752de216687c58b94f706,2022-06,Cambridgeshire Constabulary,Cambridgeshire Constabulary,0.048309,52.278776,On or near Rectory Close,E01018266,South Cambridgeshire 003B,Violence and sexual offences,Unable to prosecute suspect,
33b5c8960fe010d0dd68203e53a1dc28a48afa9bbf302dae8e0379a599b36c1a,2022-06,Cambridgeshire Constabulary,Cambridgeshire Constabulary,0.059853,52.281138,On or near Rampton Drift,E01018266,South Cambridgeshire 003B,Violence and sexual offences,Investigation complete; no suspect identified,
40ddd03a0577ab986cb272160b1468f87684843c0fa1495613bae33190bda6d3,2022-06,Cambridgeshire Constabulary,Cambridgeshire Constabulary,0.049259,52.293632,On or near Station Road,E01018266,South Cambridgeshire 003B,Other crime,Status update unavailable,
,2022-06,Cambridgeshire Constabulary,Cambridgeshire Constabulary,-0.003543,52.301909,On or near Market Street,E01018284,South Cambridgeshire 003C,Anti-social behaviour,,
d87a89192a22a9fd5997c0d4932e052ccef8f5727768e7af8e29a2c95dbdc131,2022-06,Cambridgeshire Constabulary,Cambridgeshire Constabulary,-0.008816,52.274592,On or near Anderson Road,E01018284,South Cambridgeshire 003C,Burglary,Investigation complete; no suspect identified,
b1c1ab8757cc173b4a910eed57653073ada8f04f950e9bcaa46bcb1d9fe037a4,2022-06,Cambridgeshire Constabulary,Cambridgeshire Constabulary,-0.003543,52.301909,On or near Market Street,E01018284,South Cambridgeshire 003C,Criminal damage and arson,Investigation complete; no suspect identified,
8fbcc84a5ced49f13ebad6e020559816d8639a9e5e3a2635acaa533070e64761,2022-06,Cambridgeshire Constabulary,Cambridgeshire Constabulary,0.001487,52.308056,On or near Over Road,E01018284,South Cambridgeshire 003C,Criminal damage and arson,Investigation complete; no suspect identified,
9c9793ac63d04f94941ef02d0d1adf5fa9c90e4146c618848ae59de590a27ab8,2022-06,Cambridgeshire Constabulary,Cambridgeshire Constabulary,0.001487,52.308056,On or near Over Road,E01018284,South Cambridgeshire 003C,Violence and sexual offences,Investigation complete; no suspect identified,
b740bd0bb2c8ed5ac1ad5185b8a5aa543034288bddd9ac19a0090acb5518d85b,2022-06,Cambridgeshire Constabulary,Cambridgeshire Constabulary,-0.015520,52.294487,On or near Fen Drayton Road,E01018284,South Cambridgeshire 003C,Violence and sexual offences,Unable to prosecute suspect,
9da5522ef4cbd23b30acff7a68710e7288f461a1ce72ea0e8ed6adbd997bb0f8,2022-06,Cambridgeshire Constabulary,Cambridgeshire Constabulary,-0.005269,52.296139,On or near Gibralter Lane,E01018285,South Cambridgeshire 003D,Burglary,Investigation complete; no suspect identified,
e380a29a523a5d3968dbecf3ca91126b82b3199b7744f6264308e03d6e099329,2022-06,Cambridgeshire Constabulary,Cambridgeshire Constabulary,-0.007324,52.298700,On or near Moat Way,E01018285,South Cambridgeshire 003D,Other theft,Investigation complete; no suspect identified,
a88119f6d615e84703155bf84780f276d7c4a3444812f8855e6dd0d7a9abf1d5,2022-06,Cambridgeshire Constabulary,Cambridgeshire Constabulary,-0.007324,52.298700,On or near Moat Way,E01018285,South Cambridgeshire 003D,Violence and sexual offences,Investigation complete; no suspect identified,
cd388bd79313919a912a7877cd6970a874a0158f775829e0a2e0db22cd9c0c9e,2022-06,Cambridgeshire Constabulary,Cambridgeshire Constabulary,0.196355,52.307146,On or near School Lane,E01018298,South Cambridgeshire 004A,Other theft,Unable to prosecute suspect,
965c5f71801f18825b8b3c317aa9a3f742af005f32bdc3fa8e57142376ff92f2,2022-06,Cambridgeshire Constabulary,Cambridgeshire Constabulary,0.196355,52.307146,On or near School Lane,E01018298,South Cambridgeshire 004A,Vehicle crime,Unable to prosecute suspect,
a27cbac2ca3ee1ba20f0efc360f654034582aba16dd32b01025156ab273ba9e1,2022-06,Cambridgeshire Constabulary,Cambridgeshire Constabulary,0.196355,52.307146,On or near School Lane,E01018298,South Cambridgeshire 004A,Violence and sexual offences,Unable to prosecute suspect,
1863e880153aa884121b8860d0013e8b28517fd76d0d9b10148be8fa965e297f,2022-06,Cambridgeshire Constabulary,Cambridgeshire Constabulary,0.192259,52.307384,On or near Parking Area,E01018298,South Cambridgeshire 004A,Violence and sexual offences,Investigation complete; no suspect identified,
67ddc5f6e63bd1850c3176bbc8f165dde358d9e0d8a06c803a9206414393af91,2022-06,Cambridgeshire Constabulary,Cambridgeshire Constabulary,0.200456,52.272999,On or near Fletcher Avenue,E01018298,South Cambridgeshire 004A,Violence and sexual offences,Status update unavailable,
10d94a9198482684c3183cd066262e5e9b2797ef83a33a7b586634041aa5f84c,2022-06,Cambridgeshire Constabulary,Cambridgeshire Constabulary,0.186516,52.265849,On or near Poorsfield Road,E01018299,South Cambridgeshire 004B,Other theft,Investigation complete; no suspect identified,
8be54f6df6cbbe53ba6af61c19ac99e88023695968e38c10740fe64fa75c9824,2022-06,Cambridgeshire Constabulary,Cambridgeshire Constabulary,0.187877,52.268179,On or near Primrose Lane,E01018299,South Cambridgeshire 004B,Robbery,Unable to prosecute suspect,
e9e22cd895540775641a4a7517369156337f18cf0b31b809f9b03095a72b9f2c,2022-06,Cambridgeshire Constabulary,Cambridgeshire Constabulary,0.187877,52.268179,On or near Primrose Lane,E01018299,South Cambridgeshire 004B,Vehicle crime,Investigation complete; no suspect identified,
5e2a84db30fe3ef3fd25533a1e3f909ca0c519ef114f06f1d77ad9501048f990,2022-06,Cambridgeshire Constabulary,Cambridgeshire Constabulary,0.187877,52.268179,On or near Primrose Lane,E01018299,South Cambridgeshire 004B,Vehicle crime,Unable to prosecute suspect,
a7a8928e5c58b1cab705e94181a84935061d5acd412c0187d913d3e7a5577e9f,2022-06,Cambridgeshire Constabulary,Cambridgeshire Constabulary,0.188585,52.269470,On or near Waddelow Road,E01018299,South Cambridgeshire 004B,Violence and sexual offences,Unable to prosecute suspect,
a8af10d9ab4d6d59ac706c67dac0e41e53f7991cb80e160562268d81f784e067,2022-06,Cambridgeshire Constabulary,Cambridgeshire Constabulary,0.192038,52.272310,On or near Shipp'S Field,E01018299,South Cambridgeshire 004B,Violence and sexual offences,Status update unavailable,
68728e17bdc1b189efd49e54901b3ddce9e7c8cee943678c7363e8ac5110c442,2022-06,Cambridgeshire Constabulary,Cambridgeshire Constabulary,0.190566,52.271303,On or near Bannold Court,E01018299,South Cambridgeshire 004B,Violence and sexual offences,Court result unavailable,
7d2bb7adfa8cbfa7ea7d276a44eca778b02581ad96b2e4c2a6f898ec12dda50d,2022-06,Cambridgeshire Constabulary,Cambridgeshire Constabulary,0.187290,52.270555,On or near Winfold Road,E01018299,South Cambridgeshire 004B,Violence and sexual offences,Unable to prosecute suspect,
345f3f86dcedc7a0ccb12302c28695203e3e5c19393b9dbf8108b20019d5c7e1,2022-06,Cambridgeshire Constabulary,Cambridgeshire Constabulary,0.186423,52.270499,On or near Clare Close,E01018299,South Cambridgeshire 004B,Violence and sexual offences,Unable to prosecute suspect,
485302610854e997ef746ba8716f02a58b29188ed6d91f2aeed3cd38f9377a7f,2022-06,Cambridgeshire Constabulary,Cambridgeshire Constabulary,0.186423,52.270499,On or near Clare Close,E01018299,South Cambridgeshire 004B,Violence and sexual offences,Investigation complete; no suspect identified,
740886165d83d21069613041fba005e27576b92a0d1fe04d790e0afb8fdaadee,2022-06,Cambridgeshire Constabulary,Cambridgeshire Constabulary,0.192038,52.272310,On or near Shipp'S Field,E01018299,South Cambridgeshire 004B,Other crime,Unable to prosecute suspect,
b3d5568d2a4ccfbe20a87bc8ffcce8a232a930af695edd1a080a0eb1c02e871d,2022-06,Cambridgeshire Constabulary,Cambridgeshire Constabulary,0.189810,52.263998,On or near Sports/Recreation Area,E01018300,South Cambridgeshire 004C,Criminal damage and arson,Investigation complete; no suspect identified,
f13745d2407f7cb787ae69b2b66d595aeeff34d5b0255fffaff40abfe2dd7bc0,2022-06,Cambridgeshire Constabulary,Cambridgeshire Constabulary,0.171536,52.287103,On or near Park/Open Space,E01018300,South Cambridgeshire 004C,Criminal damage and arson,Investigation complete; no suspect identified,
67b2affec2fd2d8045e41ca5d0d8f4ef663c59c34a1fbc1a58b60412eb396121,2022-06,Cambridgeshire Constabulary,Cambridgeshire Constabulary,0.171063,52.289719,On or near Beach Drive,E01018300,South Cambridgeshire 004C,Vehicle crime,Investigation complete; no suspect identified,
79c8e5e71803da4cd857c3e49fb7db66141a3518a743891e5242bb0da0822cc9,2022-06,Cambridgeshire Constabulary,Cambridgeshire Constabulary,0.163178,52.263320,On or near Abrahams Close,E01018300,South Cambridgeshire 004C,Violence and sexual offences,Investigation complete; no suspect identified,
5c366a0586a0afe8f1f03a531df16e5cacdf2e930408b69e0e3a0594b6562477,2022-06,Cambridgeshire Constabulary,Cambridgeshire Constabulary,0.189810,52.263998,On or near Sports/Recreation Area,E01018300,South Cambridgeshire 004C,Violence and sexual offences,Unable to prosecute suspect,
ca5336f77fd0da7ddb0f99c86b91ced96da8622a6fdf5daa08c250490450bfc1,2022-06,Cambridgeshire Constabulary,Cambridgeshire Constabulary,0.161820,52.267023,On or near Ravensdale,E01018300,South Cambridgeshire 004C,Violence and sexual offences,Unable to prosecute suspect,
e3d619756fa4112fa27270e118cd4df4aa02fd7164538965fe9639227bc95893,2022-06,Cambridgeshire Constabulary,Cambridgeshire Constabulary,0.194530,52.266689,On or near Pieces Terrace,E01018301,South Cambridgeshire 004D,Criminal damage and arson,Unable to prosecute suspect,
5d7eeb098436739a43ae5a4ad84979b165047135074c1ee185adb8aa309bdff1,2022-06,Cambridgeshire Constabulary,Cambridgeshire Constabulary,0.195344,52.268023,On or near Hartley Close,E01018301,South Cambridgeshire 004D,Other theft,Investigation complete; no suspect identified,
6c833bea0ae5fb81391196d5c535ca10f363b61fae08bb2a3c8a86d4fa0ba2bc,2022-06,Cambridgeshire Constabulary,Cambridgeshire Constabulary,0.190948,52.266854,On or near Wellington Close,E01018301,South Cambridgeshire 004D,Vehicle crime,Investigation complete; no suspect identified,
f2b6d7eb2f30e63f3654e55463508919e01e08a63e1b8230ee57ad99b6d430da,2022-06,Cambridgeshire Constabulary,Cambridgeshire Constabulary,0.194992,52.265952,On or near Woodpecker Way,E01018301,South Cambridgeshire 004D,Violence and sexual offences,Unable to prosecute suspect,
766f09f0e389c5c1aae89b72aa49d288377f7b937df3db6689c74a50e7e4a079,2022-06,Cambridgeshire Constabulary,Cambridgeshire Constabulary,0.194992,52.265952,On or near Woodpecker Way,E01018301,South Cambridgeshire 004D,Violence and sexual offences,Unable to prosecute suspect,
3bc5addea190e6081d434c3b923ad88c884708b5ecc1c530c7b8fe5a562258b1,2022-06,Cambridgeshire Constabulary,Cambridgeshire Constabulary,0.198526,52.270139,On or near Josiah Court,E01018301,South Cambridgeshire 004D,Violence and sexual offences,Unable to prosecute suspect,
1772bdfcb7ac173aaf229973a37d7c5aee95201ab7c52e9342918e91e1b8adfc,2022-06,Cambridgeshire Constabulary,Cambridgeshire Constabulary,0.198526,52.270139,On or near Josiah Court,E01018301,South Cambridgeshire 004D,Violence and sexual offences,Unable to prosecute suspect,
a867ed0c8817fe0dfd70d746cc9371ed2a0aeca20817ee9ddfbe4f827b59e940,2022-06,Cambridgeshire Constabulary,Cambridgeshire Constabulary,0.022202,52.250785,On or near Appletrees,E01018221,South Cambridgeshire 005A,Drugs,Investigation complete; no suspect identified,
a0129562786dfc01a10b1b717660dda490cd6e623d004bd76b7126a895a6f6d1,2022-06,Cambridgeshire Constabulary,Cambridgeshire Constabulary,0.017951,52.251065,On or near Sports/Recreation Area,E01018221,South Cambridgeshire 005A,Public order,Unable to prosecute suspect,
d99f11df47b53982885d78cdc13ee35bed17b700f25db4aa900a147fd5bc0f79,2022-06,Cambridgeshire Constabulary,Cambridgeshire Constabulary,0.022202,52.250785,On or near Appletrees,E01018221,South Cambridgeshire 005A,Violence and sexual offences,Investigation complete; no suspect identified,
38a9f7711e10413b607caab4b497e30ba5b2979aee39cd5e7403f3462920e636,2022-06,Cambridgeshire Constabulary,Cambridgeshire Constabulary,0.024950,52.250972,On or near Brookdale,E01018221,South Cambridgeshire 005A,Violence and sexual offences,Unable to prosecute suspect,
,2022-06,Cambridgeshire Constabulary,Cambridgeshire Constabulary,0.017873,52.252883,On or near Hanover Close,E01018223,South Cambridgeshire 005C,Anti-social behaviour,,
,2022-06,Cambridgeshire Constabulary,Cambridgeshire Constabulary,0.018351,52.259555,On or near Huntingdon Road,E01018223,South Cambridgeshire 005C,Anti-social behaviour,,
e646eefe46aca513d0a2119e9eed98428932a272a89fa893e5faa394d4b6130c,2022-06,Cambridgeshire Constabulary,Cambridgeshire Constabulary,-0.031158,52.247398,On or near Battle Gate Road,E01018223,South Cambridgeshire 005C,Burglary,Investigation complete; no suspect identified,
83aaa7bc0943d21e31ece6e8375784a81ccba577104831b2ca061bf27975998d,2022-06,Cambridgeshire Constabulary,Cambridgeshire Constabulary,0.016730,52.254188,On or near Viking Way,E01018223,South Cambridgeshire 005C,Burglary,Investigation complete; no suspect identified,
be609f05c89f10babaabd10b156f2e34128acf0e62b93a1feac38868a64df2e9,2022-06,Cambridgeshire Constabulary,Cambridgeshire Constabulary,0.016730,52.254188,On or near Viking Way,E01018223,South Cambridgeshire 005C,Criminal damage and arson,Unable to prosecute suspect,
b838ba0b3f0efebd87879baa96940ff4519ca74ba773440a47c238e31956289f,2022-06,Cambridgeshire Constabulary,Cambridgeshire Constabulary,-0.031158,52.247398,On or near Battle Gate Road,E01018223,South Cambridgeshire 005C,Drugs,Formal action is not in the public interest,
81e17a85bbbbe4cd045840594143652618458eca1092c1c432035f3368801cf5,2022-06,Cambridgeshire Constabulary,Cambridgeshire Constabulary,-0.031158,52.247398,On or near Battle Gate Road,E01018223,South Cambridgeshire 005C,Drugs,Local resolution,
e927d62e864a2a32653a1b0d9630f524643474ca7d1f37c07c144175abbc5787,2022-06,Cambridgeshire Constabulary,Cambridgeshire Constabulary,-0.010972,52.269989,On or near Petrol Station,E01018223,South Cambridgeshire 005C,Other theft,Unable to prosecute suspect,
a7e797aab94fd329bfea4f651e98a4684f778948ec15ecf5cd366d145892eb1a,2022-06,Cambridgeshire Constabulary,Cambridgeshire Constabulary,-0.010972,52.269989,On or near Petrol Station,E01018223,South Cambridgeshire 005C,Other theft,Investigation complete; no suspect identified,
f85d4dd93bed172d90c01d43bded14f8f11e38debec0be9e43704799ebd46b1d,2022-06,Cambridgeshire Constabulary,Cambridgeshire Constabulary,0.023689,52.239358,On or near Parking Area,E01018223,South Cambridgeshire 005C,Other theft,Investigation complete; no suspect identified,
ea2eff2fc973b853e30bc34ae645d7c75f30550ea39b7d6340faee6c1e18abfe,2022-06,Cambridgeshire Constabulary,Cambridgeshire Constabulary,0.016730,52.254188,On or near Viking Way,E01018223,South Cambridgeshire 005C,Other theft,Investigation complete; no suspect identified,
97ffac3ecb17d4f6f237e148eff15b397f11e2b54c6dff69607f5d1ff7677c39,2022-06,Cambridgeshire Constabulary,Cambridgeshire Constabulary,0.016730,52.254188,On or near Viking Way,E01018223,South Cambridgeshire 005C,Other theft,Investigation complete; no suspect identified,
d2457756229ee5695a58fb6713076ee8e4139eb4ac2f6133d4496d68a1091215,2022-06,Cambridgeshire Constabulary,Cambridgeshire Constabulary,0.016730,52.254188,On or near Viking Way,E01018223,South Cambridgeshire 005C,Other theft,Investigation complete; no suspect identified,
0a9e80adb474b46180a850ce0242ef0084da409876246616d8186ac3b4bda822,2022-06,Cambridgeshire Constabulary,Cambridgeshire Constabulary,-0.031158,52.247398,On or near Battle Gate Road,E01018223,South Cambridgeshire 005C,Other theft,Investigation complete; no suspect identified,
eecf4601ded5ca50d0273530e575c4018e1d173c44b49828e02a6d3762f55cde,2022-06,Cambridgeshire Constabulary,Cambridgeshire Constabulary,-0.031158,52.247398,On or near Battle Gate Road,E01018223,South Cambridgeshire 005C,Other theft,Investigation complete; no suspect identified,
1e9f144d9371add1965e6c79a418eda8c4bd19225097fd0d588be0e6df1061e2,2022-06,Cambridgeshire Constabulary,Cambridgeshire Constabulary,0.017873,52.252883,On or near Hanover Close,E01018223,South Cambridgeshire 005C,Public order,Investigation complete; no suspect identified,
27a1ffbe701227b741c95df0b236d7b2392228c428fc853d21641e260f260497,2022-06,Cambridgeshire Constabulary,Cambridgeshire Constabulary,0.016730,52.254188,On or near Viking Way,E01018223,South Cambridgeshire 005C,Public order,Investigation complete; no suspect identified,
a635f27e58b8fb03781c2a35658768e00ed7a9d2b2fccebb285dee3f9ac5edb6,2022-06,Cambridgeshire Constabulary,Cambridgeshire Constabulary,0.017873,52.252883,On or near Hanover Close,E01018223,South Cambridgeshire 005C,Shoplifting,Investigation complete; no suspect identified,
7fb6caff2ef5b755d96fcd41768e1153f08e1a63927f706c8391041f6d8ab2a3,2022-06,Cambridgeshire Constabulary,Cambridgeshire Constabulary,-0.031158,52.247398,On or near Battle Gate Road,E01018223,South Cambridgeshire 005C,Theft from the person,Investigation complete; no suspect identified,
f2c5e2279b92d838a6e2ef0283038b59277a34d212c1954dbb07cb9227645684,2022-06,Cambridgeshire Constabulary,Cambridgeshire Constabulary,-0.031158,52.247398,On or near Battle Gate Road,E01018223,South Cambridgeshire 005C,Theft from the person,Investigation complete; no suspect identified,
79c26090695752f6c887b107ab41d2cda245fae77ea5e2e95d143abb607edf66,2022-06,Cambridgeshire Constabulary,Cambridgeshire Constabulary,-0.031158,52.247398,On or near Battle Gate Road,E01018223,South Cambridgeshire 005C,Theft from the person,Investigation complete; no suspect identified,
fb6e50ca415d59dbd74788d38075256169f5eeca1da35917d7ce89d0f9f2f2c1,2022-06,Cambridgeshire Constabulary,Cambridgeshire Constabulary,-0.031158,52.247398,On or near Battle Gate Road,E01018223,South Cambridgeshire 005C,Theft from the person,Investigation complete; no suspect identified,
9d0f41f0690e126ddd030031cc3f3098d4a17754a2acc103657c8aafb23068c5,2022-06,Cambridgeshire Constabulary,Cambridgeshire Constabulary,0.021557,52.253350,On or near Gladeside,E01018223,South Cambridgeshire 005C,Vehicle crime,Investigation complete; no suspect identified,
9352683b706a106680c009faea4b94c39e7c1b5ed5addfcd0fcc90726933f252,2022-06,Cambridgeshire Constabulary,Cambridgeshire Constabulary,0.021314,52.254460,On or near Robin Close,E01018223,South Cambridgeshire 005C,Vehicle crime,Investigation complete; no suspect identified,
cf12a09583b4b35ff8206457627fca079dc3d24e0a66de5755f10d5ac9e95cbb,2022-06,Cambridgeshire Constabulary,Cambridgeshire Constabulary,0.017873,52.252883,On or near Hanover Close,E01018223,South Cambridgeshire 005C,Violence and sexual offences,Investigation complete; no suspect identified,
7ca02d94af27c176f295c918faf52e88322bfcf00281d8c604e1f1e28d83a08e,2022-06,Cambridgeshire Constabulary,Cambridgeshire Constabulary,-0.031158,52.247398,On or near Battle Gate Road,E01018223,South Cambridgeshire 005C,Violence and sexual offences,Investigation complete; no suspect identified,
668f3b2f87a048952500aa145168f8ccb39728217c3b4fde1a79454ef027b698,2022-06,Cambridgeshire Constabulary,Cambridgeshire Constabulary,0.014510,52.253048,On or near Otter Close,E01018223,South Cambridgeshire 005C,Violence and sexual offences,Further action is not in the public interest,
ec3543c912ae6208277b5130d794fb29025be06667892e43112a202e2fd8e01f,2022-06,Cambridgeshire Constabulary,Cambridgeshire Constabulary,-0.031158,52.247398,On or near Battle Gate Road,E01018223,South Cambridgeshire 005C,Violence and sexual offences,Offender given a caution,
3fda597f1c0462cbbe389e94798f86e35c670632c54edfbf41709c4b4b8d1b59,2022-06,Cambridgeshire Constabulary,Cambridgeshire Constabulary,-0.025994,52.260764,On or near School Lane,E01018223,South Cambridgeshire 005C,Violence and sexual offences,Unable to prosecute suspect,
84d28cc9bfab7c15b27643f8a3a2784954805fd2bcc36c560d36ffffffc22528,2022-06,Cambridgeshire Constabulary,Cambridgeshire Constabulary,0.021314,52.254460,On or near Robin Close,E01018223,South Cambridgeshire 005C,Violence and sexual offences,Unable to prosecute suspect,
d571ce38789bd3532770bc1e6d60634208917eb7b5f13398840251babf8d92d3,2022-06,Cambridgeshire Constabulary,Cambridgeshire Constabulary,-0.031158,52.247398,On or near Battle Gate Road,E01018223,South Cambridgeshire 005C,Violence and sexual offences,Investigation complete; no suspect identified,
43dffb8c4bb39f5888e349de305c6966d4674b6705891507eccb8c32c5ce86cc,2022-06,Cambridgeshire Constabulary,Cambridgeshire Constabulary,0.021314,52.254460,On or near Robin Close,E01018223,South Cambridgeshire 005C,Violence and sexual offences,Unable to prosecute suspect,
7d6a2d9923b43562d2bd20b233ca610eba6cfc7b0749000fbeba2a1fdbccda8b,2022-06,Cambridgeshire Constabulary,Cambridgeshire Constabulary,0.021314,52.254460,On or near Robin Close,E01018223,South Cambridgeshire 005C,Violence and sexual offences,Investigation complete; no suspect identified,
d1578210fce3a63d7a966fab66f2d53a42b52bdc5075bd1d44f355a33f77674c,2022-06,Cambridgeshire Constabulary,Cambridgeshire Constabulary,0.021314,52.254460,On or near Robin Close,E01018223,South Cambridgeshire 005C,Violence and sexual offences,Unable to prosecute suspect,
14eaa78cd18ba14b2cedf84fdc54bd1d37e82ae17bb39137f56b91507c7afb76,2022-06,Cambridgeshire Constabulary,Cambridgeshire Constabulary,0.017873,52.252883,On or near Hanover Close,E01018223,South Cambridgeshire 005C,Violence and sexual offences,Investigation complete; no suspect identified,
cc0d9e20da0f5cf4c70dad9dfe1476c27cce9e905c9a5e931899fbaadea645d8,2022-06,Cambridgeshire Constabulary,Cambridgeshire Constabulary,0.017873,52.252883,On or near Hanover Close,E01018223,South Cambridgeshire 005C,Violence and sexual offences,Investigation complete; no suspect identified,
cbfc9b5987e1c3e45e44108b01d1bcd24792330c3a2c280bc0add27362f8dce2,2022-06,Cambridgeshire Constabulary,Cambridgeshire Constabulary,0.014510,52.253048,On or near Otter Close,E01018223,South Cambridgeshire 005C,Violence and sexual offences,Further action is not in the public interest,
bdd94ab4022a39da4fee97e78e19441845508c78960a078ce910f58bcd3b1e11,2022-06,Cambridgeshire Constabulary,Cambridgeshire Constabulary,0.021314,52.254460,On or near Robin Close,E01018223,South Cambridgeshire 005C,Violence and sexual offences,Unable to prosecute suspect,
,2022-06,Cambridgeshire Constabulary,Cambridgeshire Constabulary,0.111053,52.249158,On or near Hereward Close,E01018257,South Cambridgeshire 006A,Anti-social behaviour,,
ac07481f67b481dbb1bc6822762df1f12a76f0237df1b66f7605c04895f2f77f,2022-06,Cambridgeshire Constabulary,Cambridgeshire Constabulary,0.111053,52.249158,On or near Hereward Close,E01018257,South Cambridgeshire 006A,Public order,Unable to prosecute suspect,
2ab33e0f37b33d43d04c293e2d894ec89dd92598be19020d8ae6006544b9cd5a,2022-06,Cambridgeshire Constabulary,Cambridgeshire Constabulary,0.113232,52.247842,On or near Homefield Close,E01018257,South Cambridgeshire 006A,Vehicle crime,Unable to prosecute suspect,
,2022-06,Cambridgeshire Constabulary,Cambridgeshire Constabulary,0.100192,52.252148,On or near Park Avenue,E01018258,South Cambridgeshire 006B,Anti-social behaviour,,
552c1614490ba8fe42c3e1b2dd9515c05c8181a800049cfa25b310c0d4821e97,2022-06,Cambridgeshire Constabulary,Cambridgeshire Constabulary,0.093218,52.254322,On or near Pease Way,E01018258,South Cambridgeshire 006B,Criminal damage and arson,Investigation complete; no suspect identified,
963bb4122e2c094f5bdf399e08802216e82a88abafb982e3afb34cd8a9279b4c,2022-06,Cambridgeshire Constabulary,Cambridgeshire Constabulary,0.102616,52.255692,On or near St Andrew'S Park,E01018258,South Cambridgeshire 006B,Other theft,Investigation complete; no suspect identified,
343ea6c974a02c17460ade3e6999bcaf24d86810ede4ea0354171d08d5c88586,2022-06,Cambridgeshire Constabulary,Cambridgeshire Constabulary,0.102846,52.250959,On or near Merton Road,E01018258,South Cambridgeshire 006B,Violence and sexual offences,Status update unavailable,
e7cafd5964d29fc80f74a60d404d37e4b3be182c7049b9b9fea2c52467e500f0,2022-06,Cambridgeshire Constabulary,Cambridgeshire Constabulary,0.112926,52.250041,On or near Impington Lane,E01018259,South Cambridgeshire 006C,Burglary,Unable to prosecute suspect,
180383c49bbdfde1f437bcba671783d27446bc7843f534ff1b5ffacc0c7eac1e,2022-06,Cambridgeshire Constabulary,Cambridgeshire Constabulary,0.113779,52.243336,On or near Sports/Recreation Area,E01018259,South Cambridgeshire 006C,Criminal damage and arson,Investigation complete; no suspect identified,
0a90b05442984b4ca5f735c01f33f071747bafefb9949ad6bdecbfc54d29a675,2022-06,Cambridgeshire Constabulary,Cambridgeshire Constabulary,0.111785,52.237122,On or near Bridge Road,E01018259,South Cambridgeshire 006C,Other theft,Investigation complete; no suspect identified,
e2349cc4b4878b8cbe7a766a28e3f16e6bf84926bf1637327a4d5185051382fb,2022-06,Cambridgeshire Constabulary,Cambridgeshire Constabulary,0.117940,52.248270,On or near Burgoyne'S Road,E01018259,South Cambridgeshire 006C,Public order,Further action is not in the public interest,
2649467f7ce2fdde510307c33d3383cc996f39f99ab03a5fe62b9d85eda5ba22,2022-06,Cambridgeshire Constabulary,Cambridgeshire Constabulary,0.112480,52.242820,On or near Bridge Road,E01018259,South Cambridgeshire 006C,Robbery,Unable to prosecute suspect,
6199486c6bce7f645d7a8d01a7c6cace902f76be3aeae2680d2d1de0d935acc1,2022-06,Cambridgeshire Constabulary,Cambridgeshire Constabulary,0.119562,52.247558,On or near Percheron Close,E01018259,South Cambridgeshire 006C,Vehicle crime,Investigation complete; no suspect identified,
3aeaed04d24046689ff3509cf5e72d36460dc69ff6cf1ae8d61e738d70d38fe0,2022-06,Cambridgeshire Constabulary,Cambridgeshire Constabulary,0.122866,52.236987,On or near Park/Open Space,E01018259,South Cambridgeshire 006C,Violence and sexual offences,Offender given a caution,
4d96befa7720b606572c29b23e4351cb16c56f0d661b68135971d7807ec91917,2022-06,Cambridgeshire Constabulary,Cambridgeshire Constabulary,0.112926,52.250041,On or near Impington Lane,E01018259,South Cambridgeshire 006C,Violence and sexual offences,Unable to prosecute suspect,
52e5e9fb8e07baace16d824dc1fb0fb8c90767e584df1584139a31f4920be2f2,2022-06,Cambridgeshire Constabulary,Cambridgeshire Constabulary,0.122866,52.236987,On or near Park/Open Space,E01018259,South Cambridgeshire 006C,Violence and sexual offences,Status update unavailable,
c153fc1c936b7772982b36caff0d669ff1c2ae79597f300f18afc4f912235944,2022-06,Cambridgeshire Constabulary,Cambridgeshire Constabulary,0.105582,52.252115,On or near High Street,E01018260,South Cambridgeshire 006D,Other theft,Investigation complete; no suspect identified,
9b8c80f46640598f36e4e7cb315d6eff17f6c5ff34f0efbf2d3e82ab970f9da6,2022-06,Cambridgeshire Constabulary,Cambridgeshire Constabulary,0.105582,52.252115,On or near High Street,E01018260,South Cambridgeshire 006D,Other theft,Investigation complete; no suspect identified,
04f31a2f042ef41d3ea64f6daf455cc107b610351a857ba1002d52fb85f3dce2,2022-06,Cambridgeshire Constabulary,Cambridgeshire Constabulary,0.107584,52.243042,On or near Villa Road,E01018260,South Cambridgeshire 006D,Other theft,Investigation complete; no suspect identified,
0df8f4d25ec03500b881002f25cef5a03680d2e493fe744f11085fd5e4bc6947,2022-06,Cambridgeshire Constabulary,Cambridgeshire Constabulary,0.107830,52.251643,On or near The Green,E01018260,South Cambridgeshire 006D,Theft from the person,Unable to prosecute suspect,
4d401805c363a6edccdb2746fb1331b6b33c72b91b80aac3866ff4e1c1538cbf,2022-06,Cambridgeshire Constabulary,Cambridgeshire Constabulary,0.107830,52.251643,On or near The Green,E01018260,South Cambridgeshire 006D,Violence and sexual offences,Status update unavailable,
2c900fe2d015099467ac4c1339eac81dd086f6bfb7f720f5f9a1de660b7d5541,2022-06,Cambridgeshire Constabulary,Cambridgeshire Constabulary,0.108678,52.240469,On or near The Crescent,E01018260,South Cambridgeshire 006D,Violence and sexual offences,Unable to prosecute suspect,
c82509ea52027736e2c319a35b06b8f2f5cceba3ec5a5f7186b721bd9bbb90ce,2022-06,Cambridgeshire Constabulary,Cambridgeshire Constabulary,0.105582,52.252115,On or near High Street,E01018260,South Cambridgeshire 006D,Violence and sexual offences,Investigation complete; no suspect identified,
3ef1a73c9ca6480c4bd06219f72291d9f3d96c0ef9710775e09c503ade473040,2022-06,Cambridgeshire Constabulary,Cambridgeshire Constabulary,0.106706,52.253875,On or near Prior'S Close,E01018262,South Cambridgeshire 006F,Public order,Investigation complete; no suspect identified,
b63ddceb0ed855cf96ffc6f123bf6b30fe4b5e7810a4896f8f8ba5fe31d8a969,2022-06,Cambridgeshire Constabulary,Cambridgeshire Constabulary,0.110789,52.265195,On or near Cottenham Road,E01018262,South Cambridgeshire 006F,Vehicle crime,Unable to prosecute suspect,
,2022-06,Cambridgeshire Constabulary,Cambridgeshire Constabulary,0.118215,52.233752,On or near Circus Drive,E01033120,South Cambridgeshire 006G,Anti-social behaviour,,
6130eef0186e952274e7a8e7e45ff472b71513009dd2f9d0e5bf8ea16bb25ed6,2022-06,Cambridgeshire Constabulary,Cambridgeshire Constabulary,0.118215,52.233752,On or near Circus Drive,E01033120,South Cambridgeshire 006G,Bicycle theft,Investigation complete; no suspect identified,
bf7faa6d48239fdbdb8050cda535fc633dd4319d0fb581679b4b1b0afac755f7,2022-06,Cambridgeshire Constabulary,Cambridgeshire Constabulary,0.118215,52.233752,On or near Circus Drive,E01033120,South Cambridgeshire 006G,Burglary,Investigation complete; no suspect identified,
3667af5668b622c19cd7bafffb6ffa6d81adb82a1f9428954d168569490f65fc,2022-06,Cambridgeshire Constabulary,Cambridgeshire Constabulary,0.116363,52.228687,On or near Thistle Street,E01033120,South Cambridgeshire 006G,Possession of weapons,Unable to prosecute suspect,
69de78df72faf12f7716a700025fbdd5a434b1b08020ebafb54ffddf0945f05e,2022-06,Cambridgeshire Constabulary,Cambridgeshire Constabulary,0.116363,52.228687,On or near Thistle Street,E01033120,South Cambridgeshire 006G,Violence and sexual offences,Unable to prosecute suspect,
04ef267536e0b27921ad62488fc62c1acbd2a87df2d69239c227ffcb9909c533,2022-06,Cambridgeshire Constabulary,Cambridgeshire Constabulary,0.117444,52.231077,On or near Crispin Close,E01033120,South Cambridgeshire 006G,Violence and sexual offences,Unable to prosecute suspect,
24caf730849d18b8cebfb2bfe940591c050b2c8cf67804141faf1aec118ec9cc,2022-06,Cambridgeshire Constabulary,Cambridgeshire Constabulary,0.116363,52.228687,On or near Thistle Street,E01033120,South Cambridgeshire 006G,Violence and sexual offences,Unable to prosecute suspect,
83a3cb36d8fd346054810ec099906457d1425b2383578418d74c620f2ecfdfcf,2022-06,Cambridgeshire Constabulary,Cambridgeshire Constabulary,0.117444,52.231077,On or near Crispin Close,E01033120,South Cambridgeshire 006G,Violence and sexual offences,Unable to prosecute suspect,
6356606c3a9ee150e53cea2706afcbbdeaa04bf05bc57321f26b48af69ea5454,2022-06,Cambridgeshire Constabulary,Cambridgeshire Constabulary,0.116363,52.228687,On or near Thistle Street,E01033120,South Cambridgeshire 006G,Violence and sexual offences,Unable to prosecute suspect,
267d6a74f9d39ea733944784cfdfdfd3bb7e922cdf093414ef2e5b77715f5bef,2022-06,Cambridgeshire Constabulary,Cambridgeshire Constabulary,0.117444,52.231077,On or near Crispin Close,E01033120,South Cambridgeshire 006G,Violence and sexual offences,Unable to prosecute suspect,
,2022-06,Cambridgeshire Constabulary,Cambridgeshire Constabulary,0.121038,52.234583,On or near Stanley Avenue,E01033121,South Cambridgeshire 006H,Anti-social behaviour,,
,2022-06,Cambridgeshire Constabulary,Cambridgeshire Constabulary,0.120510,52.232434,On or near Sweetpea Way,E01033121,South Cambridgeshire 006H,Anti-social behaviour,,
,2022-06,Cambridgeshire Constabulary,Cambridgeshire Constabulary,0.120510,52.232434,On or near Sweetpea Way,E01033121,South Cambridgeshire 006H,Anti-social behaviour,,
,2022-06,Cambridgeshire Constabulary,Cambridgeshire Constabulary,0.121038,52.234583,On or near Stanley Avenue,E01033121,South Cambridgeshire 006H,Anti-social behaviour,,
6fe123dfd33d3d4375042d55094f83e6e86c9146e810c59c20dc2c004aa4a93a,2022-06,Cambridgeshire Constabulary,Cambridgeshire Constabulary,0.123050,52.235329,On or near Neal Drive,E01033121,South Cambridgeshire 006H,Criminal damage and arson,Investigation complete; no suspect identified,
b4913c87da11e131d43205c41277e7e31f876733a773be7752510ffe928cd529,2022-06,Cambridgeshire Constabulary,Cambridgeshire Constabulary,0.122904,52.234100,On or near Cornell Court,E01033121,South Cambridgeshire 006H,Drugs,Local resolution,
6e8506d0607dcfea7bf466c5be466791ccb1a4c6e9dcc70c25e632649bf3ce8f,2022-06,Cambridgeshire Constabulary,Cambridgeshire Constabulary,0.122904,52.234100,On or near Cornell Court,E01033121,South Cambridgeshire 006H,Drugs,Local resolution,
172b276be0619267d50bd059fe969a144b1bd3b9f5c5312c1ea316dd6b1d8b6f,2022-06,Cambridgeshire Constabulary,Cambridgeshire Constabulary,0.115137,52.232764,On or near Bus/Coach Station,E01033121,South Cambridgeshire 006H,Public order,Investigation complete; no suspect identified,
ebcec7eb09dc4c9c51dd4b699c8ce5ed1e32eb48840d16e5198e7d2bcde55421,2022-06,Cambridgeshire Constabulary,Cambridgeshire Constabulary,0.119634,52.234635,On or near Chieftain Way,E01033121,South Cambridgeshire 006H,Public order,Investigation complete; no suspect identified,
2c6f66e2ecc250766dcc93c56d8cff823d5cfdabe75dee415a1f5290392b40ac,2022-06,Cambridgeshire Constabulary,Cambridgeshire Constabulary,0.121038,52.234583,On or near Stanley Avenue,E01033121,South Cambridgeshire 006H,Public order,Unable to prosecute suspect,
dbe5b35a338dcf2566d298b9aefca16d060fcd1381cc6f3c34d002a76c8acb6f,2022-06,Cambridgeshire Constabulary,Cambridgeshire Constabulary,0.128113,52.235849,On or near Flack End,E01033121,South Cambridgeshire 006H,Violence and sexual offences,Status update unavailable,
f3f3589846c45b37276b8cb4acdb587c7362abaa33eb50fecc487cf21a06fc52,2022-06,Cambridgeshire Constabulary,Cambridgeshire Constabulary,0.121038,52.234583,On or near Stanley Avenue,E01033121,South Cambridgeshire 006H,Violence and sexual offences,Unable to prosecute suspect,
a6b0a96a38edb22b70c2513deae18c33cd3a9966c64b60f35274afbad9bc3957,2022-06,Cambridgeshire Constabulary,Cambridgeshire Constabulary,0.121038,52.234583,On or near Stanley Avenue,E01033121,South Cambridgeshire 006H,Violence and sexual offences,Unable to prosecute suspect,
63944a71e43bd4a3316ecfcc54dc64b1b7f7359f8dc4be458c97dcdf481c27a0,2022-06,Cambridgeshire Constabulary,Cambridgeshire Constabulary,0.119634,52.234635,On or near Chieftain Way,E01033121,South Cambridgeshire 006H,Violence and sexual offences,Investigation complete; no suspect identified,
1b502badbf8fe8909f01818fcd7b784ea64f3c664f663466e862b8c064cbdf00,2022-06,Cambridgeshire Constabulary,Cambridgeshire Constabulary,0.119634,52.234635,On or near Chieftain Way,E01033121,South Cambridgeshire 006H,Violence and sexual offences,Investigation complete; no suspect identified,
f079d39116cc2f50236f1b49c8c8b8b1f0a12bd80cccd1f98f3fee3dbcfb215b,2022-06,Cambridgeshire Constabulary,Cambridgeshire Constabulary,0.119634,52.234635,On or near Chieftain Way,E01033121,South Cambridgeshire 006H,Violence and sexual offences,Unable to prosecute suspect,
ebdc2290a87c6635cb9379cb47dec3044f0eb779dca404768e04f07a2e8a356d,2022-06,Cambridgeshire Constabulary,Cambridgeshire Constabulary,0.121038,52.234583,On or near Stanley Avenue,E01033121,South Cambridgeshire 006H,Violence and sexual offences,Unable to prosecute suspect,
3e0d587c1a0c6fdadf6dfbcfd3102fa2c92236e71f2bfe296cbde3844f51e297,2022-06,Cambridgeshire Constabulary,Cambridgeshire Constabulary,0.124826,52.234793,On or near Chadwick Court,E01033121,South Cambridgeshire 006H,Violence and sexual offences,Unable to prosecute suspect,
b856eaa5e009f266608fa7742b4ecbedd9cec331f9bce880b42fc1ac73292e3b,2022-06,Cambridgeshire Constabulary,Cambridgeshire Constabulary,0.121038,52.234583,On or near Stanley Avenue,E01033121,South Cambridgeshire 006H,Violence and sexual offences,Investigation complete; no suspect identified,
34f701491aea5e37fa7c3cda485148375b1605e8331c55d77bd897745e79871f,2022-06,Cambridgeshire Constabulary,Cambridgeshire Constabulary,0.128113,52.235849,On or near Flack End,E01033121,South Cambridgeshire 006H,Other crime,Offender given a caution,
049bf1c5085143e8bbf029eed4e6b3ab2534c0c8c4851970ed97917bdc564db0,2022-06,Cambridgeshire Constabulary,Cambridgeshire Constabulary,0.121038,52.234583,On or near Stanley Avenue,E01033121,South Cambridgeshire 006H,Other crime,Investigation complete; no suspect identified,
5e28279d3b1a4757a380086a435789124823592f54c6a13f22451beff27ef678,2022-06,Cambridgeshire Constabulary,Cambridgeshire Constabulary,0.145836,52.248324,On or near Parking Area,E01018272,South Cambridgeshire 007A,Other theft,Status update unavailable,
741f4d296c78aa203ca38b71d051ffbe788fbb6cdba6a6e73a1f725a25f452e3,2022-06,Cambridgeshire Constabulary,Cambridgeshire Constabulary,0.145836,52.248324,On or near Parking Area,E01018272,South Cambridgeshire 007A,Other theft,Investigation complete; no suspect identified,
00c066566e88795aa51fbf5a6bf5ac922d5781c83c29e4eff15288a90e4dc8fc,2022-06,Cambridgeshire Constabulary,Cambridgeshire Constabulary,0.160005,52.243551,On or near Ken'S Way,E01018272,South Cambridgeshire 007A,Other theft,Investigation complete; no suspect identified,
34231c5239878a5ad1860f3adc8da183e55038ffcce023539e4ddead496b6938,2022-06,Cambridgeshire Constabulary,Cambridgeshire Constabulary,0.164864,52.242860,On or near Hall End,E01018272,South Cambridgeshire 007A,Violence and sexual offences,Unable to prosecute suspect,
f46aa10e35aeb5e49f9cf4684432ed5156b65ba00af11d674efc3573335e36f2,2022-06,Cambridgeshire Constabulary,Cambridgeshire Constabulary,0.164519,52.245698,On or near Knights Way,E01018272,South Cambridgeshire 007A,Violence and sexual offences,Local resolution,
,2022-06,Cambridgeshire Constabulary,Cambridgeshire Constabulary,0.158627,52.238712,On or near Winship Road,E01018273,South Cambridgeshire 007B,Anti-social behaviour,,
618807bcf7e2b09dbf908bee6e1868ddec9692a3b4ac3e1857a7602871be5e36,2022-06,Cambridgeshire Constabulary,Cambridgeshire Constabulary,0.160999,52.239595,On or near Sports/Recreation Area,E01018273,South Cambridgeshire 007B,Criminal damage and arson,Investigation complete; no suspect identified,
8228c4f2323fef1a398d4743808efcc780f04709a939e0176ff3adf5dfaf4694,2022-06,Cambridgeshire Constabulary,Cambridgeshire Constabulary,0.160989,52.224623,On or near Sunningdale Caravan Park,E01018273,South Cambridgeshire 007B,Drugs,Court result unavailable,
33d39abc262f98212d9d09316e6926e91a2322a8d4cdc77d66c89272eb0b45e2,2022-06,Cambridgeshire Constabulary,Cambridgeshire Constabulary,0.162824,52.238869,On or near Park/Open Space,E01018273,South Cambridgeshire 007B,Drugs,Offender given a caution,
eac0528b76a011ee22779df8901f74b32e08a7050d2cf2d8b730ddd6f38cef74,2022-06,Cambridgeshire Constabulary,Cambridgeshire Constabulary,0.164234,52.226614,On or near Fen Road,E01018273,South Cambridgeshire 007B,Other theft,Investigation complete; no suspect identified,
16534ef33385c1a81deab506d3b281ebfaa45106b1dc415ae006da81e4459943,2022-06,Cambridgeshire Constabulary,Cambridgeshire Constabulary,0.160989,52.224623,On or near Sunningdale Caravan Park,E01018273,South Cambridgeshire 007B,Public order,Unable to prosecute suspect,
600cee94e9057c99f98ec6103c0f09f7187f46c79b03aeabda6f0de399788d47,2022-06,Cambridgeshire Constabulary,Cambridgeshire Constabulary,0.164234,52.226614,On or near Fen Road,E01018273,South Cambridgeshire 007B,Theft from the person,Investigation complete; no suspect identified,
fc9b013f6d181851bee06073e8af16cec2cd403e9968a519c15f9e5325d69781,2022-06,Cambridgeshire Constabulary,Cambridgeshire Constabulary,0.164234,52.226614,On or near Fen Road,E01018273,South Cambridgeshire 007B,Vehicle crime,Investigation complete; no suspect identified,
9715bca283d4c90a03c5aa8bbbd08ea17f91206ff1d54b525f4d321afab38cfc,2022-06,Cambridgeshire Constabulary,Cambridgeshire Constabulary,0.160989,52.224623,On or near Sunningdale Caravan Park,E01018273,South Cambridgeshire 007B,Violence and sexual offences,Investigation complete; no suspect identified,
74e8f9764397d4f7a59fd417a3d1342611a81e9d7e3fcc396c37d91af98c918d,2022-06,Cambridgeshire Constabulary,Cambridgeshire Constabulary,0.161901,52.242482,On or near Wilson Way,E01018273,South Cambridgeshire 007B,Violence and sexual offences,Unable to prosecute suspect,
607a64034ebfe60c8acec74397dd71eed104658e2069e7ff8c61471d98fce331,2022-06,Cambridgeshire Constabulary,Cambridgeshire Constabulary,0.160455,52.241358,On or near Walkling Way,E01018273,South Cambridgeshire 007B,Violence and sexual offences,Unable to prosecute suspect,
ef950250db7381e2442fd3b972de8a907aa1bb3e12b5dd30ce0c2d4301c95d17,2022-06,Cambridgeshire Constabulary,Cambridgeshire Constabulary,0.161901,52.242482,On or near Wilson Way,E01018273,South Cambridgeshire 007B,Violence and sexual offences,Unable to prosecute suspect,
c250c62dfc9380aa0592058e8a743ccaff67727e0c7d8e1f8ab5e0e139ece53b,2022-06,Cambridgeshire Constabulary,Cambridgeshire Constabulary,0.161901,52.242482,On or near Wilson Way,E01018273,South Cambridgeshire 007B,Violence and sexual offences,Unable to prosecute suspect,
51d5a5c4aeda51992dbcbd2632a77296c0ed08a5b8ec73909373ce4005ddff7e,2022-06,Cambridgeshire Constabulary,Cambridgeshire Constabulary,0.158939,52.239992,On or near Barnabas Court,E01018273,South Cambridgeshire 007B,Violence and sexual offences,Unable to prosecute suspect,
,2022-06,Cambridgeshire Constabulary,Cambridgeshire Constabulary,0.140154,52.232241,On or near Garry Drive,E01018274,South Cambridgeshire 007C,Anti-social behaviour,,
05494691e03bba4ac174a795af81dc03e62393bc2503e00cdc0e6d80c5508d3c,2022-06,Cambridgeshire Constabulary,Cambridgeshire Constabulary,0.146506,52.231865,On or near Conference/Exhibition Centre,E01018274,South Cambridgeshire 007C,Bicycle theft,Investigation complete; no suspect identified,
a119edb702bf4466da13a2507c5e1e5f94b447cd0f5b174f1e3891a37c323afc,2022-06,Cambridgeshire Constabulary,Cambridgeshire Constabulary,0.152019,52.241071,On or near Sports/Recreation Area,E01018274,South Cambridgeshire 007C,Burglary,Investigation complete; no suspect identified,
5d3c8d3ba58524ec91970d59ebd2fe980bb70ab278fdd6aaebaf21fd43af9b00,2022-06,Cambridgeshire Constabulary,Cambridgeshire Constabulary,0.159466,52.242419,On or near Edmund Close,E01018274,South Cambridgeshire 007C,Other theft,Unable to prosecute suspect,
b4d60ffdafe1f6b24cb5a688cba448fd2003106ca98a12e53b3c201115ffea92,2022-06,Cambridgeshire Constabulary,Cambridgeshire Constabulary,0.156333,52.238214,On or near Petrol Station,E01018274,South Cambridgeshire 007C,Other theft,Unable to prosecute suspect,
cb2caa234814c0e5041d18e936b52444f205779f6a2fff78a9f1829ede67eff6,2022-06,Cambridgeshire Constabulary,Cambridgeshire Constabulary,0.154265,52.239367,On or near Supermarket,E01018274,South Cambridgeshire 007C,Shoplifting,Investigation complete; no suspect identified,
dbef65da4e0ad424db5ed77bfa33dee8aeb8f80444a652c83be3f6bd7d10308b,2022-06,Cambridgeshire Constabulary,Cambridgeshire Constabulary,0.154265,52.239367,On or near Supermarket,E01018274,South Cambridgeshire 007C,Shoplifting,Investigation complete; no suspect identified,
9940551177590fed7814cc91fb1a52ea05113cf69e2fda2cca51b8b1dd232261,2022-06,Cambridgeshire Constabulary,Cambridgeshire Constabulary,0.154265,52.239367,On or near Supermarket,E01018274,South Cambridgeshire 007C,Shoplifting,Investigation complete; no suspect identified,
6a9d3e6e682bfb836e3c7d921cb469fd4a4f9be7d96fa5ffd2573c4bb8c666c6,2022-06,Cambridgeshire Constabulary,Cambridgeshire Constabulary,0.154265,52.239367,On or near Supermarket,E01018274,South Cambridgeshire 007C,Shoplifting,Investigation complete; no suspect identified,
bf595eee818627582ad6c3ad317abc747b952a3ff97b8662b0f661015bc6c9ed,2022-06,Cambridgeshire Constabulary,Cambridgeshire Constabulary,0.154265,52.239367,On or near Supermarket,E01018274,South Cambridgeshire 007C,Shoplifting,Court result unavailable,
6b57ce0b31a3733a99143c16759f172665daf903de687f923ed7a34bfcd034f4,2022-06,Cambridgeshire Constabulary,Cambridgeshire Constabulary,0.154265,52.239367,On or near Supermarket,E01018274,South Cambridgeshire 007C,Vehicle crime,Investigation complete; no suspect identified,
c0b36c7d0904bad81e713a8621818f9b5d17f81d74ccb3f68b650ec1a0b40bf4,2022-06,Cambridgeshire Constabulary,Cambridgeshire Constabulary,0.154265,52.239367,On or near Supermarket,E01018274,South Cambridgeshire 007C,Violence and sexual offences,Court result unavailable,
1fdf655adf3cab448ac3a62598ee8dbbd9183c8e66206b14c104f2e30bf672ff,2022-06,Cambridgeshire Constabulary,Cambridgeshire Constabulary,0.150537,52.234957,On or near Parking Area,E01018274,South Cambridgeshire 007C,Violence and sexual offences,Investigation complete; no suspect identified,
8c026d4a8e02c92f078c20552ef07f0971e21368eeebf00461a549a1ce3193e0,2022-06,Cambridgeshire Constabulary,Cambridgeshire Constabulary,0.159466,52.242419,On or near Edmund Close,E01018274,South Cambridgeshire 007C,Violence and sexual offences,Unable to prosecute suspect,
67ff1515fd1600034e13a71838fcf5009e7779168fea7ea8f48feb568e4774c2,2022-06,Cambridgeshire Constabulary,Cambridgeshire Constabulary,0.149212,52.236941,On or near Park/Open Space,E01018274,South Cambridgeshire 007C,Violence and sexual offences,Investigation complete; no suspect identified,
,2022-06,Cambridgeshire Constabulary,Cambridgeshire Constabulary,0.170038,52.226121,On or near Wright'S Close,E01018297,South Cambridgeshire 007D,Anti-social behaviour,,
b89742245cff335c304b03cad9141317c3bbfa8c70ff53cacc8cc2d81f258261,2022-06,Cambridgeshire Constabulary,Cambridgeshire Constabulary,0.229448,52.215994,On or near A14,E01018297,South Cambridgeshire 007D,Public order,Investigation complete; no suspect identified,
e9a726bfc98e286650851417bba140ab4d4302757ad742051d8905aaa20ea9fb,2022-06,Cambridgeshire Constabulary,Cambridgeshire Constabulary,0.229448,52.215994,On or near A14,E01018297,South Cambridgeshire 007D,Violence and sexual offences,Unable to prosecute suspect,
e63b8ae70b75f2928c6b0ad9cc1e6079bef8217e7a58ba9197896ed80c886965,2022-06,Cambridgeshire Constabulary,Cambridgeshire Constabulary,0.183516,52.238793,On or near Priory Road,E01018297,South Cambridgeshire 007D,Violence and sexual offences,Unable to prosecute suspect,
b8484600b3e7e56d9214900e6dd2627cc9e87661b1930cb3fafb28125c76b60a,2022-06,Cambridgeshire Constabulary,Cambridgeshire Constabulary,0.217567,52.217288,On or near Church Road,E01018297,South Cambridgeshire 007D,Violence and sexual offences,Status update unavailable,
7282fb51711dd9a40d8b95f458bef0049c07ce0376bbe5046df61949d6b6371a,2022-06,Cambridgeshire Constabulary,Cambridgeshire Constabulary,0.042899,52.225837,On or near High Street,E01018224,South Cambridgeshire 009A,Other theft,Investigation complete; no suspect identified,
a04f673857d728b4e17bf8433ed0ce58bc2a5fc7260162a3a759e54d135a672c,2022-06,Cambridgeshire Constabulary,Cambridgeshire Constabulary,0.042899,52.225837,On or near High Street,E01018224,South Cambridgeshire 009A,Other theft,Investigation complete; no suspect identified,
425e29d80ad4ab6e0afca1c2ff98133204fde6c372a31dc6c7854033302dfb1e,2022-06,Cambridgeshire Constabulary,Cambridgeshire Constabulary,0.042899,52.225837,On or near High Street,E01018224,South Cambridgeshire 009A,Other theft,Investigation complete; no suspect identified,
3a17768fbea8ac8721f9387dbf481c3c4f71fa2dbd748f2efe322e3cb8f8802d,2022-06,Cambridgeshire Constabulary,Cambridgeshire Constabulary,0.067285,52.209577,On or near The Footpath,E01018224,South Cambridgeshire 009A,Other theft,Investigation complete; no suspect identified,
13140d07f6ae20923d5060646dde3af523bc977903af2e6a4626ee4e43644a08,2022-06,Cambridgeshire Constabulary,Cambridgeshire Constabulary,0.055477,52.209037,On or near Whitwell Way,E01018224,South Cambridgeshire 009A,Public order,Status update unavailable,
94d861bbe54f9647b8082a12078c6e30589a62f1095426fbefe9e04b22e2ef63,2022-06,Cambridgeshire Constabulary,Cambridgeshire Constabulary,0.055477,52.209037,On or near Whitwell Way,E01018224,South Cambridgeshire 009A,Public order,Unable to prosecute suspect,
4226b69a57f12dac45251296f1b155b251e9cfd4d797d232e486ac4382d6bfce,2022-06,Cambridgeshire Constabulary,Cambridgeshire Constabulary,0.055477,52.209037,On or near Whitwell Way,E01018224,South Cambridgeshire 009A,Violence and sexual offences,Unable to prosecute suspect,
d79ad41524b04676148d0e063242703d44d3bbf4dd987a3027de2747f932fa81,2022-06,Cambridgeshire Constabulary,Cambridgeshire Constabulary,0.055477,52.209037,On or near Whitwell Way,E01018224,South Cambridgeshire 009A,Violence and sexual offences,Unable to prosecute suspect,
caff39b216de609fa7190391b656d90afcb03699537542732ef83ddff0b9a56c,2022-06,Cambridgeshire Constabulary,Cambridgeshire Constabulary,0.055477,52.209037,On or near Whitwell Way,E01018224,South Cambridgeshire 009A,Violence and sexual offences,Unable to prosecute suspect,
5e9956f6de9e66ec3ad15af8f72c65055edbb7546fbcd1357f6acb881ea00fe7,2022-06,Cambridgeshire Constabulary,Cambridgeshire Constabulary,0.095833,52.177350,On or near Mill Way,E01018225,South Cambridgeshire 009B,Public order,Unable to prosecute suspect,
,2022-06,Cambridgeshire Constabulary,Cambridgeshire Constabulary,0.092158,52.224632,On or near The Brambles,E01018248,South Cambridgeshire 009C,Anti-social behaviour,,
,2022-06,Cambridgeshire Constabulary,Cambridgeshire Constabulary,0.086376,52.233106,On or near Supermarket,E01018248,South Cambridgeshire 009C,Anti-social behaviour,,
,2022-06,Cambridgeshire Constabulary,Cambridgeshire Constabulary,0.086454,52.225398,On or near Bunker'S Hill,E01018248,South Cambridgeshire 009C,Anti-social behaviour,,
,2022-06,Cambridgeshire Constabulary,Cambridgeshire Constabulary,0.092158,52.224632,On or near The Brambles,E01018248,South Cambridgeshire 009C,Anti-social behaviour,,
7e0f74b561102843b871c9ac6c39d21f9cb724088f113e21855da2ebb02104b0,2022-06,Cambridgeshire Constabulary,Cambridgeshire Constabulary,0.079323,52.218178,On or near Park/Open Space,E01018248,South Cambridgeshire 009C,Bicycle theft,Investigation complete; no suspect identified,
6e861c6003f724c68e8dafac3181a23d17f565b669e2aa3325abde5448622045,2022-06,Cambridgeshire Constabulary,Cambridgeshire Constabulary,0.090067,52.224705,On or near Petrol Station,E01018248,South Cambridgeshire 009C,Criminal damage and arson,Court result unavailable,
98be25afff244cd90e4ffdf8a96caac77a1d8510418e8fd6709fcc699d76901a,2022-06,Cambridgeshire Constabulary,Cambridgeshire Constabulary,0.083710,52.228405,On or near Further/Higher Educational Building,E01018248,South Cambridgeshire 009C,Criminal damage and arson,Investigation complete; no suspect identified,
a2babe16c5ac9a293b5420beca534bd4231a8e741a494f523856afca9886d2ad,2022-06,Cambridgeshire Constabulary,Cambridgeshire Constabulary,0.092158,52.224632,On or near The Brambles,E01018248,South Cambridgeshire 009C,Other theft,Investigation complete; no suspect identified,
e45a180955ea5f6db4d46efc4df6716a2b5b4bff1f7094a9d8724257b03c88d3,2022-06,Cambridgeshire Constabulary,Cambridgeshire Constabulary,0.092158,52.224632,On or near The Brambles,E01018248,South Cambridgeshire 009C,Public order,Investigation complete; no suspect identified,
c72778367e3586451f51f03c1607696dd8d4aab292a25227a1937696452147be,2022-06,Cambridgeshire Constabulary,Cambridgeshire Constabulary,0.096577,52.225812,On or near Sports/Recreation Area,E01018248,South Cambridgeshire 009C,Vehicle crime,Unable to prosecute suspect,
f65b3d610ee1476735d010df8042ec45472096100ad0a4c4929ea5db482b7ba1,2022-06,Cambridgeshire Constabulary,Cambridgeshire Constabulary,0.081438,52.241177,On or near High Street,E01018249,South Cambridgeshire 009D,Other theft,Unable to prosecute suspect,
5335a672d3467846c4fcd76d47a7303d0fd390d276e4bfdbaac7421e758c63fd,2022-06,Cambridgeshire Constabulary,Cambridgeshire Constabulary,0.079151,52.243331,On or near Dodford Lane,E01018249,South Cambridgeshire 009D,Violence and sexual offences,Unable to prosecute suspect,
,2022-06,Cambridgeshire Constabulary,Cambridgeshire Constabulary,0.080787,52.234787,On or near St Vincent'S Close,E01018250,South Cambridgeshire 009E,Anti-social behaviour,,
,2022-06,Cambridgeshire Constabulary,Cambridgeshire Constabulary,0.080787,52.234787,On or near St Vincent'S Close,E01018250,South Cambridgeshire 009E,Anti-social behaviour,,
,2022-06,Cambridgeshire Constabulary,Cambridgeshire Constabulary,0.080787,52.234787,On or near St Vincent'S Close,E01018250,South Cambridgeshire 009E,Anti-social behaviour,,
8edeaadf05fedc6cc196b5426c939a4cc2bc26e62288869d2edb00fe29d9991d,2022-06,Cambridgeshire Constabulary,Cambridgeshire Constabulary,0.084477,52.237266,On or near Whitegate Close,E01018250,South Cambridgeshire 009E,Burglary,Investigation complete; no suspect identified,
c8c6e9b44b21733363fcc59144b41a46394520ab9c303f780719218779f91142,2022-06,Cambridgeshire Constabulary,Cambridgeshire Constabulary,0.080787,52.234787,On or near St Vincent'S Close,E01018250,South Cambridgeshire 009E,Criminal damage and arson,Further action is not in the public interest,
9dbd572ba6b6523c0cdaae8da09723c6e91453bec8f95ba4a01c2cf9598172aa,2022-06,Cambridgeshire Constabulary,Cambridgeshire Constabulary,0.080787,52.234787,On or near St Vincent'S Close,E01018250,South Cambridgeshire 009E,Criminal damage and arson,Further action is not in the public interest,
2b0788cb7b67b04e63908ac17c3a445ec9b16c942355fa7b4d9f536e51f3dce9,2022-06,Cambridgeshire Constabulary,Cambridgeshire Constabulary,0.080787,52.234787,On or near St Vincent'S Close,E01018250,South Cambridgeshire 009E,Criminal damage and arson,Unable to prosecute suspect,
7c7323eabd4c2f47d0105f6a93f614c636e79bdc2e6480094dbb5c5a115a5953,2022-06,Cambridgeshire Constabulary,Cambridgeshire Constabulary,0.080787,52.234787,On or near St Vincent'S Close,E01018250,South Cambridgeshire 009E,Public order,Further action is not in the public interest,
fa9bea49451bbdc47a8e055b408a094ae43dec02a4ce9a6c613ad72d2c0ce34a,2022-06,Cambridgeshire Constabulary,Cambridgeshire Constabulary,0.080787,52.234787,On or near St Vincent'S Close,E01018250,South Cambridgeshire 009E,Public order,Further action is not in the public interest,
f2b502866dc95db468920824a982f23cffff7aa8de41da614ae727ee182f52bc,2022-06,Cambridgeshire Constabulary,Cambridgeshire Constabulary,0.080787,52.234787,On or near St Vincent'S Close,E01018250,South Cambridgeshire 009E,Theft from the person,Unable to prosecute suspect,
7045a259e591d136eef4ea2410dddd7e412ec7aa75d8be31c5fe4adf34abffb4,2022-06,Cambridgeshire Constabulary,Cambridgeshire Constabulary,0.080787,52.234787,On or near St Vincent'S Close,E01018250,South Cambridgeshire 009E,Violence and sexual offences,Further action is not in the public interest,
87b06e947559c8745ad86de074e3c0c5d8eb8b651cd0c4227d3a3f2ddb60bbab,2022-06,Cambridgeshire Constabulary,Cambridgeshire Constabulary,0.083266,52.238933,On or near Orchard Close,E01018250,South Cambridgeshire 009E,Violence and sexual offences,Status update unavailable,
9f8c9f823ea9c4a400fdf645cbe866ea0244c6b2bac2af64350f603a5a0d9e5f,2022-06,Cambridgeshire Constabulary,Cambridgeshire Constabulary,0.080787,52.234787,On or near St Vincent'S Close,E01018250,South Cambridgeshire 009E,Violence and sexual offences,Further action is not in the public interest,
,2022-06,Cambridgeshire Constabulary,Cambridgeshire Constabulary,-0.016857,52.218566,On or near Petrol Station,E01018231,South Cambridgeshire 010A,Anti-social behaviour,,
5813b0eb2c03307c765c347a706866ae5ae206b5f152290f03fc31defea2c1c9,2022-06,Cambridgeshire Constabulary,Cambridgeshire Constabulary,-0.026902,52.209275,On or near Grafton Drive,E01018231,South Cambridgeshire 010A,Burglary,Investigation complete; no suspect identified,
40bec7b3344ffa51ba8336add520d7546b4a16be5ff6363b5868c5a6433fbdfe,2022-06,Cambridgeshire Constabulary,Cambridgeshire Constabulary,-0.019931,52.215272,On or near The Willows,E01018231,South Cambridgeshire 010A,Other theft,Investigation complete; no suspect identified,
f9378e4ef75beb9bf710a2aacc70006189f8887f33ab142eaacf0560bec056a0,2022-06,Cambridgeshire Constabulary,Cambridgeshire Constabulary,-0.016857,52.218566,On or near Petrol Station,E01018231,South Cambridgeshire 010A,Possession of weapons,Unable to prosecute suspect,
6cde2daf65db18938a5bceb4a197c35aed2f0971f6190a1cf1149e1f72cc908f,2022-06,Cambridgeshire Constabulary,Cambridgeshire Constabulary,-0.019931,52.215272,On or near The Willows,E01018231,South Cambridgeshire 010A,Theft from the person,Investigation complete; no suspect identified,
fe40c3cfaf635bb3338729529c41ce6426e40e67c6374ce3e32efabb110e24aa,2022-06,Cambridgeshire Constabulary,Cambridgeshire Constabulary,-0.019931,52.215272,On or near The Willows,E01018231,South Cambridgeshire 010A,Theft from the person,Investigation complete; no suspect identified,
8ff851284feaa71ba261c51c05d24a4eee907497f4ee9a331f48355362b8c247,2022-06,Cambridgeshire Constabulary,Cambridgeshire Constabulary,-0.013479,52.187973,On or near Eversden Close,E01018231,South Cambridgeshire 010A,Vehicle crime,Investigation complete; no suspect identified,
c96f5fc73e9cfbad84b86e697d9cd8c4c0d4fa44005c4d23c63b2770c185842b,2022-06,Cambridgeshire Constabulary,Cambridgeshire Constabulary,-0.014708,52.182715,On or near Brookside,E01018231,South Cambridgeshire 010A,Vehicle crime,Investigation complete; no suspect identified,
56455b158e816a48c55c88be39c74b5f5b6d70f16e11ff5252138e57d55c7e8a,2022-06,Cambridgeshire Constabulary,Cambridgeshire Constabulary,-0.026902,52.209275,On or near Grafton Drive,E01018231,South Cambridgeshire 010A,Violence and sexual offences,Local resolution,
c50f8071f8b02752671ce52fbe1aa5f21edc25265e97882173a9575f0738e98e,2022-06,Cambridgeshire Constabulary,Cambridgeshire Constabulary,-0.016857,52.218566,On or near Petrol Station,E01018231,South Cambridgeshire 010A,Violence and sexual offences,Unable to prosecute suspect,
f11292e449697896761df954041ad265042fa890519126edcba150f7517b7e1b,2022-06,Cambridgeshire Constabulary,Cambridgeshire Constabulary,-0.032138,52.181865,On or near Church Lane,E01018231,South Cambridgeshire 010A,Violence and sexual offences,Unable to prosecute suspect,
1d7da8418335d5331d7845228d1d2ec2c67e3ef4a59eb9bbf6db668a5eb9fabf,2022-06,Cambridgeshire Constabulary,Cambridgeshire Constabulary,-0.026902,52.209275,On or near Grafton Drive,E01018231,South Cambridgeshire 010A,Violence and sexual offences,Local resolution,
f1c016bb3a46d1a1d534255f65709bda1d490590c5d74caf31793f7dbcf410e0,2022-06,Cambridgeshire Constabulary,Cambridgeshire Constabulary,-0.016857,52.218566,On or near Petrol Station,E01018231,South Cambridgeshire 010A,Violence and sexual offences,Unable to prosecute suspect,
d67e0f5194ad889df7cf0cda7944616d406b6c95a332957b1dfc52855851a89b,2022-06,Cambridgeshire Constabulary,Cambridgeshire Constabulary,0.026793,52.192386,On or near St Thomas Close,E01018232,South Cambridgeshire 010B,Criminal damage and arson,Investigation complete; no suspect identified,
8e3c9b874a2da11ebe2565404ff1bd7e30bead3e1e75d051dcc8821a129a2cbf,2022-06,Cambridgeshire Constabulary,Cambridgeshire Constabulary,0.026793,52.192386,On or near St Thomas Close,E01018232,South Cambridgeshire 010B,Other theft,Investigation complete; no suspect identified,
9c34f92b9cb4fa48bd1e9330000f569d214f0a750fd5525059d5ea433b314f6b,2022-06,Cambridgeshire Constabulary,Cambridgeshire Constabulary,0.020208,52.187850,On or near Hines Lane,E01018232,South Cambridgeshire 010B,Other theft,Investigation complete; no suspect identified,
0eb5f53fa94c4607bdd9ffcfcc11031534addc98b2f3b4844bd3531503dab8af,2022-06,Cambridgeshire Constabulary,Cambridgeshire Constabulary,0.019743,52.185664,On or near South Lane,E01018232,South Cambridgeshire 010B,Shoplifting,Investigation complete; no suspect identified,
03a6d1edfef8454e0518c65bdd3233058fea8cec3b57af00a7254965e0022fe4,2022-06,Cambridgeshire Constabulary,Cambridgeshire Constabulary,0.006428,52.217111,On or near Blenheim Way,E01018251,South Cambridgeshire 010C,Public order,Unable to prosecute suspect,
e1207b10ffb007a130eccf71745cd970ce1d82b3b4ea2598b29e65a45f9a10af,2022-06,Cambridgeshire Constabulary,Cambridgeshire Constabulary,0.012116,52.217616,On or near St Neots Road,E01018251,South Cambridgeshire 010C,Violence and sexual offences,Investigation complete; no suspect identified,
54968e30f9018bcff6ef514ea746ba5bccc10311bd076c93b23070d0d8de4a66,2022-06,Cambridgeshire Constabulary,Cambridgeshire Constabulary,0.006428,52.217111,On or near Blenheim Way,E01018251,South Cambridgeshire 010C,Violence and sexual offences,Unable to prosecute suspect,
ac348c3cb45ebfaf97a4bec98d661e0c1ebc73f2906205a32b2ce0b8bfde2434,2022-06,Cambridgeshire Constabulary,Cambridgeshire Constabulary,0.011101,52.216546,On or near Bramley Way,E01018251,South Cambridgeshire 010C,Violence and sexual offences,Unable to prosecute suspect,
,2022-06,Cambridgeshire Constabulary,Cambridgeshire Constabulary,0.005353,52.205602,On or near The Pastures,E01018252,South Cambridgeshire 010D,Anti-social behaviour,,
,2022-06,Cambridgeshire Constabulary,Cambridgeshire Constabulary,0.005353,52.205602,On or near The Pastures,E01018252,South Cambridgeshire 010D,Anti-social behaviour,,
,2022-06,Cambridgeshire Constabulary,Cambridgeshire Constabulary,0.005353,52.205602,On or near The Pastures,E01018252,South Cambridgeshire 010D,Anti-social behaviour,,
,2022-06,Cambridgeshire Constabulary,Cambridgeshire Constabulary,0.000348,52.159658,On or near Harlton Road,E01018255,South Cambridgeshire 010E,Anti-social behaviour,,
,2022-06,Cambridgeshire Constabulary,Cambridgeshire Constabulary,0.000348,52.159658,On or near Harlton Road,E01018255,South Cambridgeshire 010E,Anti-social behaviour,,
6a7d08c49d7606afeaebeba575f45fbdc3346a379d136cae23e43ea8b8f91b9e,2022-06,Cambridgeshire Constabulary,Cambridgeshire Constabulary,0.005640,52.160287,On or near High Street,E01018255,South Cambridgeshire 010E,Burglary,Investigation complete; no suspect identified,
ff36155df8afbb198f6529faa601ff7a50d455595d98ae5f1773bb0df111e72c,2022-06,Cambridgeshire Constabulary,Cambridgeshire Constabulary,0.002981,52.159020,On or near Wheeler'S Close,E01018255,South Cambridgeshire 010E,Criminal damage and arson,Unable to prosecute suspect,
2d6b22ccc780d14d19dce9a12a12c55dee3579e345901ea9ee3df0d50e8ce87b,2022-06,Cambridgeshire Constabulary,Cambridgeshire Constabulary,0.025265,52.152974,On or near Coach Drive,E01018255,South Cambridgeshire 010E,Other theft,Investigation complete; no suspect identified,
cda7817796ce4dcaf80412df43c69ee188a50edd65e263250c1e2809859a14c4,2022-06,Cambridgeshire Constabulary,Cambridgeshire Constabulary,0.000348,52.159658,On or near Harlton Road,E01018255,South Cambridgeshire 010E,Public order,Unable to prosecute suspect,
ed2e973a661c1d398ac2bc3ccca3bfa4ad1c93c5bdbda7374a69668aacee8b05,2022-06,Cambridgeshire Constabulary,Cambridgeshire Constabulary,-0.011379,52.166168,On or near High Street,E01018255,South Cambridgeshire 010E,Violence and sexual offences,Unable to prosecute suspect,
1415d44b90386d7d147edaad72fdb2f16193886e409e5552f6055a97f86742a8,2022-06,Cambridgeshire Constabulary,Cambridgeshire Constabulary,0.211939,52.184150,On or near Bird Farm Road,E01018242,South Cambridgeshire 011A,Burglary,Status update unavailable,
1291754a84cbe2bcfdc002e86e3cac48c3077b4b80f4dae1824482397bf377cb,2022-06,Cambridgeshire Constabulary,Cambridgeshire Constabulary,0.211290,52.179918,On or near Huntsmill,E01018242,South Cambridgeshire 011A,Violence and sexual offences,Unable to prosecute suspect,
91fb78ae5059ba3ba9a3ba7d86da6694972b94ec5eaddfef5dedf74a06cc2c26,2022-06,Cambridgeshire Constabulary,Cambridgeshire Constabulary,0.211290,52.179918,On or near Huntsmill,E01018242,South Cambridgeshire 011A,Violence and sexual offences,Unable to prosecute suspect,
,2022-06,Cambridgeshire Constabulary,Cambridgeshire Constabulary,0.183962,52.183727,On or near Coltsfoot Close,E01018243,South Cambridgeshire 011B,Anti-social behaviour,,
e7d2f89abb5129845dfec1828587f2f693904f83d856a70f8006e9f411b23b9b,2022-06,Cambridgeshire Constabulary,Cambridgeshire Constabulary,0.206471,52.186887,On or near Roberts Way,E01018243,South Cambridgeshire 011B,Criminal damage and arson,Unable to prosecute suspect,
f58f111b8727f98630bb7655c0e407ecaef66b57f2029f28dfc7e2427d19ecd1,2022-06,Cambridgeshire Constabulary,Cambridgeshire Constabulary,0.206471,52.186887,On or near Roberts Way,E01018243,South Cambridgeshire 011B,Criminal damage and arson,Unable to prosecute suspect,
d99e9a5f93e86826b3b2d285d1b0b8ccea4908ee1a7b9c0c06bf8a678c4e1299,2022-06,Cambridgeshire Constabulary,Cambridgeshire Constabulary,0.185169,52.185368,On or near Yarrow Road,E01018243,South Cambridgeshire 011B,Criminal damage and arson,Unable to prosecute suspect,
276e3221f64ab88c8a2ee757e3f12c7a76ecaa8a1b4bfd690cca243542d5b3be,2022-06,Cambridgeshire Constabulary,Cambridgeshire Constabulary,0.188091,52.186771,On or near Supermarket,E01018243,South Cambridgeshire 011B,Criminal damage and arson,Investigation complete; no suspect identified,
84d584bbbf051467a529d67334c45c2916cd7294bf3a1bbd4d0a78a8c5bc2e0e,2022-06,Cambridgeshire Constabulary,Cambridgeshire Constabulary,0.183962,52.183727,On or near Coltsfoot Close,E01018243,South Cambridgeshire 011B,Possession of weapons,Unable to prosecute suspect,
3bc6ab505a518340365471802c976425a23965884a34521d9d91d1ba2d640dd8,2022-06,Cambridgeshire Constabulary,Cambridgeshire Constabulary,0.183962,52.183727,On or near Coltsfoot Close,E01018243,South Cambridgeshire 011B,Public order,Unable to prosecute suspect,
9cb26061e28e080fb78a95a00e74de17c1b5f88365cd0391c8a4da04db056c89,2022-06,Cambridgeshire Constabulary,Cambridgeshire Constabulary,0.185169,52.185368,On or near Yarrow Road,E01018243,South Cambridgeshire 011B,Violence and sexual offences,Court result unavailable,
5ae9ef36e950703c4991d6925ee373b6514c5948a1dd1583a246504cffdb4891,2022-06,Cambridgeshire Constabulary,Cambridgeshire Constabulary,0.185169,52.185368,On or near Yarrow Road,E01018243,South Cambridgeshire 011B,Violence and sexual offences,Unable to prosecute suspect,
eb6d0f47a52a57b7ed7b0697d38b3f519ed09aa353ae1691c98aa7caed391f83,2022-06,Cambridgeshire Constabulary,Cambridgeshire Constabulary,0.185169,52.185368,On or near Yarrow Road,E01018243,South Cambridgeshire 011B,Violence and sexual offences,Unable to prosecute suspect,
142ed62d6c10e32fd064e975a919d88bab00e65da2a10100d334d5b1e5a25403,2022-06,Cambridgeshire Constabulary,Cambridgeshire Constabulary,0.188091,52.186771,On or near Supermarket,E01018243,South Cambridgeshire 011B,Violence and sexual offences,Unable to prosecute suspect,
e8fe1caff69e447d186cebb5d4ad35666c357320c46ccb387ee9da82d512051d,2022-06,Cambridgeshire Constabulary,Cambridgeshire Constabulary,0.188091,52.186771,On or near Supermarket,E01018243,South Cambridgeshire 011B,Violence and sexual offences,Unable to prosecute suspect,
c535cf323884aafb1634396670b25b78887748e899d9bb2005ba45934f8cd1ad,2022-06,Cambridgeshire Constabulary,Cambridgeshire Constabulary,0.228295,52.179193,On or near Stonebridge Lane,E01018244,South Cambridgeshire 011C,Other theft,Unable to prosecute suspect,
4945b2ee1c0cca9e9c42d094518b5ebf0dce2ff6b5d9611aa58680a9f0783972,2022-06,Cambridgeshire Constabulary,Cambridgeshire Constabulary,0.223392,52.181786,On or near Manor Walk,E01018244,South Cambridgeshire 011C,Public order,Unable to prosecute suspect,
59f0f9be9514ed81d89db2d171a9ff06294fe24d1c36270c7a9d6f1055286b6a,2022-06,Cambridgeshire Constabulary,Cambridgeshire Constabulary,0.224928,52.178268,On or near Impett'S Lane,E01018244,South Cambridgeshire 011C,Violence and sexual offences,Unable to prosecute suspect,
,2022-06,Cambridgeshire Constabulary,Cambridgeshire Constabulary,0.179836,52.210923,On or near Parking Area,E01018286,South Cambridgeshire 011D,Anti-social behaviour,,
,2022-06,Cambridgeshire Constabulary,Cambridgeshire Constabulary,0.191650,52.201730,On or near Borley Way,E01018286,South Cambridgeshire 011D,Anti-social behaviour,,
,2022-06,Cambridgeshire Constabulary,Cambridgeshire Constabulary,0.179836,52.210923,On or near Parking Area,E01018286,South Cambridgeshire 011D,Anti-social behaviour,,
,2022-06,Cambridgeshire Constabulary,Cambridgeshire Constabulary,0.179836,52.210923,On or near Parking Area,E01018286,South Cambridgeshire 011D,Anti-social behaviour,,
0c483f10d73baf829515c0399478aeb3dbddba10e8bb8d7e761062fc6dbfea2f,2022-06,Cambridgeshire Constabulary,Cambridgeshire Constabulary,0.179836,52.210923,On or near Parking Area,E01018286,South Cambridgeshire 011D,Bicycle theft,Investigation complete; no suspect identified,
a76eed59fa1097758da317813385040df13f45673c3fe65a6265a3d25d8a55bc,2022-06,Cambridgeshire Constabulary,Cambridgeshire Constabulary,0.179836,52.210923,On or near Parking Area,E01018286,South Cambridgeshire 011D,Bicycle theft,Investigation complete; no suspect identified,
a69e33b1f8e5824df078233b56627b16a428058646ccdb4ab04920c3a83c678c,2022-06,Cambridgeshire Constabulary,Cambridgeshire Constabulary,0.179836,52.210923,On or near Parking Area,E01018286,South Cambridgeshire 011D,Bicycle theft,Investigation complete; no suspect identified,
d865fb1ecffe664f5cf73a927da6da8ba50d178e3ac5c38640c229ac0c4381b6,2022-06,Cambridgeshire Constabulary,Cambridgeshire Constabulary,0.190374,52.201377,On or near Pembroke Way,E01018286,South Cambridgeshire 011D,Public order,Unable to prosecute suspect,
7f3d96ed65b2878fae774b1ad03d99ed3660f0f77c152f1f841b95e99cf4684f,2022-06,Cambridgeshire Constabulary,Cambridgeshire Constabulary,0.188995,52.203398,On or near Thulborn Close,E01018286,South Cambridgeshire 011D,Public order,Investigation complete; no suspect identified,
51f96f446db3444d9a21207e868bdab6c3a8f215620abe23b514a2848bfe682d,2022-06,Cambridgeshire Constabulary,Cambridgeshire Constabulary,0.188567,52.202417,On or near Marshall'S Close,E01018286,South Cambridgeshire 011D,Vehicle crime,Unable to prosecute suspect,
a63e9aaabbe000c926199ba18cf6f16eca3f99a76887a36b66c9160d3db596b2,2022-06,Cambridgeshire Constabulary,Cambridgeshire Constabulary,0.187089,52.191393,On or near Fennec Close,E01018286,South Cambridgeshire 011D,Violence and sexual offences,Unable to prosecute suspect,
2a0f710a7b13c1165f0cefd975ff9822be1b35cc1507cb48161c8d6fc8361d3e,2022-06,Cambridgeshire Constabulary,Cambridgeshire Constabulary,0.187089,52.191393,On or near Fennec Close,E01018286,South Cambridgeshire 011D,Violence and sexual offences,Unable to prosecute suspect,
dbe8895fdc6878077577ff4e5a72ce95ef8492ac4e116d6aa5fb7fb5e6fdba95,2022-06,Cambridgeshire Constabulary,Cambridgeshire Constabulary,0.182987,52.194284,On or near Dolphin Close,E01018286,South Cambridgeshire 011D,Violence and sexual offences,Unable to prosecute suspect,
8253298b3997d1bb4267fc32c28909edc49860f1f6fa03ad0b1dbc585557cb78,2022-06,Cambridgeshire Constabulary,Cambridgeshire Constabulary,0.187089,52.191393,On or near Fennec Close,E01018286,South Cambridgeshire 011D,Violence and sexual offences,Unable to prosecute suspect,
6fb3c2ddc8889c2c66791591a5363150533e36ad1ba646bb462cdaf80685b607,2022-06,Cambridgeshire Constabulary,Cambridgeshire Constabulary,0.187089,52.191393,On or near Fennec Close,E01018286,South Cambridgeshire 011D,Violence and sexual offences,Unable to prosecute suspect,
a636cf6acd92bd07405e11f88f830451f9b6fdda4ac51abcb4b453c4b5fa810d,2022-06,Cambridgeshire Constabulary,Cambridgeshire Constabulary,0.187089,52.191393,On or near Fennec Close,E01018286,South Cambridgeshire 011D,Violence and sexual offences,Unable to prosecute suspect,
0cd865f68b9e29e366be0827b360e03a08f534be80b6de2b9da3df62e571a5c1,2022-06,Cambridgeshire Constabulary,Cambridgeshire Constabulary,0.182987,52.194284,On or near Dolphin Close,E01018286,South Cambridgeshire 011D,Violence and sexual offences,Unable to prosecute suspect,
e603cb5d667a2d3d843157d693abd26d1ef3d3ec718284746478b89583d1ac1b,2022-06,Cambridgeshire Constabulary,Cambridgeshire Constabulary,0.187089,52.191393,On or near Fennec Close,E01018286,South Cambridgeshire 011D,Violence and sexual offences,Court result unavailable,
8d18f3545ac6d9bcc044fb78f082aae75bc370d901916b893ea1708d68ed06df,2022-06,Cambridgeshire Constabulary,Cambridgeshire Constabulary,0.182987,52.194284,On or near Dolphin Close,E01018286,South Cambridgeshire 011D,Violence and sexual offences,Unable to prosecute suspect,
,2022-06,Cambridgeshire Constabulary,Cambridgeshire Constabulary,0.186054,52.189695,On or near Tamarin Gardens,E01018287,South Cambridgeshire 011E,Anti-social behaviour,,
7873efc78d3b41b251bd97a4cbbff582e32d9f462cf214e15f54c3696a4acd82,2022-06,Cambridgeshire Constabulary,Cambridgeshire Constabulary,0.184367,52.194960,On or near Caribou Way,E01018287,South Cambridgeshire 011E,Criminal damage and arson,Offender given a caution,
eefbad2c631111351e74517f1ff308f3af470d258857a7feb6d25d3222880ff4,2022-06,Cambridgeshire Constabulary,Cambridgeshire Constabulary,0.183201,52.192661,On or near Sable Close,E01018287,South Cambridgeshire 011E,Violence and sexual offences,Local resolution,
3f1dfe6b1d5317110654ea61f528b7ee0d406ec9c2c9e8f387e9adb723fa10a2,2022-06,Cambridgeshire Constabulary,Cambridgeshire Constabulary,0.307467,52.188399,On or near The Paddocks,E01018296,South Cambridgeshire 011F,Other theft,Investigation complete; no suspect identified,
d4bb6eaa4048931d017576b0d3f541b26a0dac8c12333d6bb7683ef280785a31,2022-06,Cambridgeshire Constabulary,Cambridgeshire Constabulary,0.254207,52.202755,On or near High Street,E01018296,South Cambridgeshire 011F,Public order,Unable to prosecute suspect,
6aa8db19da2207d61eece4c13a02c4a1ecb97623b6b79d6d5016009678cc1949,2022-06,Cambridgeshire Constabulary,Cambridgeshire Constabulary,0.306015,52.187195,On or near Ardross Court,E01018296,South Cambridgeshire 011F,Violence and sexual offences,Investigation complete; no suspect identified,
b4fd9dcf2a19e72f65c87289b18c87084e09132d427f841b0da65052bef9efe2,2022-06,Cambridgeshire Constabulary,Cambridgeshire Constabulary,0.123446,52.164744,On or near Cabbage Moor,E01018292,South Cambridgeshire 012A,Criminal damage and arson,Unable to prosecute suspect,
512a5f26ef6f8ba689fce0c20dff002683d4da3b84e7d5bb0225b8a51d3cf2dd,2022-06,Cambridgeshire Constabulary,Cambridgeshire Constabulary,0.124854,52.160520,On or near Walnut Drive,E01018292,South Cambridgeshire 012A,Shoplifting,Court result unavailable,
8fc70505418e2c4e51a777e596a5bcece9a456aec991d8c63d436cb76dc6eeff,2022-06,Cambridgeshire Constabulary,Cambridgeshire Constabulary,0.133920,52.148639,On or near High Street,E01018293,South Cambridgeshire 012B,Bicycle theft,Investigation complete; no suspect identified,
46f10e8eaa6e4d8ddbf61187713100190f6e65e2953597dfc8b885b0e70e4e45,2022-06,Cambridgeshire Constabulary,Cambridgeshire Constabulary,0.133920,52.148639,On or near High Street,E01018293,South Cambridgeshire 012B,Bicycle theft,Investigation complete; no suspect identified,
268c228e87f9508fa4fce75b9d9eb1fbc023c610eea0d574bae168fc1f9284b6,2022-06,Cambridgeshire Constabulary,Cambridgeshire Constabulary,0.141077,52.147898,On or near Leeway Avenue,E01018293,South Cambridgeshire 012B,Bicycle theft,Investigation complete; no suspect identified,
f06c425ea7fe43a738a23f69fcf210ee606937bb0c1a2c60e6c42c8b9710815b,2022-06,Cambridgeshire Constabulary,Cambridgeshire Constabulary,0.128778,52.144398,On or near Kings Mill Lane,E01018293,South Cambridgeshire 012B,Drugs,Offender given a caution,
46af948e1cadb5fade29e6664739e3c1e529d301af174a6045c74ba4b1a4f900,2022-06,Cambridgeshire Constabulary,Cambridgeshire Constabulary,0.128778,52.144398,On or near Kings Mill Lane,E01018293,South Cambridgeshire 012B,Robbery,Unable to prosecute suspect,
57e66a3eaf56a5e96d4598cbb3d0c4c2c6af3738798c7f07de8021464e05027e,2022-06,Cambridgeshire Constabulary,Cambridgeshire Constabulary,0.140253,52.152984,On or near Wheelers,E01018294,South Cambridgeshire 012C,Bicycle theft,Unable to prosecute suspect,
1287dbc318c0a9b635eb1340fae223eb7ae191e2a5ff67303efbd93bd45e7f64,2022-06,Cambridgeshire Constabulary,Cambridgeshire Constabulary,0.135917,52.154628,On or near Abberley Wood,E01018294,South Cambridgeshire 012C,Burglary,Investigation complete; no suspect identified,
a95a595e51059084681d193363c94b52f88b507bb7db34bc37e45d8be2f42389,2022-06,Cambridgeshire Constabulary,Cambridgeshire Constabulary,0.135917,52.154628,On or near Abberley Wood,E01018294,South Cambridgeshire 012C,Violence and sexual offences,Investigation complete; no suspect identified,
52a7a0b918e497503b4cdbe92aed78d8303ff9e0c176987b90e07bdf8b9b6c6e,2022-06,Cambridgeshire Constabulary,Cambridgeshire Constabulary,0.135917,52.154628,On or near Abberley Wood,E01018294,South Cambridgeshire 012C,Violence and sexual offences,Unable to prosecute suspect,
fea95f5db87ab48afe550214c0df3f3f904ce7e6ffcf6837cb8a14d5c4ef8a79,2022-06,Cambridgeshire Constabulary,Cambridgeshire Constabulary,0.135022,52.153025,On or near Granhams Close,E01018294,South Cambridgeshire 012C,Violence and sexual offences,Investigation complete; no suspect identified,
b3891967c82005c648bd37feef7b27eb587be620e967a2ae4da9615cea479874,2022-06,Cambridgeshire Constabulary,Cambridgeshire Constabulary,0.140176,52.152276,On or near Birch Trees Road,E01018294,South Cambridgeshire 012C,Violence and sexual offences,Unable to prosecute suspect,
596e5cbbff44afa846112c7202584d6617aaeac379cd4457b8c92019671b0708,2022-06,Cambridgeshire Constabulary,Cambridgeshire Constabulary,0.145110,52.144543,On or near London Road,E01018295,South Cambridgeshire 012D,Other theft,Investigation complete; no suspect identified,
2e7e6d62388b3c071073417e58f3f87be429e2e4ae5980de203c9e0fa2be225b,2022-06,Cambridgeshire Constabulary,Cambridgeshire Constabulary,-0.196519,52.155154,On or near Havelock Close,E01018245,South Cambridgeshire 013A,Possession of weapons,Unable to prosecute suspect,
dbd8a7f24da38e76b2184d83246bc76c45420a3ef518ab4776af40e5d984e50a,2022-06,Cambridgeshire Constabulary,Cambridgeshire Constabulary,-0.192696,52.153162,On or near Mill Street,E01018245,South Cambridgeshire 013A,Public order,Unable to prosecute suspect,
7e3dba6b2ea66a590c35c2ecc92d77325b62ef2dc90ecdf333be78e09b1fbc6c,2022-06,Cambridgeshire Constabulary,Cambridgeshire Constabulary,-0.194346,52.157908,On or near Dolphins Way,E01018245,South Cambridgeshire 013A,Public order,Unable to prosecute suspect,
bec648e14334f26f5dfddc70dc7c60ae11803f70b6b5d76c9e45b2565fcf66f3,2022-06,Cambridgeshire Constabulary,Cambridgeshire Constabulary,-0.189929,52.153263,On or near Stocks Lane,E01018245,South Cambridgeshire 013A,Theft from the person,Unable to prosecute suspect,
8387cf7d85953fa60158ad984a8498af246e49277bd1c053aaf5f7d757b0277b,2022-06,Cambridgeshire Constabulary,Cambridgeshire Constabulary,-0.196818,52.158602,On or near Northfield Close,E01018245,South Cambridgeshire 013A,Violence and sexual offences,Court result unavailable,
d46cc8022e6f725873319e48aba481cafe1adf6fe682d67a5230430ad124a3d3,2022-06,Cambridgeshire Constabulary,Cambridgeshire Constabulary,-0.191646,52.152391,On or near Bunyan Close,E01018245,South Cambridgeshire 013A,Violence and sexual offences,Status update unavailable,
0c7fc542a5997d756ff992e97bf1c43db1df9f28622bf70281563506ca36d1ad,2022-06,Cambridgeshire Constabulary,Cambridgeshire Constabulary,-0.196818,52.158602,On or near Northfield Close,E01018245,South Cambridgeshire 013A,Violence and sexual offences,Local resolution,
,2022-06,Cambridgeshire Constabulary,Cambridgeshire Constabulary,-0.187766,52.154336,On or near Church Lane,E01018246,South Cambridgeshire 013B,Anti-social behaviour,,
e5e22593d9552e07020ed2d38e0c5d1b6e4f62b8fdf8fdcb6535267dc8955b33,2022-06,Cambridgeshire Constabulary,Cambridgeshire Constabulary,-0.203793,52.161478,On or near North Lane,E01018246,South Cambridgeshire 013B,Criminal damage and arson,Investigation complete; no suspect identified,
b56ece644d17930f7707a14a7ab506032cfe7ed37ccbc618bd827ea9c5cf5958,2022-06,Cambridgeshire Constabulary,Cambridgeshire Constabulary,-0.192119,52.158018,On or near Manor Road,E01018246,South Cambridgeshire 013B,Other theft,Unable to prosecute suspect,
93ab47bdcd65481d480085d51c40c105cf61fdb16493aef47396e1ce16bcca3d,2022-06,Cambridgeshire Constabulary,Cambridgeshire Constabulary,-0.189260,52.156077,On or near The Maltings,E01018246,South Cambridgeshire 013B,Violence and sexual offences,Unable to prosecute suspect,
3bef12a0ebced805d8fe7f9aafe9f1776f01f9903e038aa1eb338dc94a771970,2022-06,Cambridgeshire Constabulary,Cambridgeshire Constabulary,-0.200255,52.157477,On or near Plane Tree Close,E01018246,South Cambridgeshire 013B,Violence and sexual offences,Court result unavailable,
7b9212cb8748994d32a2e09a597f089bc2f27b3a5982c5f4da940fd5917ee88b,2022-06,Cambridgeshire Constabulary,Cambridgeshire Constabulary,-0.207282,52.160866,On or near The Cinques,E01018246,South Cambridgeshire 013B,Violence and sexual offences,Unable to prosecute suspect,
42cf3e3cf3437dc843cb16b1292b23f4eb758cd16a006c95c7ceebb163d58301,2022-06,Cambridgeshire Constabulary,Cambridgeshire Constabulary,-0.138430,52.180606,On or near Bus/Coach Station,E01018247,South Cambridgeshire 013C,Criminal damage and arson,Investigation complete; no suspect identified,
e0926d0dbb757f3c82d49e2a1f4ec7d9aa58ae92b28ed075e29897c92b06f325,2022-06,Cambridgeshire Constabulary,Cambridgeshire Constabulary,-0.090493,52.119217,On or near Larkins Road,E01018247,South Cambridgeshire 013C,Other theft,Investigation complete; no suspect identified,
c4e9ffbb54cc5e99e4357ca2018bc6e87b336b8d7c8924c2d36230eac6b03d6b,2022-06,Cambridgeshire Constabulary,Cambridgeshire Constabulary,-0.061513,52.133347,On or near Clifden Close,E01018247,South Cambridgeshire 013C,Vehicle crime,Unable to prosecute suspect,
3a51ee1d85ef57174b66eeb2d865a1ba39ca2baadfbf79a8fd8c689cf95dabff,2022-06,Cambridgeshire Constabulary,Cambridgeshire Constabulary,-0.078975,52.175759,On or near Old North Road,E01018247,South Cambridgeshire 013C,Vehicle crime,Investigation complete; no suspect identified,
17db4b15b6c0f0987289d52e18f80419fe136db16eb1beb202105106ce878fe4,2022-06,Cambridgeshire Constabulary,Cambridgeshire Constabulary,-0.138430,52.180606,On or near Bus/Coach Station,E01018247,South Cambridgeshire 013C,Violence and sexual offences,Investigation complete; no suspect identified,
8a3ee6983db739b747ad73fa39ca321a9e5cd3b4e462f2030e282e2d56bacb11,2022-06,Cambridgeshire Constabulary,Cambridgeshire Constabulary,-0.053495,52.147674,On or near Park/Open Space,E01018275,South Cambridgeshire 013D,Burglary,Investigation complete; no suspect identified,
43608671809b3ad6bb225aaf4bb53780101dfd4777160457585cc0b99496607f,2022-06,Cambridgeshire Constabulary,Cambridgeshire Constabulary,0.031167,52.127525,On or near Sports/Recreation Area,E01018275,South Cambridgeshire 013D,Criminal damage and arson,Investigation complete; no suspect identified,
8e7996d586473d4e7ad0d2ca1050cffe9d8143bcae68467d5692c4a2afc7ec32,2022-06,Cambridgeshire Constabulary,Cambridgeshire Constabulary,-0.012230,52.130674,On or near Meadowcroft Way,E01018275,South Cambridgeshire 013D,Public order,Court result unavailable,
44a1db01571a7bd313d75a91808ed252feba7622a35b3a2cd3e394c1db182406,2022-06,Cambridgeshire Constabulary,Cambridgeshire Constabulary,-0.012230,52.130674,On or near Meadowcroft Way,E01018275,South Cambridgeshire 013D,Public order,Unable to prosecute suspect,
5cf15de36b8d67418950f90573e7577b5a0934a976a234bbf2304c11a13243a3,2022-06,Cambridgeshire Constabulary,Cambridgeshire Constabulary,-0.012230,52.130674,On or near Meadowcroft Way,E01018275,South Cambridgeshire 013D,Violence and sexual offences,Offender given a caution,
8120bd41ed34df7765d43fdfdd5aafe6142996aab949d645f52da0ca610db185,2022-06,Cambridgeshire Constabulary,Cambridgeshire Constabulary,-0.012230,52.130674,On or near Meadowcroft Way,E01018275,South Cambridgeshire 013D,Violence and sexual offences,Unable to prosecute suspect,
7fc1cffdeb3b2d747c74ce469e7267080b7785153c18c9a493852be1814a78f3,2022-06,Cambridgeshire Constabulary,Cambridgeshire Constabulary,-0.008944,52.134242,On or near Pearmains Close,E01018275,South Cambridgeshire 013D,Violence and sexual offences,Court result unavailable,
b1a83c0ccfce47d02fb1c3478ccd71c0ad921dc5d6a212fc443be4b480b466b6,2022-06,Cambridgeshire Constabulary,Cambridgeshire Constabulary,0.062988,52.113295,On or near Rowlands Close,E01018240,South Cambridgeshire 014A,Burglary,Investigation complete; no suspect identified,
69c837d235b374f3fa260c10cfc13c8d0f5565bbccf3e6537a9a64927bb89715,2022-06,Cambridgeshire Constabulary,Cambridgeshire Constabulary,0.058364,52.121028,On or near Cambridge Road,E01018240,South Cambridgeshire 014A,Vehicle crime,Investigation complete; no suspect identified,
eb80cb09fc0f694fe8c675a978035eff8c68dc314e4fe47f342494b12015461b,2022-06,Cambridgeshire Constabulary,Cambridgeshire Constabulary,0.056559,52.112607,On or near Caxton Lane,E01018240,South Cambridgeshire 014A,Violence and sexual offences,Action to be taken by another organisation,
23b8887f8e5848773456f8ca33810ca2a9e81d06ba129ce61cde695417dceb61,2022-06,Cambridgeshire Constabulary,Cambridgeshire Constabulary,0.065188,52.112861,On or near Hillfield,E01018240,South Cambridgeshire 014A,Violence and sexual offences,Status update unavailable,
,2022-06,Cambridgeshire Constabulary,Cambridgeshire Constabulary,0.083214,52.138935,On or near The Limes,E01018253,South Cambridgeshire 014B,Anti-social behaviour,,
,2022-06,Cambridgeshire Constabulary,Cambridgeshire Constabulary,0.083214,52.138935,On or near The Limes,E01018253,South Cambridgeshire 014B,Anti-social behaviour,,
58cd4d7d761f6a5d9283f068ad7936e9ab60c9999f44083bb72f5ad8af1139a4,2022-06,Cambridgeshire Constabulary,Cambridgeshire Constabulary,0.081211,52.139214,On or near Green Man Lane,E01018253,South Cambridgeshire 014B,Criminal damage and arson,Investigation complete; no suspect identified,
9ef8930450b3c4f106496f8dbafe3a197ba13755eed75805e00ba38c6595f642,2022-06,Cambridgeshire Constabulary,Cambridgeshire Constabulary,0.084279,52.135446,On or near Lawrance Lea,E01018253,South Cambridgeshire 014B,Violence and sexual offences,Unable to prosecute suspect,
,2022-06,Cambridgeshire Constabulary,Cambridgeshire Constabulary,0.103724,52.147455,On or near Mountford Close,E01018254,South Cambridgeshire 014C,Anti-social behaviour,,
,2022-06,Cambridgeshire Constabulary,Cambridgeshire Constabulary,0.100848,52.148145,On or near Sports/Recreation Area,E01018254,South Cambridgeshire 014C,Anti-social behaviour,,
60de368944f51957074197526a23e70a4995c3d547fe9186d58b02b64602debe,2022-06,Cambridgeshire Constabulary,Cambridgeshire Constabulary,0.088661,52.153523,On or near Sports/Recreation Area,E01018254,South Cambridgeshire 014C,Burglary,Investigation complete; no suspect identified,
7086254bede0f8b08dfab5dd0fa862b444882531ae8cbdd897e592992ee2e46d,2022-06,Cambridgeshire Constabulary,Cambridgeshire Constabulary,0.101972,52.149348,On or near Riddy Close,E01018254,South Cambridgeshire 014C,Criminal damage and arson,Investigation complete; no suspect identified,
f9035f4909a5cc1da11ba163fd591bd03028d8f2246441d7dc1fddd015bd080d,2022-06,Cambridgeshire Constabulary,Cambridgeshire Constabulary,0.106991,52.147910,On or near High Street,E01018254,South Cambridgeshire 014C,Violence and sexual offences,Unable to prosecute suspect,
f26f5b714a47bad5a362f5edf1d75a948b312cbb346ad32da2702bfa7bf9ad3e,2022-06,Cambridgeshire Constabulary,Cambridgeshire Constabulary,0.106991,52.147910,On or near High Street,E01018254,South Cambridgeshire 014C,Violence and sexual offences,Offender given a caution,
111023069e6d5f1d0cdd86011edad21a90b9c6a4b97ccea7b2236a9d642c4467,2022-06,Cambridgeshire Constabulary,Cambridgeshire Constabulary,0.106991,52.147910,On or near High Street,E01018254,South Cambridgeshire 014C,Violence and sexual offences,Unable to prosecute suspect,
64672bccbfa596d3f483812ff59572bde61b4de7798c4aef82b1a39aefe406ff,2022-06,Cambridgeshire Constabulary,Cambridgeshire Constabulary,0.088661,52.153523,On or near Sports/Recreation Area,E01018254,South Cambridgeshire 014C,Violence and sexual offences,Unable to prosecute suspect,
59497039d1b3ae837baf124d86174a28fbd1f98235df2a69e265eb92bcca83fa,2022-06,Cambridgeshire Constabulary,Cambridgeshire Constabulary,0.088661,52.153523,On or near Sports/Recreation Area,E01018254,South Cambridgeshire 014C,Violence and sexual offences,Unable to prosecute suspect,
,2022-06,Cambridgeshire Constabulary,Cambridgeshire Constabulary,0.047898,52.150515,On or near Wells Close,E01018256,South Cambridgeshire 014D,Anti-social behaviour,,
5f815f3394c760f1eaac9a8b3110f5b9730139208d352aa8e6bb75737704a737,2022-06,Cambridgeshire Constabulary,Cambridgeshire Constabulary,0.047898,52.150515,On or near Wells Close,E01018256,South Cambridgeshire 014D,Public order,Unable to prosecute suspect,
e3e97e23e431ea7b6ab55dbe38801b22dd01064ac7d71d1eb462352fcc39c952,2022-06,Cambridgeshire Constabulary,Cambridgeshire Constabulary,0.056264,52.149974,On or near High Street,E01018256,South Cambridgeshire 014D,Shoplifting,Investigation complete; no suspect identified,
6bddafe3f9f72c65062316e70e09989e45a8f31d2dcdd6a324e2acb3f056fbf1,2022-06,Cambridgeshire Constabulary,Cambridgeshire Constabulary,0.054250,52.152599,On or near New Road,E01018256,South Cambridgeshire 014D,Violence and sexual offences,Unable to prosecute suspect,
1e65f37d1c92eb729b76e85908f11cd03436134849caa7dafa263f7ac2337428,2022-06,Cambridgeshire Constabulary,Cambridgeshire Constabulary,0.057858,52.147779,On or near Quarry Lane,E01018256,South Cambridgeshire 014D,Violence and sexual offences,Unable to prosecute suspect,
e001adc614f0a69db19225f5aa68084f80b101c9ba68bc949cfd41a2e1f12b21,2022-06,Cambridgeshire Constabulary,Cambridgeshire Constabulary,0.056264,52.149974,On or near High Street,E01018256,South Cambridgeshire 014D,Violence and sexual offences,Offender given a caution,
66317e3cbdcacaa571452eacb167496795051f67f2323098790663f80fe5d8c9,2022-06,Cambridgeshire Constabulary,Cambridgeshire Constabulary,0.056264,52.149974,On or near High Street,E01018256,South Cambridgeshire 014D,Violence and sexual offences,Offender given a caution,
82dda6de0487db2d3f0f4dba9ce23a1e81bdc41c6b52912444a6eecd8d0be8a6,2022-06,Cambridgeshire Constabulary,Cambridgeshire Constabulary,0.056264,52.149974,On or near High Street,E01018256,South Cambridgeshire 014D,Violence and sexual offences,Unable to prosecute suspect,
4255278b2b18ed029305fcd67e1f326903803072645863add7850aa7d315e0b3,2022-06,Cambridgeshire Constabulary,Cambridgeshire Constabulary,0.058256,52.148797,On or near Chestnut Close,E01018256,South Cambridgeshire 014D,Violence and sexual offences,Unable to prosecute suspect,
b7e510afb39007c9d8a8367bde50eb83ea4bb090594960e48ae706c4cd19ba5e,2022-06,Cambridgeshire Constabulary,Cambridgeshire Constabulary,0.048317,52.149762,On or near The Knapp,E01018256,South Cambridgeshire 014D,Violence and sexual offences,Unable to prosecute suspect,
2235fd26c74829cb89c72357d7e3c08c2b287e5b313a7aeb737a2495f934ee8c,2022-06,Cambridgeshire Constabulary,Cambridgeshire Constabulary,0.056813,52.149533,On or near Orchard Road,E01018256,South Cambridgeshire 014D,Other crime,Court result unavailable,
15c30c6a07cd066a1cf3adc473e703dbd14408f450c214d9666335be70602a31,2022-06,Cambridgeshire Constabulary,Cambridgeshire Constabulary,0.168888,52.122850,On or near Butlers Way,E01018279,South Cambridgeshire 015A,Public order,Status update unavailable,
e116c60606f28f3a8b0eecdd72e8b9c833f56f4f874d6634f2b06556ec2c27b1,2022-06,Cambridgeshire Constabulary,Cambridgeshire Constabulary,0.168888,52.122850,On or near Butlers Way,E01018279,South Cambridgeshire 015A,Public order,Investigation complete; no suspect identified,
8f3a596b0312ead54086b3c9b7bf3d6e101f81fb9f3c7e0218a7be31700a10fc,2022-06,Cambridgeshire Constabulary,Cambridgeshire Constabulary,0.171314,52.124964,On or near Chapelfield Way,E01018279,South Cambridgeshire 015A,Public order,Investigation complete; no suspect identified,
d063f92c49ebb5419a926dab90dc0ce04bacc49a86798ac38ec1d3d43815ffd7,2022-06,Cambridgeshire Constabulary,Cambridgeshire Constabulary,0.170608,52.122162,On or near Orchard Road,E01018280,South Cambridgeshire 015B,Criminal damage and arson,Investigation complete; no suspect identified,
9d70189d1cb4e81439bc8f08ce727b0785355740cd1c6f86f71374d21c0eb6d8,2022-06,Cambridgeshire Constabulary,Cambridgeshire Constabulary,0.149993,52.139400,On or near Cambridge Road,E01018280,South Cambridgeshire 015B,Public order,Unable to prosecute suspect,
c4a8c6990adea3b2ed4be80986d9b0a89a97b209dbe45fe62e06dc5fd93b0c4e,2022-06,Cambridgeshire Constabulary,Cambridgeshire Constabulary,0.170820,52.126529,On or near Roe'S Close,E01018280,South Cambridgeshire 015B,Violence and sexual offences,Unable to prosecute suspect,
2d958e0f500d45d29e03e23cf058ddf7bf233572def31323b1f30f1e882de120,2022-06,Cambridgeshire Constabulary,Cambridgeshire Constabulary,0.169862,52.123336,On or near Supermarket,E01018280,South Cambridgeshire 015B,Violence and sexual offences,Investigation complete; no suspect identified,
4dd46e79658ee1fde39c99c4dfcd5adec66225f312fe5a758eb83577fa8bf243,2022-06,Cambridgeshire Constabulary,Cambridgeshire Constabulary,0.166267,52.127242,On or near Sports/Recreation Area,E01018280,South Cambridgeshire 015B,Violence and sexual offences,Unable to prosecute suspect,
d6163c5b3abc3c3ac8645772ab5d5b3e54559b225177e9e32ae96005359e7bd9,2022-06,Cambridgeshire Constabulary,Cambridgeshire Constabulary,0.169862,52.123336,On or near Supermarket,E01018280,South Cambridgeshire 015B,Violence and sexual offences,Investigation complete; no suspect identified,
,2022-06,Cambridgeshire Constabulary,Cambridgeshire Constabulary,0.181772,52.126722,On or near Stanley Webb Close,E01018281,South Cambridgeshire 015C,Anti-social behaviour,,
833ebf7b31074d2ddf03ec8b220c632c66aad9cb2b17c7008d25193f6a17b0bb,2022-06,Cambridgeshire Constabulary,Cambridgeshire Constabulary,0.177397,52.125976,On or near Saffron Road,E01018281,South Cambridgeshire 015C,Burglary,Unable to prosecute suspect,
006d32dc9bcfbbce62442f6483ea320edc8d1ba7a6e3cba4196cfe0afa988f9f,2022-06,Cambridgeshire Constabulary,Cambridgeshire Constabulary,0.178560,52.124659,On or near Henry Morris Road,E01018281,South Cambridgeshire 015C,Public order,Unable to prosecute suspect,
3abaed5537d9d7004e88073b63583f18378bcb7eb42752d342abc1babe5d59d7,2022-06,Cambridgeshire Constabulary,Cambridgeshire Constabulary,0.176755,52.124504,On or near Sainfoin Close,E01018281,South Cambridgeshire 015C,Public order,Unable to prosecute suspect,
79c2fd76616a4110a27710559b0b9a410883d95f511cc2d453f9eda3f584ee5c,2022-06,Cambridgeshire Constabulary,Cambridgeshire Constabulary,0.178560,52.124659,On or near Henry Morris Road,E01018281,South Cambridgeshire 015C,Violence and sexual offences,Unable to prosecute suspect,
88dcd2710790b1335acbab29f991a64f8c40eeff5e5bb4ea8e48f34144e3a6ac,2022-06,Cambridgeshire Constabulary,Cambridgeshire Constabulary,0.177397,52.125976,On or near Saffron Road,E01018281,South Cambridgeshire 015C,Violence and sexual offences,Unable to prosecute suspect,
d519e86b4317f0c38e24ba796c3006578875dfb27e595ac6925222eb17353b87,2022-06,Cambridgeshire Constabulary,Cambridgeshire Constabulary,0.170936,52.113587,On or near North Terrace,E01018282,South Cambridgeshire 015D,Vehicle crime,Investigation complete; no suspect identified,
4b8150254dbffe944b8a8ebfe2af112f2e31ca2f75378184906c521bc43098f6,2022-06,Cambridgeshire Constabulary,Cambridgeshire Constabulary,0.167349,52.114615,On or near Granta Road,E01018282,South Cambridgeshire 015D,Violence and sexual offences,Status update unavailable,
edc6ee9426f5b8de5c8b48a61183ebf7f0daa339c7474131a4f229bdd4926b22,2022-06,Cambridgeshire Constabulary,Cambridgeshire Constabulary,0.167349,52.114615,On or near Granta Road,E01018282,South Cambridgeshire 015D,Violence and sexual offences,Status update unavailable,
19669da959b9253ae77bc18aa862d3256fc96371069a07471e38a642319d8cfb,2022-06,Cambridgeshire Constabulary,Cambridgeshire Constabulary,0.180719,52.129979,On or near East Way,E01018283,South Cambridgeshire 015E,Burglary,Investigation complete; no suspect identified,
ab7f846b3c43b4f69474e9d131708b90fd760ae9480e4a355dc3c2ceda0bddb2,2022-06,Cambridgeshire Constabulary,Cambridgeshire Constabulary,0.180719,52.129979,On or near East Way,E01018283,South Cambridgeshire 015E,Vehicle crime,Investigation complete; no suspect identified,
f5ba43dfe939cedb9ba7af08947706ac640f459b778050c238b00506c0b43001,2022-06,Cambridgeshire Constabulary,Cambridgeshire Constabulary,0.361514,52.153374,On or near Sports/Recreation Area,E01018218,South Cambridgeshire 016A,Burglary,Investigation complete; no suspect identified,
560dac86d0f6610481dddf6917964a8d32eeacc15b30894de7fb61d409f3e529,2022-06,Cambridgeshire Constabulary,Cambridgeshire Constabulary,0.319962,52.132482,On or near School Lane,E01018218,South Cambridgeshire 016A,Other theft,Investigation complete; no suspect identified,
2bb4ba0910b46d3d19d9c3d311bb9d5108e56bf2ae921b58b1b1e9596a6b5606,2022-06,Cambridgeshire Constabulary,Cambridgeshire Constabulary,0.383446,52.139201,On or near Common Road,E01018218,South Cambridgeshire 016A,Violence and sexual offences,Unable to prosecute suspect,
,2022-06,Cambridgeshire Constabulary,Cambridgeshire Constabulary,0.316225,52.132826,On or near Church Lane,E01018219,South Cambridgeshire 016B,Anti-social behaviour,,
a9544f0d329aaaa5b975fa5a6db94d25e4420d5a32d9993877ab5bd250c34c14,2022-06,Cambridgeshire Constabulary,Cambridgeshire Constabulary,0.304915,52.133110,On or near Cambridge Road,E01018219,South Cambridgeshire 016B,Other theft,Investigation complete; no suspect identified,
47dee4d77ec4886616b999c3c248abe70f82ef451085adaa70531860284f2840,2022-06,Cambridgeshire Constabulary,Cambridgeshire Constabulary,0.320381,52.130694,On or near Bartons Close,E01018219,South Cambridgeshire 016B,Vehicle crime,Investigation complete; no suspect identified,
79379859ddfed4c3e9200a7d3b2db4ee5f53791f8c3ec0a1928f9d5ff17c78ce,2022-06,Cambridgeshire Constabulary,Cambridgeshire Constabulary,0.320168,52.129978,On or near Hay Close,E01018219,South Cambridgeshire 016B,Violence and sexual offences,Unable to prosecute suspect,
b4a12c2c2d0bb86b1e7fd7358b250d7fdf273aa05bca81e64c18004fed43ff61,2022-06,Cambridgeshire Constabulary,Cambridgeshire Constabulary,0.320168,52.129978,On or near Hay Close,E01018219,South Cambridgeshire 016B,Violence and sexual offences,Unable to prosecute suspect,
1d63b6d674abd0543afb3a327a4373b95adcc779cfe8e46519b3e07a4f49efa2,2022-06,Cambridgeshire Constabulary,Cambridgeshire Constabulary,0.320168,52.129978,On or near Hay Close,E01018219,South Cambridgeshire 016B,Violence and sexual offences,Unable to prosecute suspect,
a871df9a2d2fdd097cf07d53ec2224a9cb24553395b1aab469211bc3b5fab2de,2022-06,Cambridgeshire Constabulary,Cambridgeshire Constabulary,0.380968,52.066952,On or near Claydon Close,E01018220,South Cambridgeshire 016C,Criminal damage and arson,Status update unavailable,
6e1668d9f6a25700f0b8f6ed033b0215a4831aa6179f7f4acfba9763dd0685eb,2022-06,Cambridgeshire Constabulary,Cambridgeshire Constabulary,0.380968,52.066952,On or near Claydon Close,E01018220,South Cambridgeshire 016C,Public order,Unable to prosecute suspect,
8a2731c9f0429bca0d2ea0b24fe4bbf430175b78f35b709cfd9636b5319695ee,2022-06,Cambridgeshire Constabulary,Cambridgeshire Constabulary,0.380968,52.066952,On or near Claydon Close,E01018220,South Cambridgeshire 016C,Violence and sexual offences,Unable to prosecute suspect,
a5e8e8c70d158bf84018a98c5ab232b9843fb56253f2091b12787001aede158b,2022-06,Cambridgeshire Constabulary,Cambridgeshire Constabulary,0.355819,52.098661,On or near Haverhill Road,E01018220,South Cambridgeshire 016C,Violence and sexual offences,Unable to prosecute suspect,
b5e67995797a908ef0aae119d317fc2af122ddfb86f4bb6af61e251e3e628922,2022-06,Cambridgeshire Constabulary,Cambridgeshire Constabulary,0.355819,52.098661,On or near Haverhill Road,E01018220,South Cambridgeshire 016C,Violence and sexual offences,Unable to prosecute suspect,
,2022-06,Cambridgeshire Constabulary,Cambridgeshire Constabulary,0.276380,52.098190,On or near Meadow Lane,E01018263,South Cambridgeshire 016D,Anti-social behaviour,,
180497bce98ba5411ddadb0bacef2032b2a307b0e9c8e51a419f3fcd53c2d8ec,2022-06,Cambridgeshire Constabulary,Cambridgeshire Constabulary,0.276380,52.098190,On or near Meadow Lane,E01018263,South Cambridgeshire 016D,Burglary,Investigation complete; no suspect identified,
9311218be5ab927806b4f19773145a854af45848352165a4efbab1624278c6fd,2022-06,Cambridgeshire Constabulary,Cambridgeshire Constabulary,0.253457,52.112973,On or near High Street,E01018263,South Cambridgeshire 016D,Criminal damage and arson,Investigation complete; no suspect identified,
3707a2f485eaee26bb06c2478ff01864345b01a4f0015ec86865a815dac09324,2022-06,Cambridgeshire Constabulary,Cambridgeshire Constabulary,0.276380,52.098190,On or near Meadow Lane,E01018263,South Cambridgeshire 016D,Violence and sexual offences,Investigation complete; no suspect identified,
8186d993bdfbadcbde1d2d5ec655cac9b745393b910c37dc1dc8f22d03ebe7ac,2022-06,Cambridgeshire Constabulary,Cambridgeshire Constabulary,0.283350,52.099449,On or near Rivey Way,E01018264,South Cambridgeshire 016E,Criminal damage and arson,Local resolution,
4b15973ec97572561e05d2363e38cabb0789f1c0856c9948ae9a3ee88c98c5c4,2022-06,Cambridgeshire Constabulary,Cambridgeshire Constabulary,0.277909,52.100687,On or near Back Road,E01018264,South Cambridgeshire 016E,Other theft,Investigation complete; no suspect identified,
47e8ae2e0a39a42302e414f2ea70131ff09de1983ab18fa671c5ba2da2309e04,2022-06,Cambridgeshire Constabulary,Cambridgeshire Constabulary,0.285871,52.101064,On or near Tower View,E01018264,South Cambridgeshire 016E,Violence and sexual offences,Unable to prosecute suspect,
31a7ba70f6b70f5bdce362e7bb57a4b30d36e859520417291db0673b5ef01bb2,2022-06,Cambridgeshire Constabulary,Cambridgeshire Constabulary,0.277909,52.100687,On or near Back Road,E01018264,South Cambridgeshire 016E,Violence and sexual offences,Investigation complete; no suspect identified,
5f8d30462303fcda9cf987784de6e4ae2223ccd1269065b6a00f4392afedb578,2022-06,Cambridgeshire Constabulary,Cambridgeshire Constabulary,0.285871,52.101064,On or near Tower View,E01018264,South Cambridgeshire 016E,Violence and sexual offences,Unable to prosecute suspect,
9797cdc485bbf22b93f679d6edd7f6acd1b7c4cf6be6e9439175a1408312c016,2022-06,Cambridgeshire Constabulary,Cambridgeshire Constabulary,0.285871,52.101064,On or near Tower View,E01018264,South Cambridgeshire 016E,Violence and sexual offences,Unable to prosecute suspect,
264de6023094eb7b692798077d1c025a27559a6b7a7f8eb138637d60c64507af,2022-06,Cambridgeshire Constabulary,Cambridgeshire Constabulary,0.290249,52.098452,On or near Dolphin Close,E01018265,South Cambridgeshire 016F,Criminal damage and arson,Court result unavailable,
171e9b91fa48b81816835fcb41033834bba5e812e36a0d3039c4aa9960a0dd0d,2022-06,Cambridgeshire Constabulary,Cambridgeshire Constabulary,0.289655,52.097969,On or near Horseheath Road,E01018265,South Cambridgeshire 016F,Public order,Court result unavailable,
8699d39e2040a81a9d17f911c940ca2a2a14daea96b7de2de56692861ce53deb,2022-06,Cambridgeshire Constabulary,Cambridgeshire Constabulary,0.156044,52.090400,On or near Markby Close,E01018238,South Cambridgeshire 017A,Criminal damage and arson,Unable to prosecute suspect,
aa1c0959ef16e128a8f1df3d7a46c1789e97d93bd1e05979387c9abba065e497,2022-06,Cambridgeshire Constabulary,Cambridgeshire Constabulary,0.160597,52.090964,On or near Parsonage Close,E01018238,South Cambridgeshire 017A,Criminal damage and arson,Investigation complete; no suspect identified,
982cdfcb8cee5d2ffdf10bea035eaba4e86e909d6fc5a7fdb8939240e670198f,2022-06,Cambridgeshire Constabulary,Cambridgeshire Constabulary,0.132812,52.052291,On or near Royston Lane,E01018238,South Cambridgeshire 017A,Vehicle crime,Investigation complete; no suspect identified,
e50b8cf664fa4702ad9796d209b50e783faceb101ba1a37ac45a1e3c7e44c6d1,2022-06,Cambridgeshire Constabulary,Cambridgeshire Constabulary,0.168010,52.103857,On or near Parking Area,E01018239,South Cambridgeshire 017B,Vehicle crime,Investigation complete; no suspect identified,
ee2d1b981eeab3febc99dcc432da6427ebdd68e19e8e4d8561ee4526d1cd4fdb,2022-06,Cambridgeshire Constabulary,Cambridgeshire Constabulary,0.153949,52.095078,On or near The Rustons,E01018239,South Cambridgeshire 017B,Violence and sexual offences,Unable to prosecute suspect,
b1854c30639427ac2dbdedffbe49574a4b31ef4b71f4f016f3499b7c735dd93e,2022-06,Cambridgeshire Constabulary,Cambridgeshire Constabulary,0.162634,52.103201,On or near The Moraine,E01018239,South Cambridgeshire 017B,Violence and sexual offences,Unable to prosecute suspect,
0be8bd5dbd3086831dc56e3ec66e155e9c2a713ba43161d880dfcb48c3df9cf1,2022-06,Cambridgeshire Constabulary,Cambridgeshire Constabulary,0.155167,52.095218,On or near Lacey'S Way,E01018239,South Cambridgeshire 017B,Violence and sexual offences,Unable to prosecute suspect,
d2b406b802e47525e132e42d9c79c6210f717551d13dc05242ea10fd10259abc,2022-06,Cambridgeshire Constabulary,Cambridgeshire Constabulary,0.237897,52.121911,On or near Petrol Station,E01018288,South Cambridgeshire 017C,Other theft,Investigation complete; no suspect identified,
07ba11224ee0f2b76f0261cb2af891ca164031b19b8f20282df537a44eda8b04,2022-06,Cambridgeshire Constabulary,Cambridgeshire Constabulary,0.237013,52.114186,On or near Magna Close,E01018288,South Cambridgeshire 017C,Vehicle crime,Investigation complete; no suspect identified,
aaf7e0c2c325f6065dc763ca5fc91ad593e03a705dca8b01a750eb41b7076810,2022-06,Cambridgeshire Constabulary,Cambridgeshire Constabulary,0.238242,52.115385,On or near Meadow Walk,E01018288,South Cambridgeshire 017C,Violence and sexual offences,Unable to prosecute suspect,
3cfafcb98a9be6aab7506bf316f00056c5bb7e5776575ce07bae547e6274f590,2022-06,Cambridgeshire Constabulary,Cambridgeshire Constabulary,0.238093,52.119992,On or near High Street,E01018288,South Cambridgeshire 017C,Other crime,Unable to prosecute suspect,
,2022-06,Cambridgeshire Constabulary,Cambridgeshire Constabulary,0.214299,52.116791,On or near Station Road,E01018289,South Cambridgeshire 017D,Anti-social behaviour,,
,2022-06,Cambridgeshire Constabulary,Cambridgeshire Constabulary,0.221681,52.128369,On or near A11,E01018289,South Cambridgeshire 017D,Anti-social behaviour,,
,2022-06,Cambridgeshire Constabulary,Cambridgeshire Constabulary,0.185268,52.110076,On or near Glebe Crescent,E01018289,South Cambridgeshire 017D,Anti-social behaviour,,
0462a127b42b3fe13ff5f4557951721d0e3ca2d804df11112794985eb32c2f5a,2022-06,Cambridgeshire Constabulary,Cambridgeshire Constabulary,0.191535,52.149399,On or near Cambridge Road,E01018289,South Cambridgeshire 017D,Burglary,Investigation complete; no suspect identified,
bb5929e10f6329b4bcfb76870f2132c2ec6e7b49157894ec153e37f142f203fb,2022-06,Cambridgeshire Constabulary,Cambridgeshire Constabulary,0.182468,52.081146,On or near Park/Open Space,E01018289,South Cambridgeshire 017D,Burglary,Investigation complete; no suspect identified,
8fcf4737bb05595f0ef390bc223ef83c972483559f4156e60b85320d42ffc7d6,2022-06,Cambridgeshire Constabulary,Cambridgeshire Constabulary,0.178749,52.112660,On or near Brewery Road,E01018289,South Cambridgeshire 017D,Criminal damage and arson,Local resolution,
fca9b6064bf9466ced92b21acf4fdc430fe5be35d42cd0ae9f708c913e646b6f,2022-06,Cambridgeshire Constabulary,Cambridgeshire Constabulary,0.221681,52.128369,On or near A11,E01018289,South Cambridgeshire 017D,Criminal damage and arson,Unable to prosecute suspect,
6fec373f81c05477a1ebbc4f5fd1d400f668e2c6eae98caee8d18a17286d9451,2022-06,Cambridgeshire Constabulary,Cambridgeshire Constabulary,0.185268,52.110076,On or near Glebe Crescent,E01018289,South Cambridgeshire 017D,Criminal damage and arson,Unable to prosecute suspect,
5c81f4b05690e72340d16bb64c8f0319fe997b7fd37041165a62941eced0ed2e,2022-06,Cambridgeshire Constabulary,Cambridgeshire Constabulary,0.184402,52.083089,On or near New Road,E01018289,South Cambridgeshire 017D,Criminal damage and arson,Investigation complete; no suspect identified,
a9d176320877c2f9ada7a912d788ec9f720165823cac1f47dad92dd782389a39,2022-06,Cambridgeshire Constabulary,Cambridgeshire Constabulary,0.221681,52.128369,On or near A11,E01018289,South Cambridgeshire 017D,Other theft,Investigation complete; no suspect identified,
e075338e83965ec328d24d50e6900ec5ef921c9395e2ce3a18836d33f291e9bf,2022-06,Cambridgeshire Constabulary,Cambridgeshire Constabulary,0.221681,52.128369,On or near A11,E01018289,South Cambridgeshire 017D,Other theft,Investigation complete; no suspect identified,
29cac1cf9a2e60052f76ee13876003ec3b6dd9bdfaaef18b8d68002dde022d50,2022-06,Cambridgeshire Constabulary,Cambridgeshire Constabulary,0.232436,52.103257,On or near Chalky Road,E01018289,South Cambridgeshire 017D,Other theft,Investigation complete; no suspect identified,
c6e579088057a8d2688aa9de0a524704e9dd072c5d7170ada9452f49e5648cec,2022-06,Cambridgeshire Constabulary,Cambridgeshire Constabulary,0.221681,52.128369,On or near A11,E01018289,South Cambridgeshire 017D,Other theft,Investigation complete; no suspect identified,
561d5816c6a09b5cb7f8fc24d67c5ab1208d429260ac86ed5ec34344d613b075,2022-06,Cambridgeshire Constabulary,Cambridgeshire Constabulary,0.184402,52.083089,On or near New Road,E01018289,South Cambridgeshire 017D,Other theft,Investigation complete; no suspect identified,
5afe3ed2f26545c89cf39ec869f084b5455ed56b8feb4ff3ee4842e57458a859,2022-06,Cambridgeshire Constabulary,Cambridgeshire Constabulary,0.221681,52.128369,On or near A11,E01018289,South Cambridgeshire 017D,Other theft,Investigation complete; no suspect identified,
591bca616e0200266cf820c6fa74dcbf6ee056eb3cb1299ccb25de0e4393c103,2022-06,Cambridgeshire Constabulary,Cambridgeshire Constabulary,0.197355,52.145595,On or near Mile Road,E01018289,South Cambridgeshire 017D,Public order,Investigation complete; no suspect identified,
e9b1b56d2050dff9e5b5fe86319b229d57bee4f322898c345b7d1366f63c930c,2022-06,Cambridgeshire Constabulary,Cambridgeshire Constabulary,0.221681,52.128369,On or near A11,E01018289,South Cambridgeshire 017D,Public order,Investigation complete; no suspect identified,
8d9b6f3325ee32d353765ba09c80c3faf4eac8387685b861f35afcdedceb8e7a,2022-06,Cambridgeshire Constabulary,Cambridgeshire Constabulary,0.175635,52.104193,On or near Petrol Station,E01018289,South Cambridgeshire 017D,Public order,Investigation complete; no suspect identified,
6442a88342d08a7681c5d41f0cccf3346a97b57dd9be7882ff4e20094855cfa1,2022-06,Cambridgeshire Constabulary,Cambridgeshire Constabulary,0.221017,52.103545,On or near South Road,E01018289,South Cambridgeshire 017D,Vehicle crime,Investigation complete; no suspect identified,
b35681239846bf7bcd90e07f1430b972573b94fa8bca58921356a471aff31daa,2022-06,Cambridgeshire Constabulary,Cambridgeshire Constabulary,0.130800,52.097036,On or near Burma Road,E01018302,South Cambridgeshire 017E,Possession of weapons,Further action is not in the public interest,
9a0f2606a9eef057424814a37b1a4334451271ecb203001e36073e558e6d8a27,2022-06,Cambridgeshire Constabulary,Cambridgeshire Constabulary,0.093135,52.099914,On or near Sheralds Croft Lane,E01018302,South Cambridgeshire 017E,Public order,Unable to prosecute suspect,
42d1ddbadf33d7cc38899e566b80a91487fd63589863bedece0cd46cf952b4ea,2022-06,Cambridgeshire Constabulary,Cambridgeshire Constabulary,0.107240,52.073919,On or near Grange Road,E01018302,South Cambridgeshire 017E,Vehicle crime,Investigation complete; no suspect identified,
50085788ceb4e5303349ddc4117fd7aa0b161f58a45efbb12ca0f184b027f707,2022-06,Cambridgeshire Constabulary,Cambridgeshire Constabulary,0.121969,52.093401,On or near Hurdles Way,E01018302,South Cambridgeshire 017E,Violence and sexual offences,Unable to prosecute suspect,
bb9eb3e2ebd4155ced826e9ea68e4ad2a32b600eda2fcef703cc6dc6c52bb7c0,2022-06,Cambridgeshire Constabulary,Cambridgeshire Constabulary,0.130800,52.097036,On or near Burma Road,E01018302,South Cambridgeshire 017E,Other crime,Court result unavailable,
04bdccf91f418670653fe1c52f5b0a7b46078ee0cd991cf91986d66cecca1a49,2022-06,Cambridgeshire Constabulary,Cambridgeshire Constabulary,0.153788,52.114468,On or near Lettice Martin Croft,E01018303,South Cambridgeshire 017F,Burglary,Investigation complete; no suspect identified,
fd5825c3f1854df67ba7bcab2121888a5a5acf73f0167551e77fc4bd66bfe890,2022-06,Cambridgeshire Constabulary,Cambridgeshire Constabulary,0.150530,52.114446,On or near Church Lane,E01018303,South Cambridgeshire 017F,Other theft,Investigation complete; no suspect identified,
11834c109969dba8cc0de8d1340eaa4d3b526e95bdc7d3d5b17e9fb9386a9b83,2022-06,Cambridgeshire Constabulary,Cambridgeshire Constabulary,0.059526,52.071139,On or near B1368,E01018241,South Cambridgeshire 018A,Other theft,Investigation complete; no suspect identified,
d573d29045ca18edd0263cc89b41568ba4b1f5d606e5767ddb1fb96a0a241a66,2022-06,Cambridgeshire Constabulary,Cambridgeshire Constabulary,0.072088,52.094109,On or near Cassander Close,E01018241,South Cambridgeshire 018A,Other theft,Unable to prosecute suspect,
05a6486ec62e04f6fefd1779f2249e16988602e5512cfd1a08b917817f7c1152,2022-06,Cambridgeshire Constabulary,Cambridgeshire Constabulary,0.072088,52.094109,On or near Cassander Close,E01018241,South Cambridgeshire 018A,Other theft,Unable to prosecute suspect,
5e7821a443f9af6bcb9103a792e932fd587d0ce049dd69742e753c44ecc68da0,2022-06,Cambridgeshire Constabulary,Cambridgeshire Constabulary,0.019664,52.084426,On or near Meadow Way,E01018267,South Cambridgeshire 018B,Criminal damage and arson,Local resolution,
3433f5e0a449ec3904dd23d9f70f5e921409ebe5d1059bc0ce91b4925c978de3,2022-06,Cambridgeshire Constabulary,Cambridgeshire Constabulary,0.018312,52.079693,On or near Elm Way,E01018267,South Cambridgeshire 018B,Drugs,Court result unavailable,
05223fa74a798f7e5b50f5ab5abf512481e6594aa826af87b3b4543955b180f9,2022-06,Cambridgeshire Constabulary,Cambridgeshire Constabulary,0.016172,52.089854,On or near Thatcher Stanfords Close,E01018267,South Cambridgeshire 018B,Vehicle crime,Investigation complete; no suspect identified,
cf6ef1e13d6bb2e13dea5a28370238dfa11c1516a6b3ede29057f7f61eb0b4bb,2022-06,Cambridgeshire Constabulary,Cambridgeshire Constabulary,0.019595,52.083879,On or near Beeton Close,E01018267,South Cambridgeshire 018B,Vehicle crime,Investigation complete; no suspect identified,
d4c6199fda32acbddd484e8887c8d5293f0ed400b27754bbbaa6c72e3f7b04a6,2022-06,Cambridgeshire Constabulary,Cambridgeshire Constabulary,0.018374,52.085267,On or near Police Station,E01018267,South Cambridgeshire 018B,Violence and sexual offences,Local resolution,
0580cc041da1776357d481e8b03f36ce7afcfe2f75cf14c7102cb8f65367ff1b,2022-06,Cambridgeshire Constabulary,Cambridgeshire Constabulary,0.018374,52.085267,On or near Police Station,E01018267,South Cambridgeshire 018B,Violence and sexual offences,Local resolution,
07c126374b371df6b60eb93780d407fc450a625e0eac33538f82cbf3074043ab,2022-06,Cambridgeshire Constabulary,Cambridgeshire Constabulary,0.020125,52.087844,On or near Moorlands Close,E01018267,South Cambridgeshire 018B,Violence and sexual offences,Status update unavailable,
24bca0f64de7c183b2a4a3be75e2f03bc52be9fc269bc4b292e6177ba81b73b2,2022-06,Cambridgeshire Constabulary,Cambridgeshire Constabulary,0.027805,52.084358,On or near Worcester Way,E01018268,South Cambridgeshire 018C,Criminal damage and arson,Unable to prosecute suspect,
9e54414eb6fb1b16b28bd9cdf3a05db9e0a50dd4531cfcc5723d282972069b37,2022-06,Cambridgeshire Constabulary,Cambridgeshire Constabulary,0.031115,52.090704,On or near Cambridge Road,E01018268,South Cambridgeshire 018C,Other theft,Investigation complete; no suspect identified,
7ed3c7b63f7ca3b079962c4fcf07c13d4207901234f4c967d50c076f34eda424,2022-06,Cambridgeshire Constabulary,Cambridgeshire Constabulary,0.016984,52.050564,On or near Parking Area,E01018268,South Cambridgeshire 018C,Vehicle crime,Status update unavailable,
bdfe7a1b2b9209c8238111af21ef09df44d572c7014aba08af4a22e4b4f137ca,2022-06,Cambridgeshire Constabulary,Cambridgeshire Constabulary,0.021337,52.076880,On or near Victoria Way,E01018268,South Cambridgeshire 018C,Violence and sexual offences,Status update unavailable,
354ed0bcd52db288bed0541e6935ca46e4351a63deb1e7d81bb53c4f4f86971e,2022-06,Cambridgeshire Constabulary,Cambridgeshire Constabulary,0.023815,52.083582,On or near Ogden Close,E01018269,South Cambridgeshire 018D,Public order,Unable to prosecute suspect,
42bb7fd09c2aa0d5c4f908d2e5556cffcb8af159eadc35b23e15c0946f595624,2022-06,Cambridgeshire Constabulary,Cambridgeshire Constabulary,0.021959,52.081590,On or near Palmers Way,E01018269,South Cambridgeshire 018D,Public order,Unable to prosecute suspect,
c21efb3a6024f80204014c576e9e31c7b9db8bed20f5c14ae6cbca5e97adbe01,2022-06,Cambridgeshire Constabulary,Cambridgeshire Constabulary,0.024235,52.081911,On or near Fordham Way,E01018269,South Cambridgeshire 018D,Public order,Investigation complete; no suspect identified,
80239982269792629415d55357cb294cb758ec052454066cdc79848fcb451026,2022-06,Cambridgeshire Constabulary,Cambridgeshire Constabulary,0.021959,52.081590,On or near Palmers Way,E01018269,South Cambridgeshire 018D,Violence and sexual offences,Court result unavailable,
d87b6d9de5e3ed2923e8a7591bb3d4720e6959fe52f96a4877ec88493826aebe,2022-06,Cambridgeshire Constabulary,Cambridgeshire Constabulary,0.021293,52.080433,On or near Clear Crescent,E01018269,South Cambridgeshire 018D,Violence and sexual offences,Unable to prosecute suspect,
3dfe52d2b9b8a5f5bfea93cd1bf344c130e48ffdda61f64419ec01226b2a073d,2022-06,Cambridgeshire Constabulary,Cambridgeshire Constabulary,0.021959,52.081590,On or near Palmers Way,E01018269,South Cambridgeshire 018D,Violence and sexual offences,Unable to prosecute suspect,
a3cfd24d37c10408f6325c328aefff8cafb85d9619b310dfc53404760dea64b8,2022-06,Cambridgeshire Constabulary,Cambridgeshire Constabulary,0.021959,52.081590,On or near Palmers Way,E01018269,South Cambridgeshire 018D,Violence and sexual offences,Unable to prosecute suspect,
47545a25bada111ba6c19406c6752177217efe8d880aafee5d61da188b2f1968,2022-06,Cambridgeshire Constabulary,Cambridgeshire Constabulary,0.024235,52.081911,On or near Fordham Way,E01018269,South Cambridgeshire 018D,Violence and sexual offences,Unable to prosecute suspect,
00bc5729b837c1cb475dd29917c738443c7cd110f752ea99afece4c57887b96d,2022-06,Cambridgeshire Constabulary,Cambridgeshire Constabulary,0.022480,52.082786,On or near Medcalfe Way,E01018269,South Cambridgeshire 018D,Violence and sexual offences,Unable to prosecute suspect,
6b7823516e7116f16e69d6dc9fcd8ca19074eb6f85cf66ad5ab0dc124160d53a,2022-06,Cambridgeshire Constabulary,Cambridgeshire Constabulary,0.021959,52.081590,On or near Palmers Way,E01018269,South Cambridgeshire 018D,Violence and sexual offences,Unable to prosecute suspect,
1a3d91d229b31a0c72d08490aefdbabfe58deb0a286cc9da9554ab519c792e49,2022-06,Cambridgeshire Constabulary,Cambridgeshire Constabulary,0.022480,52.082786,On or near Medcalfe Way,E01018269,South Cambridgeshire 018D,Violence and sexual offences,Unable to prosecute suspect,
42732f8002a35b2c45a93eb0b4425c492da80536df86da48960f5455502e6f8d,2022-06,Cambridgeshire Constabulary,Cambridgeshire Constabulary,0.024235,52.081911,On or near Fordham Way,E01018269,South Cambridgeshire 018D,Other crime,Further investigation is not in the public interest,
2e964223d4920145591ab8bfe9581798405d267ff96d47817e30dd2e1ca2f635,2022-06,Cambridgeshire Constabulary,Cambridgeshire Constabulary,0.007664,52.095116,On or near High Street,E01018270,South Cambridgeshire 018E,Shoplifting,Investigation complete; no suspect identified,
e8f6d2c7bfa75b9aac1d22066e934b4b2b8da62cd9cfaa9c683fa8e972f913c1,2022-06,Cambridgeshire Constabulary,Cambridgeshire Constabulary,0.027635,52.111175,On or near John Breay Close,E01018270,South Cambridgeshire 018E,Violence and sexual offences,Unable to prosecute suspect,
eac0f88af48b59b260502817836e881ff982b297592554bb29c6d03e06e58885,2022-06,Cambridgeshire Constabulary,Cambridgeshire Constabulary,0.006298,52.091354,On or near Oakrits,E01018271,South Cambridgeshire 018F,Burglary,Investigation complete; no suspect identified,
2b95d67d7d1f6b64c5b3e875f102b8ce991dc682deca385a07f11cf103a3ec6c,2022-06,Cambridgeshire Constabulary,Cambridgeshire Constabulary,0.004341,52.078295,On or near Bury Lane,E01018271,South Cambridgeshire 018F,Public order,Unable to prosecute suspect,
14bd90fac98ad94d339647a844fa47b82e7a9159f614127eed8a5a0052548200,2022-06,Cambridgeshire Constabulary,Cambridgeshire Constabulary,-0.076753,52.111288,On or near Mill Lane,E01018226,South Cambridgeshire 019A,Burglary,Investigation complete; no suspect identified,
96765709483c505421df1032fcb52443987606bedc34977ba94428c1498f4f03,2022-06,Cambridgeshire Constabulary,Cambridgeshire Constabulary,-0.033640,52.082432,On or near Chestnut Lane,E01018226,South Cambridgeshire 019A,Criminal damage and arson,Unable to prosecute suspect,
9e8d8d6bc25de64a86438616e0ec5b94bc47d383e2418a8dc9f31a47310d1ce7,2022-06,Cambridgeshire Constabulary,Cambridgeshire Constabulary,-0.030619,52.078120,On or near Hospital,E01018226,South Cambridgeshire 019A,Criminal damage and arson,Unable to prosecute suspect,
4d29e1a7da9471c8ec8099ded057e71cb8549d6af3d7a60d26f6acba04b48f8c,2022-06,Cambridgeshire Constabulary,Cambridgeshire Constabulary,-0.076753,52.111288,On or near Mill Lane,E01018226,South Cambridgeshire 019A,Public order,Investigation complete; no suspect identified,
656f45ea74559f096f906a35b057e983ab77de5ca57c32b358d11e3321d73a15,2022-06,Cambridgeshire Constabulary,Cambridgeshire Constabulary,-0.030619,52.078120,On or near Hospital,E01018226,South Cambridgeshire 019A,Public order,Unable to prosecute suspect,
86c843c12fd4f0f0220c8cdb9bc660258ee88d6f3f5a8ee1e0278e5901cb2231,2022-06,Cambridgeshire Constabulary,Cambridgeshire Constabulary,-0.076753,52.111288,On or near Mill Lane,E01018226,South Cambridgeshire 019A,Public order,Investigation complete; no suspect identified,
493560a4c295d6a1ff6dc833cfaea1828be61996c70f3dbf6e99dea34d7aa649,2022-06,Cambridgeshire Constabulary,Cambridgeshire Constabulary,-0.030619,52.078120,On or near Hospital,E01018226,South Cambridgeshire 019A,Violence and sexual offences,Unable to prosecute suspect,
6403c9c63ef959caa3c4d4660633b66fa23acb0aa4bfb72cdb5850532112d2db,2022-06,Cambridgeshire Constabulary,Cambridgeshire Constabulary,-0.030619,52.078120,On or near Hospital,E01018226,South Cambridgeshire 019A,Violence and sexual offences,Unable to prosecute suspect,
6d056b976ac289ffc4be29a1d40a92c1ff54e1c80427c313e5af0ae8b4943cfb,2022-06,Cambridgeshire Constabulary,Cambridgeshire Constabulary,-0.030619,52.078120,On or near Hospital,E01018226,South Cambridgeshire 019A,Violence and sexual offences,Offender given a caution,
1589eed021790a8ec3dbdc5c8e0653f5a72dcd8e70407f07e2298ae5586a9fcb,2022-06,Cambridgeshire Constabulary,Cambridgeshire Constabulary,-0.030619,52.078120,On or near Hospital,E01018226,South Cambridgeshire 019A,Violence and sexual offences,Unable to prosecute suspect,
c0e92a1e26749fd2aaaeea50be264ad20f93271edb2712f0451f4970debe10b5,2022-06,Cambridgeshire Constabulary,Cambridgeshire Constabulary,-0.030619,52.078120,On or near Hospital,E01018226,South Cambridgeshire 019A,Violence and sexual offences,Further action is not in the public interest,
00784326eb70566adb3b4f5f4160427a76311afd898ff1e93ca2f51fae488420,2022-06,Cambridgeshire Constabulary,Cambridgeshire Constabulary,-0.030619,52.078120,On or near Hospital,E01018226,South Cambridgeshire 019A,Other crime,Status update unavailable,
,2022-06,Cambridgeshire Constabulary,Cambridgeshire Constabulary,-0.043126,52.081448,On or near Orchard Close,E01018227,South Cambridgeshire 019B,Anti-social behaviour,,
,2022-06,Cambridgeshire Constabulary,Cambridgeshire Constabulary,-0.054209,52.076947,On or near Knutsford Road,E01018227,South Cambridgeshire 019B,Anti-social behaviour,,
1ae7da877d9a0d80249b81e4ee0be5c4a372dc101f88bfc7123d68bca655c5c7,2022-06,Cambridgeshire Constabulary,Cambridgeshire Constabulary,-0.058532,52.081244,On or near Park Close,E01018227,South Cambridgeshire 019B,Criminal damage and arson,Investigation complete; no suspect identified,
0dd9caf6c28ddb6757b779fb2642e7b684ab9d0fe0f4811a87b20f8195c36e89,2022-06,Cambridgeshire Constabulary,Cambridgeshire Constabulary,-0.043126,52.081448,On or near Orchard Close,E01018227,South Cambridgeshire 019B,Violence and sexual offences,Offender given a caution,
,2022-06,Cambridgeshire Constabulary,Cambridgeshire Constabulary,-0.060461,52.078165,On or near Poplar Farm Close,E01018228,South Cambridgeshire 019C,Anti-social behaviour,,
,2022-06,Cambridgeshire Constabulary,Cambridgeshire Constabulary,-0.055783,52.078349,On or near Playles Yard,E01018228,South Cambridgeshire 019C,Anti-social behaviour,,
8c26c0540ac9bc40abcb11b2d78967c817d1c78c664cbc7e86cc2855a390743c,2022-06,Cambridgeshire Constabulary,Cambridgeshire Constabulary,-0.060461,52.078165,On or near Poplar Farm Close,E01018228,South Cambridgeshire 019C,Burglary,Investigation complete; no suspect identified,
1209a2c30be65507e272c7a5c8ebad7628e6b04fceecf8ab8816a709340b667d,2022-06,Cambridgeshire Constabulary,Cambridgeshire Constabulary,-0.056958,52.077154,On or near The Tanyard,E01018228,South Cambridgeshire 019C,Violence and sexual offences,Status update unavailable,
9c6ccb09c5e7982cd8f57b303596ca6cd757180d93fb23ae2ef8640fab29e89b,2022-06,Cambridgeshire Constabulary,Cambridgeshire Constabulary,-0.082542,52.063825,On or near Royston Road,E01018228,South Cambridgeshire 019C,Violence and sexual offences,Unable to prosecute suspect,
662a5500fa41cf071783665aa14a98a8fa65729627fd93da9b01758992bfd0ba,2022-06,Cambridgeshire Constabulary,Cambridgeshire Constabulary,-0.080716,52.068651,On or near New Close,E01018228,South Cambridgeshire 019C,Violence and sexual offences,Status update unavailable,
cb9d4427975f40b151a63db6a487b2323ab1d57057613cdccde53a3a935aaf5c,2022-06,Cambridgeshire Constabulary,Cambridgeshire Constabulary,-0.060461,52.078165,On or near Poplar Farm Close,E01018228,South Cambridgeshire 019C,Violence and sexual offences,Unable to prosecute suspect,
e5b768e5f3cdd0837ba81f704e82f49ffb4d1d5c8d1c58887d5adfd40fa58490,2022-06,Cambridgeshire Constabulary,Cambridgeshire Constabulary,-0.056958,52.077154,On or near The Tanyard,E01018228,South Cambridgeshire 019C,Violence and sexual offences,Local resolution,
,2022-06,Cambridgeshire Constabulary,Cambridgeshire Constabulary,-0.135633,52.074640,On or near Buxtons Lane,E01018290,South Cambridgeshire 019D,Anti-social behaviour,,
,2022-06,Cambridgeshire Constabulary,Cambridgeshire Constabulary,-0.122391,52.067146,On or near Jubilee Way,E01018290,South Cambridgeshire 019D,Anti-social behaviour,,
20e7a97767bab24f89c0b79bff55c009f2e550b06d99e5bf78a9330b2d408a7a,2022-06,Cambridgeshire Constabulary,Cambridgeshire Constabulary,-0.125303,52.065538,On or near Church Street,E01018290,South Cambridgeshire 019D,Criminal damage and arson,Status update unavailable,
33b6da39367ae8695bf8ae3f0f2e4a9f85420b3989092bc4ed8e04b12f731f2e,2022-06,Cambridgeshire Constabulary,Cambridgeshire Constabulary,-0.125399,52.111307,On or near Lower Road,E01018290,South Cambridgeshire 019D,Other theft,Investigation complete; no suspect identified,
e7da21b57711dcb853f5aede14b44de1c28a008b98aa1b861d027d0ac1b222cf,2022-06,Cambridgeshire Constabulary,Cambridgeshire Constabulary,-0.095393,52.084094,On or near Church Lane,E01018290,South Cambridgeshire 019D,Possession of weapons,Status update unavailable,
092c687c2c7a49fa4e55503d05b06bf299fa485a4a904db50a4570d9c358534c,2022-06,Cambridgeshire Constabulary,Cambridgeshire Constabulary,-0.133376,52.082921,On or near Fox Hill,E01018290,South Cambridgeshire 019D,Vehicle crime,Investigation complete; no suspect identified,
44d59f23a3eb484fc4fcc5090b0bd575ac8ba67687b4e72979ac9f6a5d45ed80,2022-06,Cambridgeshire Constabulary,Cambridgeshire Constabulary,-0.133376,52.082921,On or near Fox Hill,E01018290,South Cambridgeshire 019D,Vehicle crime,Investigation complete; no suspect identified,
cd920972f3105ef30a299963a86be59db1e3a9c4e4eb01b7c425b4040d143ab4,2022-06,Cambridgeshire Constabulary,Cambridgeshire Constabulary,-0.125399,52.111307,On or near Lower Road,E01018290,South Cambridgeshire 019D,Violence and sexual offences,Unable to prosecute suspect,
747e2cd78733e83176d39875e3a1f940e668ff544a63f9c9cb789ea1a8516792,2022-06,Cambridgeshire Constabulary,Cambridgeshire Constabulary,-0.095393,52.084094,On or near Church Lane,E01018290,South Cambridgeshire 019D,Violence and sexual offences,Status update unavailable,
,2022-06,Cambridgeshire Constabulary,Cambridgeshire Constabulary,-0.057013,52.219908,On or near De Havilland Close,E01033113,South Cambridgeshire 020A,Anti-social behaviour,,
,2022-06,Cambridgeshire Constabulary,Cambridgeshire Constabulary,-0.063131,52.220287,On or near Playsteds Lane,E01033113,South Cambridgeshire 020A,Anti-social behaviour,,
8c6d769186d3ee6e58ca915b6b55d413144c45fef78d6b8ca0871f44f528a7da,2022-06,Cambridgeshire Constabulary,Cambridgeshire Constabulary,-0.063131,52.220287,On or near Playsteds Lane,E01033113,South Cambridgeshire 020A,Bicycle theft,Investigation complete; no suspect identified,
ab128effaa785df75bb1a9e44e5b6a38c28e8888ef0e551e83460a8e10363d4f,2022-06,Cambridgeshire Constabulary,Cambridgeshire Constabulary,-0.067930,52.220033,On or near Petrol Station,E01033113,South Cambridgeshire 020A,Criminal damage and arson,Investigation complete; no suspect identified,
8d47c1467fd573453f1e14d0767a9a31f1d5d88225ae8f7d03d0848a19256977,2022-06,Cambridgeshire Constabulary,Cambridgeshire Constabulary,-0.067930,52.220033,On or near Petrol Station,E01033113,South Cambridgeshire 020A,Criminal damage and arson,Unable to prosecute suspect,
14a9dba4c670459811463f648ce207daff223ac6363d7b0ed4bb9841b976d2b2,2022-06,Cambridgeshire Constabulary,Cambridgeshire Constabulary,-0.065826,52.219252,On or near Sackville Way,E01033113,South Cambridgeshire 020A,Other theft,Investigation complete; no suspect identified,
d0858758156ec6d2665e27c438ec6ecbdc0be7b9d1917edf995949e44c23ace2,2022-06,Cambridgeshire Constabulary,Cambridgeshire Constabulary,-0.067930,52.220033,On or near Petrol Station,E01033113,South Cambridgeshire 020A,Possession of weapons,Status update unavailable,
77422dd08965bc256929f3f8e2ca0ee0d5bd9daf40239804e37fab644f8a95f0,2022-06,Cambridgeshire Constabulary,Cambridgeshire Constabulary,-0.063805,52.219606,On or near Glebe Lane,E01033113,South Cambridgeshire 020A,Public order,Local resolution,
ff46a6d65aca305b1e71104b0fd57945ec5843f20d3fe4426a9be71ececb163f,2022-06,Cambridgeshire Constabulary,Cambridgeshire Constabulary,-0.065826,52.219252,On or near Sackville Way,E01033113,South Cambridgeshire 020A,Shoplifting,Investigation complete; no suspect identified,
08bb64de212ba3161117d2b551758fe7104512969232ebdab5dadf55c674bc1a,2022-06,Cambridgeshire Constabulary,Cambridgeshire Constabulary,-0.065849,52.220404,On or near Smithy Way,E01033113,South Cambridgeshire 020A,Vehicle crime,Investigation complete; no suspect identified,
17b09fc8bb30acae970a4cdccca0bb9d2f8a236f2f09c2fb70ea7d29c2aca779,2022-06,Cambridgeshire Constabulary,Cambridgeshire Constabulary,-0.063805,52.219606,On or near Glebe Lane,E01033113,South Cambridgeshire 020A,Vehicle crime,Investigation complete; no suspect identified,
5e79c34010fe8e9d0a2e82019792bc5733f512c2fdb6da07245bfb30907c3b99,2022-06,Cambridgeshire Constabulary,Cambridgeshire Constabulary,-0.067930,52.220033,On or near Petrol Station,E01033113,South Cambridgeshire 020A,Violence and sexual offences,Unable to prosecute suspect,
25dd2d6aeb139854d2447820e7f061d1093fbfb1dfc6589babb320c568ef563d,2022-06,Cambridgeshire Constabulary,Cambridgeshire Constabulary,-0.067930,52.220033,On or near Petrol Station,E01033113,South Cambridgeshire 020A,Violence and sexual offences,Investigation complete; no suspect identified,
45a5016d61ef249071a4195aaaaf5476378fd0c92391c872e5a3394c08c2c2ca,2022-06,Cambridgeshire Constabulary,Cambridgeshire Constabulary,-0.064542,52.220167,On or near Back Lane,E01033113,South Cambridgeshire 020A,Violence and sexual offences,Unable to prosecute suspect,
0d8e8f3088e4f03d854fb73bc8d3cba62e171b92f035804f1f974cc72233d5a8,2022-06,Cambridgeshire Constabulary,Cambridgeshire Constabulary,-0.064542,52.220167,On or near Back Lane,E01033113,South Cambridgeshire 020A,Violence and sexual offences,Investigation complete; no suspect identified,
60c4a0176c6a967a5c5686810421959ff2b67efa69241f94d68f4dfd43c49c31,2022-06,Cambridgeshire Constabulary,Cambridgeshire Constabulary,-0.065826,52.219252,On or near Sackville Way,E01033113,South Cambridgeshire 020A,Violence and sexual offences,Unable to prosecute suspect,
,2022-06,Cambridgeshire Constabulary,Cambridgeshire Constabulary,-0.074473,52.223422,On or near Sheepfold Lane,E01033114,South Cambridgeshire 020B,Anti-social behaviour,,
,2022-06,Cambridgeshire Constabulary,Cambridgeshire Constabulary,-0.070500,52.219491,On or near Broad Street,E01033114,South Cambridgeshire 020B,Anti-social behaviour,,
,2022-06,Cambridgeshire Constabulary,Cambridgeshire Constabulary,-0.066983,52.221933,On or near Flitmead,E01033114,South Cambridgeshire 020B,Anti-social behaviour,,
,2022-06,Cambridgeshire Constabulary,Cambridgeshire Constabulary,-0.070500,52.219491,On or near Broad Street,E01033114,South Cambridgeshire 020B,Anti-social behaviour,,
55fed8703d5f1a81bed6f676ac0c6801f2723f1ba1d7afaf399ed3d1c45adb04,2022-06,Cambridgeshire Constabulary,Cambridgeshire Constabulary,-0.070500,52.219491,On or near Broad Street,E01033114,South Cambridgeshire 020B,Burglary,Investigation complete; no suspect identified,
1d658185ebd1d538478af9c81d02d868dd0cda55e38ace7faf5958e131ccc135,2022-06,Cambridgeshire Constabulary,Cambridgeshire Constabulary,-0.070500,52.219491,On or near Broad Street,E01033114,South Cambridgeshire 020B,Burglary,Investigation complete; no suspect identified,
620f64294061e5192ac0e8b700b2576a589a1dae2c0f3fd92beaba39f4c103db,2022-06,Cambridgeshire Constabulary,Cambridgeshire Constabulary,-0.074473,52.223422,On or near Sheepfold Lane,E01033114,South Cambridgeshire 020B,Criminal damage and arson,Investigation complete; no suspect identified,
f0ea02c737bae2e17181ad4987e52c8ddf8f16818dd4690fd53173f94a05436f,2022-06,Cambridgeshire Constabulary,Cambridgeshire Constabulary,-0.066983,52.221933,On or near Flitmead,E01033114,South Cambridgeshire 020B,Other theft,Unable to prosecute suspect,
2be3db71c5c73ddb0446086474ef932d9441a25189f3b42af3b481333f124c95,2022-06,Cambridgeshire Constabulary,Cambridgeshire Constabulary,-0.072685,52.215363,On or near Granary Way,E01033114,South Cambridgeshire 020B,Public order,Investigation complete; no suspect identified,
197e11ff361efdb88dc0ad927ec924d1ace12f3fe53c3ea49a3f2c72de2cee7f,2022-06,Cambridgeshire Constabulary,Cambridgeshire Constabulary,-0.077562,52.217664,On or near Damson Way,E01033114,South Cambridgeshire 020B,Shoplifting,Investigation complete; no suspect identified,
d2a4d6010955888c2edc16ed82ea260ec9aef15e02a52133710dc1d02aab3d34,2022-06,Cambridgeshire Constabulary,Cambridgeshire Constabulary,-0.069712,52.219109,On or near Supermarket,E01033114,South Cambridgeshire 020B,Shoplifting,Investigation complete; no suspect identified,
e9c667fa063556e75a1fa9b4289408ef1042af64f9ecfbae8743ed8e0261b7d2,2022-06,Cambridgeshire Constabulary,Cambridgeshire Constabulary,-0.070500,52.219491,On or near Broad Street,E01033114,South Cambridgeshire 020B,Violence and sexual offences,Unable to prosecute suspect,
22c73255798bf38d511a49d585ed46b1399c0c8683ba907a5dd8786c33409310,2022-06,Cambridgeshire Constabulary,Cambridgeshire Constabulary,-0.077562,52.217664,On or near Damson Way,E01033114,South Cambridgeshire 020B,Violence and sexual offences,Unable to prosecute suspect,
14cf666099018525a1eb6a340227a96a798d9fdece97a3852a67b136b704b891,2022-06,Cambridgeshire Constabulary,Cambridgeshire Constabulary,-0.073518,52.216744,On or near Langate Green,E01033114,South Cambridgeshire 020B,Violence and sexual offences,Action to be taken by another organisation,
9a91561c5fc9e2f5381bb4403c419abb831fed335301987991f7395d064f9a5a,2022-06,Cambridgeshire Constabulary,Cambridgeshire Constabulary,-0.070500,52.219491,On or near Broad Street,E01033114,South Cambridgeshire 020B,Violence and sexual offences,Unable to prosecute suspect,
60cfbddffde3264bcf7410c61318dd0b193203fd80ce1ab658e6f28087f17593,2022-06,Cambridgeshire Constabulary,Cambridgeshire Constabulary,-0.076464,52.219022,On or near Akerly Drive,E01033114,South Cambridgeshire 020B,Other crime,Status update unavailable,
98201548b5901c93cc83529bfa6cc6ca09cf6d67c06879657f3b4d896f0b6757,2022-06,Cambridgeshire Constabulary,Cambridgeshire Constabulary,-0.075557,52.211904,On or near Oakwood Drive,E01033115,South Cambridgeshire 020C,Criminal damage and arson,Investigation complete; no suspect identified,
ec9ee7c1b8effa6d291e64e54f4c133f3a74fa2d9d7789022d8f91e27be4bc26,2022-06,Cambridgeshire Constabulary,Cambridgeshire Constabulary,-0.072490,52.212420,On or near Foxhollow,E01033115,South Cambridgeshire 020C,Public order,Court result unavailable,
9aee9a9a45eb993dbd0400e2dada164b58b1467377125ae1769f022cce318880,2022-06,Cambridgeshire Constabulary,Cambridgeshire Constabulary,-0.071331,52.212491,On or near Bucksherd Close,E01033115,South Cambridgeshire 020C,Public order,Court result unavailable,
fa2bcc1193fbb95e9a80ef238cff520c92684a2f9785097b429722a38e682e25,2022-06,Cambridgeshire Constabulary,Cambridgeshire Constabulary,-0.071331,52.212491,On or near Bucksherd Close,E01033115,South Cambridgeshire 020C,Violence and sexual offences,Court result unavailable,
2a6f897328438430de5332ed062a3715de983334dd9afb55419d1a076c532ae0,2022-06,Cambridgeshire Constabulary,Cambridgeshire Constabulary,-0.073074,52.212798,On or near Friar Way,E01033115,South Cambridgeshire 020C,Violence and sexual offences,Unable to prosecute suspect,
,2022-06,Cambridgeshire Constabulary,Cambridgeshire Constabulary,-0.081301,52.220251,On or near St John'S Way,E01033117,South Cambridgeshire 020D,Anti-social behaviour,,
90cd7c99719d94f062ecf3e11b89e55abe377734d28dc6b73d5019c4b47d0e25,2022-06,Cambridgeshire Constabulary,Cambridgeshire Constabulary,-0.081301,52.220251,On or near St John'S Way,E01033117,South Cambridgeshire 020D,Bicycle theft,Investigation complete; no suspect identified,
bccfcc393edbbddab37df73befeb8aecc53aa78b80c95d1c5086630c6c88f06f,2022-06,Cambridgeshire Constabulary,Cambridgeshire Constabulary,-0.081301,52.220251,On or near St John'S Way,E01033117,South Cambridgeshire 020D,Bicycle theft,Investigation complete; no suspect identified,
2dfd43bf7e1e760579cd5089d6ad59f099d62f3d0228eaeb20782fa5317a652b,2022-06,Cambridgeshire Constabulary,Cambridgeshire Constabulary,-0.081301,52.220251,On or near St John'S Way,E01033117,South Cambridgeshire 020D,Bicycle theft,Investigation complete; no suspect identified,
aecf6c24fb1afce561c3c3149213563e38c49d5029424538f6e6deca67cf669e,2022-06,Cambridgeshire Constabulary,Cambridgeshire Constabulary,-0.081301,52.220251,On or near St John'S Way,E01033117,South Cambridgeshire 020D,Bicycle theft,Investigation complete; no suspect identified,
ea7c486e23b25f3cb3edc05ed9d1c9baf82ac9a2bd1e46a16cad3d2b1b626473,2022-06,Cambridgeshire Constabulary,Cambridgeshire Constabulary,-0.081301,52.220251,On or near St John'S Way,E01033117,South Cambridgeshire 020D,Bicycle theft,Investigation complete; no suspect identified,
9058ea6f0a4bb7da6d73e13cf38f48e599c8d1ea6a4dce1f63325eae0e224f85,2022-06,Cambridgeshire Constabulary,Cambridgeshire Constabulary,-0.079246,52.218680,On or near Apley Way,E01033117,South Cambridgeshire 020D,Burglary,Investigation complete; no suspect identified,
2bc46587cf7ef7dcc57a04bd0e3bd411165cd281c4148f46ef47e8d89642926a,2022-06,Cambridgeshire Constabulary,Cambridgeshire Constabulary,-0.081301,52.220251,On or near St John'S Way,E01033117,South Cambridgeshire 020D,Criminal damage and arson,Investigation complete; no suspect identified,
c15b30fc0abb43058cf171ccc5f31a37a9ce19a8591bd4befa0531b25ca75780,2022-06,Cambridgeshire Constabulary,Cambridgeshire Constabulary,-0.079246,52.218680,On or near Apley Way,E01033117,South Cambridgeshire 020D,Other theft,Status update unavailable,
dc289fd9afd82323cc10d299f200b272ec9a9c8dd8734d2d85857a81d87d7a59,2022-06,Cambridgeshire Constabulary,Cambridgeshire Constabulary,-0.081301,52.220251,On or near St John'S Way,E01033117,South Cambridgeshire 020D,Other theft,Investigation complete; no suspect identified,
25290e446d5891a7b6a524ca60dcad8a83e096b246cdca9269f231eb1acc8279,2022-06,Cambridgeshire Constabulary,Cambridgeshire Constabulary,-0.083882,52.217425,On or near Hop Gardens,E01033117,South Cambridgeshire 020D,Violence and sexual offences,Unable to prosecute suspect,
34d06cb3b9f1015337243f937fc230c48f1e2ae5d5719d50117e1a64f3a198be,2022-06,Cambridgeshire Constabulary,Cambridgeshire Constabulary,-0.079246,52.218680,On or near Apley Way,E01033117,South Cambridgeshire 020D,Violence and sexual offences,Unable to prosecute suspect,
0d6a3fa07375be57436b1c4a4fbf2ca03faed09f472a005458914afb6dbb980a,2022-06,Cambridgeshire Constabulary,Cambridgeshire Constabulary,-0.083882,52.217425,On or near Hop Gardens,E01033117,South Cambridgeshire 020D,Violence and sexual offences,Unable to prosecute suspect,
efaea3ec5d2e77088a39a2ac438efe985db610e12a0b38e21fec36e3b78c6853,2022-06,Cambridgeshire Constabulary,Cambridgeshire Constabulary,-0.083882,52.217425,On or near Hop Gardens,E01033117,South Cambridgeshire 020D,Violence and sexual offences,Unable to prosecute suspect,
7d6ae94f76c9df281977c044c129b917e93c8d346a5170d835799e0b1711ec7c,2022-06,Cambridgeshire Constabulary,Cambridgeshire Constabulary,-0.079356,52.219860,On or near Arbour Close,E01033117,South Cambridgeshire 020D,Violence and sexual offences,Status update unavailable,
52567d50636b2cbe86a793553b76ad94c8d38b06497e02173a8e20ee575ca8da,2022-06,Cambridgeshire Constabulary,Cambridgeshire Constabulary,-0.084306,52.218475,On or near Codling Walk,E01033117,South Cambridgeshire 020D,Violence and sexual offences,Unable to prosecute suspect,
,2022-06,Cambridgeshire Constabulary,Cambridgeshire Constabulary,-0.053774,52.215646,On or near Brace Dein,E01033119,South Cambridgeshire 020E,Anti-social behaviour,,
,2022-06,Cambridgeshire Constabulary,Cambridgeshire Constabulary,-0.064760,52.216843,On or near Goldcrest Court,E01033119,South Cambridgeshire 020E,Anti-social behaviour,,
,2022-06,Cambridgeshire Constabulary,Cambridgeshire Constabulary,-0.055659,52.219409,On or near Halifax Road,E01033119,South Cambridgeshire 020E,Anti-social behaviour,,
,2022-06,Cambridgeshire Constabulary,Cambridgeshire Constabulary,-0.053413,52.219543,On or near Hurricane Way,E01033119,South Cambridgeshire 020E,Anti-social behaviour,,
c327852e31dbe193b082c636f90240894dc2cadce9f276c1ae1be277fe60c7df,2022-06,Cambridgeshire Constabulary,Cambridgeshire Constabulary,-0.066997,52.215540,On or near Jeavons Lane,E01033119,South Cambridgeshire 020E,Burglary,Investigation complete; no suspect identified,
491180dc371f1af57884e8e67fe40c91aa0592710f99b8b6c08044ad24650159,2022-06,Cambridgeshire Constabulary,Cambridgeshire Constabulary,-0.053696,52.219449,On or near Wellington Road,E01033119,South Cambridgeshire 020E,Criminal damage and arson,Unable to prosecute suspect,
9415ce673ba54bd88afaf52b64629fa3b03e458617b33b5d48b5314899d71597,2022-06,Cambridgeshire Constabulary,Cambridgeshire Constabulary,-0.055454,52.216394,On or near Oxford Way,E01033119,South Cambridgeshire 020E,Drugs,Court result unavailable,
063f8c6fb661c818ac7c690d24f347163bbe82b1e6c2081d1708594a270261dd,2022-06,Cambridgeshire Constabulary,Cambridgeshire Constabulary,-0.053696,52.219449,On or near Wellington Road,E01033119,South Cambridgeshire 020E,Drugs,Court result unavailable,
bc8e9d3f5e7240ff12c3fe9cc39f0b22323f24a8bd6bc018032234a006f471df,2022-06,Cambridgeshire Constabulary,Cambridgeshire Constabulary,-0.055454,52.216394,On or near Oxford Way,E01033119,South Cambridgeshire 020E,Drugs,Local resolution,
ce5c46886ce924db793b8bb03adcc21c26d7039e29f7d45b2b68930f6fcded91,2022-06,Cambridgeshire Constabulary,Cambridgeshire Constabulary,-0.053413,52.219543,On or near Hurricane Way,E01033119,South Cambridgeshire 020E,Violence and sexual offences,Unable to prosecute suspect,
82b4862eb0793b09f51511a8ee5453e4745fa8d2964d8730061dd8421015a994,2022-06,Cambridgeshire Constabulary,Cambridgeshire Constabulary,-0.066783,52.213388,On or near Lamb Drove,E01033119,South Cambridgeshire 020E,Violence and sexual offences,Unable to prosecute suspect,
b11ffb25f4b1a108225071bb636a9f687f1f4424a58dab6ccf2969e20766916e,2022-06,Cambridgeshire Constabulary,Cambridgeshire Constabulary,-0.053774,52.215646,On or near Brace Dein,E01033119,South Cambridgeshire 020E,Violence and sexual offences,Unable to prosecute suspect,
9ea91820f49dd7f6794430d0fc43b745f010ae55aacfd1876515cfef6781a5f3,2022-06,Cambridgeshire Constabulary,Cambridgeshire Constabulary,-0.053696,52.219449,On or near Wellington Road,E01033119,South Cambridgeshire 020E,Violence and sexual offences,Unable to prosecute suspect,
9f1c6d34da60b6d8c8080fca17178e2d35270c327cc4478f483919aa25419219,2022-06,Cambridgeshire Constabulary,Cambridgeshire Constabulary,-0.053879,52.218265,On or near Lysander Close,E01033119,South Cambridgeshire 020E,Violence and sexual offences,Unable to prosecute suspect,
447c81bf4b68d78238e28350efa741a40c05dbad70e94c64ec8b50d70e6d045b,2022-06,Cambridgeshire Constabulary,Cambridgeshire Constabulary,-0.053413,52.219543,On or near Hurricane Way,E01033119,South Cambridgeshire 020E,Violence and sexual offences,Unable to prosecute suspect,
88c537cc876c93eb24f545bf0bc319b3b8581e9251143195f79de5a50aa92695,2022-06,Cambridgeshire Constabulary,Cambridgeshire Constabulary,-0.120156,52.255602,On or near Pendragon Hill,E01018276,South Cambridgeshire 021A,Public order,Unable to prosecute suspect,
afe1d222dd4b02a8854ca5634c4301daa7d713e940ea00699a59ce25b1edb2ec,2022-06,Cambridgeshire Constabulary,Cambridgeshire Constabulary,-0.117618,52.252208,On or near Chequers Lane,E01018276,South Cambridgeshire 021A,Public order,Unable to prosecute suspect,
270394aee4f32cb069ae24d778909f84a5be74253edcd6213dadbb15ace61dbb,2022-06,Cambridgeshire Constabulary,Cambridgeshire Constabulary,-0.117618,52.252208,On or near Chequers Lane,E01018276,South Cambridgeshire 021A,Violence and sexual offences,Unable to prosecute suspect,
b5a0db1a79a9303e0cb7ea6946e43477863e3c795ccf79c8f30a2b17c563f3e7,2022-06,Cambridgeshire Constabulary,Cambridgeshire Constabulary,-0.117511,52.253708,On or near Baron'S Way,E01018276,South Cambridgeshire 021A,Violence and sexual offences,Unable to prosecute suspect,
79dc4f4ca4c3ae20fd931ac1d66b98d63437ecafc954775f8ccb3afec0f62eeb,2022-06,Cambridgeshire Constabulary,Cambridgeshire Constabulary,-0.117618,52.252208,On or near Chequers Lane,E01018276,South Cambridgeshire 021A,Violence and sexual offences,Unable to prosecute suspect,
ca2ce862e55df3a86aada612258093773201586f95488cb99d7d90211de4d51b,2022-06,Cambridgeshire Constabulary,Cambridgeshire Constabulary,-0.076968,52.255824,On or near Broad End,E01018277,South Cambridgeshire 021B,Burglary,Investigation complete; no suspect identified,
5c4d00449bf3b8483f372745654b825bb6e718f0afcd36b3471ceb945b6d37f3,2022-06,Cambridgeshire Constabulary,Cambridgeshire Constabulary,-0.043107,52.250501,On or near Park/Open Space,E01018277,South Cambridgeshire 021B,Drugs,Local resolution,
1272cd54668316768ffef5c8ad9d910ae3cea647d159083afdd0234848b46bb3,2022-06,Cambridgeshire Constabulary,Cambridgeshire Constabulary,-0.043107,52.250501,On or near Park/Open Space,E01018277,South Cambridgeshire 021B,Drugs,Offender given a caution,
c2753ec573d1e8d2f32d8b24c14c4f5f9884f8c1065366c70de8e5637d7f3613,2022-06,Cambridgeshire Constabulary,Cambridgeshire Constabulary,-0.043107,52.250501,On or near Park/Open Space,E01018277,South Cambridgeshire 021B,Drugs,Local resolution,
25142c450f51f5195f7c050fe7d21d19a0c9e94d9ee2e7183e1f1c33057127a9,2022-06,Cambridgeshire Constabulary,Cambridgeshire Constabulary,-0.104254,52.230279,On or near Ermine Street South,E01018277,South Cambridgeshire 021B,Other theft,Investigation complete; no suspect identified,
313631c8202cf2ab863418aa5c3d111d4d4f3618c63b0e1cb93c433a91b44b8d,2022-06,Cambridgeshire Constabulary,Cambridgeshire Constabulary,-0.104254,52.230279,On or near Ermine Street South,E01018277,South Cambridgeshire 021B,Other theft,Unable to prosecute suspect,
a006ad7aba7cbca1c521f98efcb7a6c1a9743870a41cd44c47d62f3dd8fda256,2022-06,Cambridgeshire Constabulary,Cambridgeshire Constabulary,-0.040719,52.297038,On or near Vermuyden Way,E01018277,South Cambridgeshire 021B,Public order,Unable to prosecute suspect,
56cc73883de9406d3b4331833dc0c52b34788f3d10b7fbeeeb800bb340951ad7,2022-06,Cambridgeshire Constabulary,Cambridgeshire Constabulary,-0.039142,52.297875,On or near The Orchard,E01018277,South Cambridgeshire 021B,Vehicle crime,Investigation complete; no suspect identified,
df29e55603abe9822d4d05e60956c02155a187df2557daac272ea45fe0760807,2022-06,Cambridgeshire Constabulary,Cambridgeshire Constabulary,-0.104254,52.230279,On or near Ermine Street South,E01018277,South Cambridgeshire 021B,Violence and sexual offences,Unable to prosecute suspect,
ba53b42135451eb469ac433b658fb1bdbf2e99d95b211b73f8b671eea6827e7d,2022-06,Cambridgeshire Constabulary,Cambridgeshire Constabulary,-0.037097,52.295027,On or near Church Street,E01018277,South Cambridgeshire 021B,Violence and sexual offences,Unable to prosecute suspect,
f95c6e72807cb0345cf092e0b99dd524851c3e6d1786f2461ed2fb9ee5635f2a,2022-06,Cambridgeshire Constabulary,Cambridgeshire Constabulary,-0.061568,52.280361,On or near Elsworth Road,E01018277,South Cambridgeshire 021B,Violence and sexual offences,Unable to prosecute suspect,
9e75d349f5d93b3ce68fc5693da3f45a4b83d203151c2656c4a51e7c76bda853,2022-06,Cambridgeshire Constabulary,Cambridgeshire Constabulary,-0.061568,52.280361,On or near Elsworth Road,E01018277,South Cambridgeshire 021B,Other crime,Further investigation is not in the public interest,
15ea8dd46a1eb6b896086bdf630ae3b55bb38b4085afae9f84cb5c22cb46cf4b,2022-06,Cambridgeshire Constabulary,Cambridgeshire Constabulary,-0.120753,52.247366,On or near Southbrook Field,E01018278,South Cambridgeshire 021C,Public order,Unable to prosecute suspect,
bcc84928884ce0e64277494369258606466f1274ef109e3a2d5996da3b3ef9ed,2022-06,Cambridgeshire Constabulary,Cambridgeshire Constabulary,-0.121818,52.249559,On or near Hayman'S Way,E01018278,South Cambridgeshire 021C,Violence and sexual offences,Unable to prosecute suspect,
5dbcc897a2e236d315edd599eeed555e767436af6dee3288982f494ee18fdea7,2022-06,Cambridgeshire Constabulary,Cambridgeshire Constabulary,-0.121818,52.249559,On or near Hayman'S Way,E01018278,South Cambridgeshire 021C,Violence and sexual offences,Unable to prosecute suspect,
e7d9813418e15678c5a40b942a7f5a353b5fdce7e1b4d8d0e2527d77548f39a5,2022-06,Cambridgeshire Constabulary,Cambridgeshire Constabulary,-0.112713,52.245242,On or near South Park Drive,E01018278,South Cambridgeshire 021C,Violence and sexual offences,Investigation complete; no suspect identified,
73438cb0ac4045b8b92970aa515fe9d5a5bc971322f4506a7999a911a950ccd9,2022-06,Cambridgeshire Constabulary,Cambridgeshire Constabulary,-0.112713,52.245242,On or near South Park Drive,E01018278,South Cambridgeshire 021C,Other crime,Local resolution,
f46306c01d61476bc319b32af8be9236a300353357ca82f7b5c6cd1518edf3a8,2022-06,Cambridgeshire Constabulary,Cambridgeshire Constabulary,-0.060509,52.213941,On or near Park/Open Space,E01033116,South Cambridgeshire 021D,Violence and sexual offences,Unable to prosecute suspect,
7917ac4d080ce92fe26e9a862f76d3b111ea9f9e7463743291ecf2d190e310b9,2022-06,Cambridgeshire Constabulary,Cambridgeshire Constabulary,-0.060509,52.213941,On or near Park/Open Space,E01033116,South Cambridgeshire 021D,Violence and sexual offences,Unable to prosecute suspect,
,2022-06,Cambridgeshire Constabulary,Cambridgeshire Constabulary,-0.093503,52.217023,On or near A1198,E01033118,South Cambridgeshire 021E,Anti-social behaviour,,
,2022-06,Cambridgeshire Constabulary,Cambridgeshire Constabulary,-0.095837,52.204554,On or near Tates Field,E01033118,South Cambridgeshire 021E,Anti-social behaviour,,
b1e53c1a310930cf52dc7c61279c127fbf0592811bd43962bf28fe879e332634,2022-06,Cambridgeshire Constabulary,Cambridgeshire Constabulary,-0.183661,52.225342,On or near Cambridge Road,E01033118,South Cambridgeshire 021E,Burglary,Investigation complete; no suspect identified,
cc0d04d390eeeb42e89ddc5ab136e50443a3f613b325334bf77c216e97c68e91,2022-06,Cambridgeshire Constabulary,Cambridgeshire Constabulary,-0.145684,52.221389,On or near St Neots Road,E01033118,South Cambridgeshire 021E,Vehicle crime,Investigation complete; no suspect identified,
ca37b2f6accd876ff77b0ac9d76cda2c8cd750f91b916cbb6715a527f4dd1d72,2022-06,Cambridgeshire Constabulary,Cambridgeshire Constabulary,-0.093503,52.217023,On or near A1198,E01033118,South Cambridgeshire 021E,Violence and sexual offences,Action to be taken by another organisation,
530d8e94cce0e3676b074dbae9ddac01fe5c9efba3ba0e0dfc67b81b9ee4fcc8,2022-06,Cambridgeshire Constabulary,Cambridgeshire Constabulary,-0.140193,52.793498,On or near Barge Close,E01026271,South Holland 007D,Other crime,Unable to prosecute suspect,
2163b06ddf17691a1abe378ca7847d242c6ce8d6992413b5478ae10197c4a704,2022-06,Cambridgeshire Constabulary,Cambridgeshire Constabulary,0.134430,52.774831,On or near Petrol Station,E01026255,South Holland 008B,Public order,Court result unavailable,
4e54b53be28ccd02b3feec66d9a6a41110aedd03f12771e91eaf1d8db7272831,2022-06,Cambridgeshire Constabulary,Cambridgeshire Constabulary,0.126480,52.788757,On or near Daniel'S Crescent,E01026256,South Holland 008C,Violence and sexual offences,Unable to prosecute suspect,
8ba1f31482f7f90199df95c0ef47667a2da7ce63b276cebe58924eaf5dbae406,2022-06,Cambridgeshire Constabulary,Cambridgeshire Constabulary,0.022074,52.667828,On or near Harrold Drove,E01026280,South Holland 010C,Violence and sexual offences,Investigation complete; no suspect identified,
c16606d533df576eda5b1147589ddb7ad5451c4969d39f5ca3b5f655650ee46c,2022-06,Cambridgeshire Constabulary,Cambridgeshire Constabulary,-0.381989,52.757996,On or near The Ridings,E01026301,South Kesteven 010C,Violence and sexual offences,Status update unavailable,
f1fef02e982ef75d9559b39d473429fe0b62da8507c8b63da16e457e81b56a09,2022-06,Cambridgeshire Constabulary,Cambridgeshire Constabulary,-0.317920,52.685018,On or near Lancaster Way,E01026336,South Kesteven 013C,Other crime,Status update unavailable,
3fb7da8a1824c50872485098db339a5e8c49d5857c9b78d53ec4135af291cda1,2022-06,Cambridgeshire Constabulary,Cambridgeshire Constabulary,-0.317920,52.685018,On or near Lancaster Way,E01026336,South Kesteven 013C,Other crime,Status update unavailable,
ed4bf69df20757736209c984c9340c32f6d5b0c965416eca0755d2e21d690565,2022-06,Cambridgeshire Constabulary,Cambridgeshire Constabulary,-0.476046,52.646259,On or near High Street St Martin'S,E01026350,South Kesteven 016B,Vehicle crime,Investigation complete; no suspect identified,
4e22348c6e5f9fb4a824033237f9a6048cee4d162ae9adcd3c4d38174baec0e7,2022-06,Cambridgeshire Constabulary,Cambridgeshire Constabulary,-0.884538,52.192014,On or near Baines Way,E01032982,South Northamptonshire 003F,Violence and sexual offences,Status update unavailable,
78fdacde093a30cf77014a0995890890506cffa3611e231997cd86f12f8922a5,2022-06,Cambridgeshire Constabulary,Cambridgeshire Constabulary,-0.066668,51.498539,On or near Scott Lidgett Crescent,E01004022,Southwark 004C,Violence and sexual offences,Status update unavailable,
8bbf186251ecac1ac4f4e850373bace064dd3bb6df82234b5d5a779e349fe43f,2022-06,Cambridgeshire Constabulary,Cambridgeshire Constabulary,-0.088468,51.460983,On or near Dylways,E01004048,Southwark 027C,Violence and sexual offences,Unable to prosecute suspect,
9c6b9d17b07eec3e3d67ffb019031d514a21b4e9ba1f3d68a6d8b8ecb5891ff5,2022-06,Cambridgeshire Constabulary,Cambridgeshire Constabulary,0.699905,52.241317,On or near Pinners Way,E01030092,St Edmundsbury 007A,Violence and sexual offences,Status update unavailable,
8493b4975efd2ccdb012f6905a63c8ac10db171907b3a937b96396d1a448b453,2022-06,Cambridgeshire Constabulary,Cambridgeshire Constabulary,-0.160627,51.913701,On or near The White Way,E01023767,Stevenage 004A,Violence and sexual offences,Status update unavailable,
9fdf6c9d6ea5da6533f85ae088ad83585eb7dfef69252f0d9c0168105fc35930,2022-06,Cambridgeshire Constabulary,Cambridgeshire Constabulary,1.398168,51.346072,On or near Windmill Walk,E01024683,Thanet 013B,Violence and sexual offences,Unable to prosecute suspect,
63156b57b5257f87cd780c8e527e4f82a117d6ae6a1557cfeb8d601879d1b629,2022-06,Cambridgeshire Constabulary,Cambridgeshire Constabulary,1.398168,51.346072,On or near Windmill Walk,E01024683,Thanet 013B,Other crime,Unable to prosecute suspect,
d1721cfc95f1d2d00cca2339a9b3c2d0c6bf23f4f5d37ffc1629bb949281b9f6,2022-06,Cambridgeshire Constabulary,Cambridgeshire Constabulary,-1.411508,51.591166,On or near Palmers,E01028755,Vale of White Horse 014A,Violence and sexual offences,Local resolution,
a911ce38661c7246e7ef301ab252f0ce79c660415fa225a80e13d48415bbfebe,2022-06,Cambridgeshire Constabulary,Cambridgeshire Constabulary,-2.499110,53.531577,On or near Wavertree Avenue,E01006241,Wigan 017C,Violence and sexual offences,Status update unavailable,
384c0fe2f4613db825d1568d172ea5675fb0d50c910fa5bba789a557b80696c6,2022-06,Cambridgeshire Constabulary,Cambridgeshire Constabulary,-2.499110,53.531577,On or near Wavertree Avenue,E01006241,Wigan 017C,Violence and sexual offences,Status update unavailable,
,2022-06,Cambridgeshire Constabulary,Cambridgeshire Constabulary,,,No Location,,,Anti-social behaviour,,
,2022-06,Cambridgeshire Constabulary,Cambridgeshire Constabulary,,,No Location,,,Anti-social behaviour,,
,2022-06,Cambridgeshire Constabulary,Cambridgeshire Constabulary,,,No Location,,,Anti-social behaviour,,
263816045854022257382ce2b0f6f0634c84e4d9a6066586c091993db1198033,2022-06,Cambridgeshire Constabulary,Cambridgeshire Constabulary,,,No Location,,,Bicycle theft,Investigation complete; no suspect identified,
91d07804408ded2eef024b7435a6e3a89dd6f52c0bc8f856b0bd598a55900749,2022-06,Cambridgeshire Constabulary,Cambridgeshire Constabulary,,,No Location,,,Bicycle theft,Investigation complete; no suspect identified,
64ae801ab7d2002965128bd8c952ad821fec4239eb1db3b33b2ce64c73d04d5b,2022-06,Cambridgeshire Constabulary,Cambridgeshire Constabulary,,,No Location,,,Bicycle theft,Investigation complete; no suspect identified,
fa5307e366bc3b314ed3d301059ff0ed6a1b4f0ad00cc18388343b09ab498c74,2022-06,Cambridgeshire Constabulary,Cambridgeshire Constabulary,,,No Location,,,Bicycle theft,Investigation complete; no suspect identified,
635a3a25f0c225a5e3bb887d5ee424fe772b0faf03e9547a4251d33c647b3351,2022-06,Cambridgeshire Constabulary,Cambridgeshire Constabulary,,,No Location,,,Bicycle theft,Investigation complete; no suspect identified,
c10f7854b3bce71a16df43612b36c3b7a2f6428d38e87f3e02b7a56eda80761f,2022-06,Cambridgeshire Constabulary,Cambridgeshire Constabulary,,,No Location,,,Bicycle theft,Unable to prosecute suspect,
5d7a455fec48f46b12fea4695b62651cca35135e884f2417d8eddc1944eac803,2022-06,Cambridgeshire Constabulary,Cambridgeshire Constabulary,,,No Location,,,Bicycle theft,Investigation complete; no suspect identified,
e388d46e4d5af81fd3e5195192b49172394312fd2dc885c9c9bec41c5eab27c6,2022-06,Cambridgeshire Constabulary,Cambridgeshire Constabulary,,,No Location,,,Bicycle theft,Investigation complete; no suspect identified,
98acecb3877292caf7daad6f9bb7e526e48769faeae2040e0f5013f477276016,2022-06,Cambridgeshire Constabulary,Cambridgeshire Constabulary,,,No Location,,,Bicycle theft,Investigation complete; no suspect identified,
47c503c95473cece214a57d8a3c18663ac5c8f28b5efdb7e50537f41784e1ebc,2022-06,Cambridgeshire Constabulary,Cambridgeshire Constabulary,,,No Location,,,Bicycle theft,Investigation complete; no suspect identified,
c5f68e378fc3117de6be63a096c7c2fe2663b2e19f03565bf933f7bfd8105a8a,2022-06,Cambridgeshire Constabulary,Cambridgeshire Constabulary,,,No Location,,,Bicycle theft,Investigation complete; no suspect identified,
2c5f4810129e53bf23555277ad1b44d4c7e637144b30aea0c3380b9c4738cc08,2022-06,Cambridgeshire Constabulary,Cambridgeshire Constabulary,,,No Location,,,Burglary,Investigation complete; no suspect identified,
d8e406cd25459c91309bb93410198753076e1277a8e8baea3092678738645976,2022-06,Cambridgeshire Constabulary,Cambridgeshire Constabulary,,,No Location,,,Burglary,Investigation complete; no suspect identified,
b61e88e6832026e24da17a4f00c71ed036dff031ca32fd910cd7985a1bcdcdbc,2022-06,Cambridgeshire Constabulary,Cambridgeshire Constabulary,,,No Location,,,Burglary,Investigation complete; no suspect identified,
049769ddc6b35602466e2844a395df3f7eff7c1170983c2537448ff1479a3cad,2022-06,Cambridgeshire Constabulary,Cambridgeshire Constabulary,,,No Location,,,Burglary,Investigation complete; no suspect identified,
f3b221f0375dae614fc4e1861da386ae1bfe4cb119cd01588768a57bbdea9e2e,2022-06,Cambridgeshire Constabulary,Cambridgeshire Constabulary,,,No Location,,,Burglary,Investigation complete; no suspect identified,
bc7e89c41879bf9a9a6358bcec6c3cb827a1ed65dee1553eacf07054aed8a0aa,2022-06,Cambridgeshire Constabulary,Cambridgeshire Constabulary,,,No Location,,,Burglary,Unable to prosecute suspect,
69a39a252e4a45888c1b0786dade2c3706d5aee09e4e7ab48f95305aea59de75,2022-06,Cambridgeshire Constabulary,Cambridgeshire Constabulary,,,No Location,,,Burglary,Investigation complete; no suspect identified,
479151a03904d97999d8e6c261d7d4d9d519e77e662ff7dce505dbf9233e9e95,2022-06,Cambridgeshire Constabulary,Cambridgeshire Constabulary,,,No Location,,,Burglary,Investigation complete; no suspect identified,
573c043c2b44e154effb3c158fc1d3546f206458e8b059f2de245a8fd9e3b876,2022-06,Cambridgeshire Constabulary,Cambridgeshire Constabulary,,,No Location,,,Burglary,Investigation complete; no suspect identified,
a1cb20b3a44bd9e56ce98a56e25f15b9cc535687402e59c5878eb77d9b47fefe,2022-06,Cambridgeshire Constabulary,Cambridgeshire Constabulary,,,No Location,,,Burglary,Investigation complete; no suspect identified,
3be19ab60b78d245f9168cdf037cb5cd17af7c48eaa66b2b9a5a943c3ea43f64,2022-06,Cambridgeshire Constabulary,Cambridgeshire Constabulary,,,No Location,,,Burglary,Investigation complete; no suspect identified,
0f97a362146376130b00e82c59230dfc7d12642ca5a307cdf6c3df75cf006ca9,2022-06,Cambridgeshire Constabulary,Cambridgeshire Constabulary,,,No Location,,,Burglary,Investigation complete; no suspect identified,
8e458c6b4181b843e1159f64725a1bfca6ec4318689b14cb0d1102e960b7f6d9,2022-06,Cambridgeshire Constabulary,Cambridgeshire Constabulary,,,No Location,,,Criminal damage and arson,Court result unavailable,
86f4b9e07e0b7a6418ada325aaf96c75b78732c7fad34f9381278559d442981d,2022-06,Cambridgeshire Constabulary,Cambridgeshire Constabulary,,,No Location,,,Criminal damage and arson,Investigation complete; no suspect identified,
6215f7d7b0e31fbed14e208464481152dcd8a08e3a7ae65659296b5eb8da9161,2022-06,Cambridgeshire Constabulary,Cambridgeshire Constabulary,,,No Location,,,Criminal damage and arson,Investigation complete; no suspect identified,
adcc0f50bea1d608fca3d3961d875d3700848083c93b962abd42a4d6edfa2aed,2022-06,Cambridgeshire Constabulary,Cambridgeshire Constabulary,,,No Location,,,Criminal damage and arson,Investigation complete; no suspect identified,
da27711924dc0b87e49f1a3449f07da4d6fbff926c5a0cb0719d73d342302b16,2022-06,Cambridgeshire Constabulary,Cambridgeshire Constabulary,,,No Location,,,Criminal damage and arson,Investigation complete; no suspect identified,
8c60fa26c9a1f3118d15af847997058dab8213a3746fa409cb2a3c1056d3c0c6,2022-06,Cambridgeshire Constabulary,Cambridgeshire Constabulary,,,No Location,,,Criminal damage and arson,Unable to prosecute suspect,
1bf08b1034c75a4df2f0c5867094bf32a4a18ff7bd8646fdf42b4f940794cff7,2022-06,Cambridgeshire Constabulary,Cambridgeshire Constabulary,,,No Location,,,Criminal damage and arson,Investigation complete; no suspect identified,
35124fe121db5848efffe61d9920593eb2dc2bc56e5b7266a2c00f67010d75a3,2022-06,Cambridgeshire Constabulary,Cambridgeshire Constabulary,,,No Location,,,Criminal damage and arson,Investigation complete; no suspect identified,
d118a2b4a81e46a31ec562dc54ade0b59f3f05e7a51cb2f487a3a5f20555ada7,2022-06,Cambridgeshire Constabulary,Cambridgeshire Constabulary,,,No Location,,,Criminal damage and arson,Unable to prosecute suspect,
f226f95fe3286a51ba3c41b659378f13d31cb8080616bebdc8f6ca0e09505708,2022-06,Cambridgeshire Constabulary,Cambridgeshire Constabulary,,,No Location,,,Criminal damage and arson,Investigation complete; no suspect identified,
db63f66fcbd8daf360a2ee85227bbf005aca3213b3e853ca62197245a38225d6,2022-06,Cambridgeshire Constabulary,Cambridgeshire Constabulary,,,No Location,,,Criminal damage and arson,Investigation complete; no suspect identified,
9290886b2c49cccbf83dd1336ab1b925c95348671ae2c1c57a617aeac52d9408,2022-06,Cambridgeshire Constabulary,Cambridgeshire Constabulary,,,No Location,,,Criminal damage and arson,Investigation complete; no suspect identified,
f648119f19231713f34c09b5efa66fcb718a3eb7e70380113677cb075b727d99,2022-06,Cambridgeshire Constabulary,Cambridgeshire Constabulary,,,No Location,,,Criminal damage and arson,Offender given a caution,
cabdb2b018b6717a7f3a00607e1290ba7dd31c0f4a0d73aecbbdf08a4eda187f,2022-06,Cambridgeshire Constabulary,Cambridgeshire Constabulary,,,No Location,,,Criminal damage and arson,Unable to prosecute suspect,
521a5a15acee7cf0dfe70142c78a6e72d6a7a01dd214be83037647e5bb149aa7,2022-06,Cambridgeshire Constabulary,Cambridgeshire Constabulary,,,No Location,,,Criminal damage and arson,Investigation complete; no suspect identified,
d6780e0a3fc566deaeaebd7b588b8bfa66d7ac0ee49274e055e46af37828d8ac,2022-06,Cambridgeshire Constabulary,Cambridgeshire Constabulary,,,No Location,,,Criminal damage and arson,Investigation complete; no suspect identified,
cca4506205061ab1ba8436c9e387a2ab1aa34604dbf4c0dca62e1d8e7770ab0d,2022-06,Cambridgeshire Constabulary,Cambridgeshire Constabulary,,,No Location,,,Criminal damage and arson,Formal action is not in the public interest,
b99c8eabb8b0999bab5cfc991e5bc9b6600328a929fa6cf8bae142cb09e48add,2022-06,Cambridgeshire Constabulary,Cambridgeshire Constabulary,,,No Location,,,Criminal damage and arson,Unable to prosecute suspect,
e39242ceca63a7c8a4a782ea0432a4005d9d955c40d3296a3d748ccc4100ca98,2022-06,Cambridgeshire Constabulary,Cambridgeshire Constabulary,,,No Location,,,Criminal damage and arson,Investigation complete; no suspect identified,
96b90ed24199e54e2adb6df7a9e33a0e3df58b4e7d98e65dead30c32a352ef2c,2022-06,Cambridgeshire Constabulary,Cambridgeshire Constabulary,,,No Location,,,Drugs,Local resolution,
4106973aec562194631624dfbc47b47bd8bb2ffefbbe1542dab0e369491f581d,2022-06,Cambridgeshire Constabulary,Cambridgeshire Constabulary,,,No Location,,,Drugs,Court result unavailable,
68dfbe4150ec90ab6113b3de8cad2d235fad49cdc54b63a52a9f80828870a970,2022-06,Cambridgeshire Constabulary,Cambridgeshire Constabulary,,,No Location,,,Drugs,Unable to prosecute suspect,
db29aeeaf4c8f2df2500c060939828ecc7b0357ddb0ac4a7d08fad90da51a4de,2022-06,Cambridgeshire Constabulary,Cambridgeshire Constabulary,,,No Location,,,Drugs,Court result unavailable,
f351253b321c301ee0f42dab1bacd965906af6198400ab94b4a4f282b6a3e335,2022-06,Cambridgeshire Constabulary,Cambridgeshire Constabulary,,,No Location,,,Drugs,Court result unavailable,
91e59fdc2279ab528fc10084ee5cc090a2c626886fa37a044182b6142ab88d0e,2022-06,Cambridgeshire Constabulary,Cambridgeshire Constabulary,,,No Location,,,Drugs,Unable to prosecute suspect,
adc46881aedb6c91fd9d862553793b2314fa0fc50ba34a083423be50013515c5,2022-06,Cambridgeshire Constabulary,Cambridgeshire Constabulary,,,No Location,,,Drugs,Court result unavailable,
958a3aaa3aad05ee07058af704064b3f2662600a684d92fa2dc63fbc2e1438b1,2022-06,Cambridgeshire Constabulary,Cambridgeshire Constabulary,,,No Location,,,Drugs,Court result unavailable,
a21b3fd1d3e6171762a50d2f7a697b0e04fca58ac74f849932c914fb6876af2b,2022-06,Cambridgeshire Constabulary,Cambridgeshire Constabulary,,,No Location,,,Drugs,Unable to prosecute suspect,
4a3aa32b06bf5810c0ccd05d169dcad498ffbea1b4ccd415ca10634eb7b8cd6e,2022-06,Cambridgeshire Constabulary,Cambridgeshire Constabulary,,,No Location,,,Other theft,Investigation complete; no suspect identified,
f7a491617b09a43923f70090191a8073bc2e880fda7207418fdabdfc6b6d0b5f,2022-06,Cambridgeshire Constabulary,Cambridgeshire Constabulary,,,No Location,,,Other theft,Investigation complete; no suspect identified,
26f57c6e8f925798281f4f5d57eee6bd7a68128ed92c61c8fd86ffee95f93c69,2022-06,Cambridgeshire Constabulary,Cambridgeshire Constabulary,,,No Location,,,Other theft,Investigation complete; no suspect identified,
731eeb77756d1230b3ad00626acb1ab7fe8c1f96ab744daad4ac23ec2ccc91e8,2022-06,Cambridgeshire Constabulary,Cambridgeshire Constabulary,,,No Location,,,Other theft,Investigation complete; no suspect identified,
4ec7e6f9422d771b35b203d37f325df718dd1d5a711719e701ec111a92671041,2022-06,Cambridgeshire Constabulary,Cambridgeshire Constabulary,,,No Location,,,Other theft,Further action is not in the public interest,
59d56557833719d47a3b5509213c1399bd59dc2fa80ee9fe669603c5c31ad00c,2022-06,Cambridgeshire Constabulary,Cambridgeshire Constabulary,,,No Location,,,Other theft,Investigation complete; no suspect identified,
c1be4c0d093d92169b99b24a27f8f23f02ebf2f02edfd89e54687fe8ac86d637,2022-06,Cambridgeshire Constabulary,Cambridgeshire Constabulary,,,No Location,,,Other theft,Investigation complete; no suspect identified,
3a2c76d3dec039b62fbf9ca7fb97d7e5f6770d9e8a9a22cc9aab463d3c542aa5,2022-06,Cambridgeshire Constabulary,Cambridgeshire Constabulary,,,No Location,,,Other theft,Investigation complete; no suspect identified,
6e9cd9392c0ed3efc39edf5be828e4fd0a8406baa837c69bb9e88f9e920ee87f,2022-06,Cambridgeshire Constabulary,Cambridgeshire Constabulary,,,No Location,,,Other theft,Investigation complete; no suspect identified,
97d54dd4a447472ed832bb60a31a3529eea0ab4080e22c785ea6351988c41d90,2022-06,Cambridgeshire Constabulary,Cambridgeshire Constabulary,,,No Location,,,Other theft,Local resolution,
8cde4efeb0584b8f7d58d3d175f7f72f59ef156df4db0b7d58e595ceebe67eb6,2022-06,Cambridgeshire Constabulary,Cambridgeshire Constabulary,,,No Location,,,Other theft,Investigation complete; no suspect identified,
66c3a3f268d68be7338d8ce145eb56e657eb5379de1d10a23b287899896beee8,2022-06,Cambridgeshire Constabulary,Cambridgeshire Constabulary,,,No Location,,,Other theft,Investigation complete; no suspect identified,
5442456edf3149f375d1047b1b32db859f09bd77f658d97ea9407d50a90432a3,2022-06,Cambridgeshire Constabulary,Cambridgeshire Constabulary,,,No Location,,,Other theft,Investigation complete; no suspect identified,
295ce9d9f045172e67432c24a8208b2212a90da46be70f48ef0e4581cdf8445f,2022-06,Cambridgeshire Constabulary,Cambridgeshire Constabulary,,,No Location,,,Other theft,Investigation complete; no suspect identified,
a31f36d8b0766e66b972f7a5a66ce3a12c66c8724f19641a4d4ab83dca1aaa15,2022-06,Cambridgeshire Constabulary,Cambridgeshire Constabulary,,,No Location,,,Other theft,Status update unavailable,
42ed6d800d08dd32749591924d65157ad687d46954370f6894a9b106db716550,2022-06,Cambridgeshire Constabulary,Cambridgeshire Constabulary,,,No Location,,,Other theft,Investigation complete; no suspect identified,
2c218800268401e09761964a7ebaab81afa48dfb826a449b0a67b6ed526913e7,2022-06,Cambridgeshire Constabulary,Cambridgeshire Constabulary,,,No Location,,,Other theft,Investigation complete; no suspect identified,
534795015618a7a9db8d362983a08f4e87c2420af5583a29fdc5e61c56bd2e33,2022-06,Cambridgeshire Constabulary,Cambridgeshire Constabulary,,,No Location,,,Other theft,Investigation complete; no suspect identified,
f2318242ef5cdfcb4b8b9a7e7bd1da5a54466d43fb1c2a4006a728230dd1ec02,2022-06,Cambridgeshire Constabulary,Cambridgeshire Constabulary,,,No Location,,,Other theft,Investigation complete; no suspect identified,
46c66744d44c1ffe22483ce6ac44fb5aa3e2283138eac3a755882f8738865094,2022-06,Cambridgeshire Constabulary,Cambridgeshire Constabulary,,,No Location,,,Other theft,Investigation complete; no suspect identified,
cdbab7cfda19360ad75d40d7ef1cae4dc68a49d4def21a2688c92e65fdfc0f87,2022-06,Cambridgeshire Constabulary,Cambridgeshire Constabulary,,,No Location,,,Other theft,Investigation complete; no suspect identified,
ed0a3d0c8d468cd7db1f7983a32b73dc9cd5692e27b7bfe2d5596622058532d9,2022-06,Cambridgeshire Constabulary,Cambridgeshire Constabulary,,,No Location,,,Other theft,Investigation complete; no suspect identified,
849cf850c928a6daffd6788c602add0463e9063ef27ea59c1033e1fe581811c4,2022-06,Cambridgeshire Constabulary,Cambridgeshire Constabulary,,,No Location,,,Other theft,Investigation complete; no suspect identified,
efbc8349910e71fa06b89b4dbe0c5fdb358e5af8bbe63b4542996ade07504f22,2022-06,Cambridgeshire Constabulary,Cambridgeshire Constabulary,,,No Location,,,Other theft,Investigation complete; no suspect identified,
5fedf878c639bffa50d809cf7b74d0adbb8400f70dbf06f3cc7bc27d50a886ca,2022-06,Cambridgeshire Constabulary,Cambridgeshire Constabulary,,,No Location,,,Other theft,Investigation complete; no suspect identified,
1c445540bea411a5a415b50932e1294416994bb94b83e2fa5e055a09d8404a9d,2022-06,Cambridgeshire Constabulary,Cambridgeshire Constabulary,,,No Location,,,Possession of weapons,Unable to prosecute suspect,
0fc70b159135751e2accabb392982f12f2023a55ba76f497c1b9e0ee062fa3da,2022-06,Cambridgeshire Constabulary,Cambridgeshire Constabulary,,,No Location,,,Possession of weapons,Unable to prosecute suspect,
1850faaa7f6a2f1ec42071e6704e0f8decf00b9a3022d025b0c61a896dc6b252,2022-06,Cambridgeshire Constabulary,Cambridgeshire Constabulary,,,No Location,,,Public order,Status update unavailable,
50e22b80ad84c9a61478d9aeb52ddc4c1c4b1ca79f97abb7f6f56193e40d4091,2022-06,Cambridgeshire Constabulary,Cambridgeshire Constabulary,,,No Location,,,Public order,Local resolution,
b44d282e953213638e27d98cf62341d054e946f7dd5693d19b053be09b9d9a4e,2022-06,Cambridgeshire Constabulary,Cambridgeshire Constabulary,,,No Location,,,Public order,Status update unavailable,
1397cff39e3a5aad5266c6ce2c78c23d0e66fa7d744e7a6bbde9ea5fb11d3203,2022-06,Cambridgeshire Constabulary,Cambridgeshire Constabulary,,,No Location,,,Public order,Investigation complete; no suspect identified,
28840213d2c0042d3819cb10e8c77a1d730b1473b071e5b4c20f14f7510c5108,2022-06,Cambridgeshire Constabulary,Cambridgeshire Constabulary,,,No Location,,,Public order,Status update unavailable,
8816d0a77009e050ff10e82eaee2752886c463a3a02ae10c4ed52be18d5c733e,2022-06,Cambridgeshire Constabulary,Cambridgeshire Constabulary,,,No Location,,,Public order,Investigation complete; no suspect identified,
8f8a447b0192ba7adb50bf708545f36d0733eeea174cdf1196af7364bd572fef,2022-06,Cambridgeshire Constabulary,Cambridgeshire Constabulary,,,No Location,,,Public order,Local resolution,
c4486a1e688c7a3c7140884aee77d1b9601283f671a58d851dd51cdfdac2c9b5,2022-06,Cambridgeshire Constabulary,Cambridgeshire Constabulary,,,No Location,,,Public order,Unable to prosecute suspect,
f9e0fe14bf01b764fba700f8953325ad2a1f3f8dae9ae522347732c835167605,2022-06,Cambridgeshire Constabulary,Cambridgeshire Constabulary,,,No Location,,,Public order,Unable to prosecute suspect,
4e6674010117e093379ccb37dabbbcaa2ea81031d24756bdf785d4c11200049c,2022-06,Cambridgeshire Constabulary,Cambridgeshire Constabulary,,,No Location,,,Public order,Investigation complete; no suspect identified,
adab1ada4fbfbaa60cb6fddc4b41ead1bdaaad1fba4e2b9fd3309933a94f0747,2022-06,Cambridgeshire Constabulary,Cambridgeshire Constabulary,,,No Location,,,Public order,Investigation complete; no suspect identified,
3a18be860a8c7bcad040c87e02d00f9bee901cd3227e940f658ca4282dbecb44,2022-06,Cambridgeshire Constabulary,Cambridgeshire Constabulary,,,No Location,,,Public order,Unable to prosecute suspect,
99de70c2f6f5a202dab71078e1df6be89f6a909736050b55297de16347733c0d,2022-06,Cambridgeshire Constabulary,Cambridgeshire Constabulary,,,No Location,,,Public order,Unable to prosecute suspect,
564eb535335f059be6c007119f4c8acbb98ceb39478be279f8524c2f7ebe5c48,2022-06,Cambridgeshire Constabulary,Cambridgeshire Constabulary,,,No Location,,,Public order,Unable to prosecute suspect,
8c919199bf242183b2af22c6aa585ef746b11517e54769471ddca9de9a720e78,2022-06,Cambridgeshire Constabulary,Cambridgeshire Constabulary,,,No Location,,,Public order,Unable to prosecute suspect,
f4ec0eaa2b02fb51e7c541554f382602227fdcaf75226385399f19e4933ccd9a,2022-06,Cambridgeshire Constabulary,Cambridgeshire Constabulary,,,No Location,,,Public order,Investigation complete; no suspect identified,
becf3fcd977add0548b0718f1a167a8cc59a99056281ccf47eb6fae45a589b6f,2022-06,Cambridgeshire Constabulary,Cambridgeshire Constabulary,,,No Location,,,Public order,Local resolution,
603f36bffd2cdda9d0cb691dc719f59e23b06ed3d8d77464640082c883a0f465,2022-06,Cambridgeshire Constabulary,Cambridgeshire Constabulary,,,No Location,,,Public order,Investigation complete; no suspect identified,
f7ebf08c5c14546f0b173de272d775dfbdbbbdc6894ad4ea63f5fad42453cc1b,2022-06,Cambridgeshire Constabulary,Cambridgeshire Constabulary,,,No Location,,,Public order,Unable to prosecute suspect,
9cb5daf194b162df2a30859a31f094f907283fd3009e502bc1e15983bda26620,2022-06,Cambridgeshire Constabulary,Cambridgeshire Constabulary,,,No Location,,,Public order,Unable to prosecute suspect,
c6bcd7fe053a9a57482f77bf5ed3737c41de2ee1cad679a18af98d18e59b32e9,2022-06,Cambridgeshire Constabulary,Cambridgeshire Constabulary,,,No Location,,,Public order,Investigation complete; no suspect identified,
ebd320672053ef866f77a3c367a5fb00a96ebcbf83e7e5f1aab0bff42c2f7c3a,2022-06,Cambridgeshire Constabulary,Cambridgeshire Constabulary,,,No Location,,,Public order,Investigation complete; no suspect identified,
d26b9c777e2bb6fd92f285da377e1ba083f2dde1f4d621d197e93c823482d486,2022-06,Cambridgeshire Constabulary,Cambridgeshire Constabulary,,,No Location,,,Public order,Unable to prosecute suspect,
a7c3fe016e5e8daaddb39a5afd65ff8633fd5e614ecbe9b67ea4e285f6fba7bd,2022-06,Cambridgeshire Constabulary,Cambridgeshire Constabulary,,,No Location,,,Public order,Formal action is not in the public interest,
0618e140b2a8024040111cc3caaba5d9cde66aabf37b5a68621db0e6ef974994,2022-06,Cambridgeshire Constabulary,Cambridgeshire Constabulary,,,No Location,,,Public order,Unable to prosecute suspect,
e8f315e06491f6c69cbafe92733b1f510e95e1ac02e4ad5817e48c428220479c,2022-06,Cambridgeshire Constabulary,Cambridgeshire Constabulary,,,No Location,,,Public order,Unable to prosecute suspect,
521b16d44adeaf41b2406f5396e9654bc8b5a78c63e49efee5d26669ee07366a,2022-06,Cambridgeshire Constabulary,Cambridgeshire Constabulary,,,No Location,,,Robbery,Unable to prosecute suspect,
e7430f168dc8bccb14a0cb772608e46a7480b96230699c3a7fffcbddc3260e0b,2022-06,Cambridgeshire Constabulary,Cambridgeshire Constabulary,,,No Location,,,Robbery,Court result unavailable,
8f65bbce2169d498ae85830b394232cfbb0c4f0181e1383ceb96dfc1e8350a05,2022-06,Cambridgeshire Constabulary,Cambridgeshire Constabulary,,,No Location,,,Robbery,Investigation complete; no suspect identified,
ed5875a7ab33bdd0c9af158fbd1cbb10fe4fcd59d17b3ded78632c7388aacb07,2022-06,Cambridgeshire Constabulary,Cambridgeshire Constabulary,,,No Location,,,Robbery,Status update unavailable,
dafe0a8ae228abc6e67a41b80d22351d73ea507038b9a2011a76c42b368a067b,2022-06,Cambridgeshire Constabulary,Cambridgeshire Constabulary,,,No Location,,,Robbery,Status update unavailable,
eb12472a429139671cc3c9193357a853ba6c7ab876ea977e664cf140000a8ac8,2022-06,Cambridgeshire Constabulary,Cambridgeshire Constabulary,,,No Location,,,Robbery,Investigation complete; no suspect identified,
ed413b4efb2badc7e9edaa667f094c12077834cf283d379e6c1d55899fe6315a,2022-06,Cambridgeshire Constabulary,Cambridgeshire Constabulary,,,No Location,,,Robbery,Unable to prosecute suspect,
2c6eda82586131a7783e700201a49c0c35d985737e0de7afc399be1aa879d840,2022-06,Cambridgeshire Constabulary,Cambridgeshire Constabulary,,,No Location,,,Robbery,Investigation complete; no suspect identified,
cecda2dea92c3269bdf2f8a90244925dcc23b9afbfe7362aa73e1e8bd0ced703,2022-06,Cambridgeshire Constabulary,Cambridgeshire Constabulary,,,No Location,,,Robbery,Unable to prosecute suspect,
b750352bfe31be60f6b401eff7b3e38f6fcd5459a34b2619b27c83180e677178,2022-06,Cambridgeshire Constabulary,Cambridgeshire Constabulary,,,No Location,,,Shoplifting,Investigation complete; no suspect identified,
823ac535c01024083268e17787793ab9668d969b2bc49f8493eb2b6e8a922053,2022-06,Cambridgeshire Constabulary,Cambridgeshire Constabulary,,,No Location,,,Shoplifting,Investigation complete; no suspect identified,
b555bcb5fdc9e89af9870bc3640ccc5f900da3f2a263a56aa970d8fc1b1c5ce4,2022-06,Cambridgeshire Constabulary,Cambridgeshire Constabulary,,,No Location,,,Shoplifting,Investigation complete; no suspect identified,
4332eacd75002572904993509633d519937760813fd0fb8020dd18c167214b80,2022-06,Cambridgeshire Constabulary,Cambridgeshire Constabulary,,,No Location,,,Shoplifting,Investigation complete; no suspect identified,
1bb5202b19b2892c3afcbed3bb185e37fc6d2273d6ddb7dbabe25e9a8ad693ab,2022-06,Cambridgeshire Constabulary,Cambridgeshire Constabulary,,,No Location,,,Shoplifting,Investigation complete; no suspect identified,
fe4628a216b9af87b3d54b425a923a37210048f25d1fe7162803aba4d9bd249e,2022-06,Cambridgeshire Constabulary,Cambridgeshire Constabulary,,,No Location,,,Shoplifting,Investigation complete; no suspect identified,
0bcf649e19659a31847c92dec94259180c3dc71d7b6e16eed6041b4b7e298372,2022-06,Cambridgeshire Constabulary,Cambridgeshire Constabulary,,,No Location,,,Shoplifting,Court result unavailable,
f90070410431d5d335dea0579950f470ff12effc0dc706b64f23e9bd77a898c7,2022-06,Cambridgeshire Constabulary,Cambridgeshire Constabulary,,,No Location,,,Shoplifting,Court result unavailable,
bb5909d39f1ce801aebf94cd61c555458cf54793d40efbac17a66651f5be9822,2022-06,Cambridgeshire Constabulary,Cambridgeshire Constabulary,,,No Location,,,Shoplifting,Court result unavailable,
fbb7a98a5be39cd8b7b28f263cf3033e648f9f974640113c755bd7e0e3377335,2022-06,Cambridgeshire Constabulary,Cambridgeshire Constabulary,,,No Location,,,Shoplifting,Investigation complete; no suspect identified,
a7d96eb6facdf1dd01ecbb6a93ea76d75f9b92d3cb51340f67290aabb51221cd,2022-06,Cambridgeshire Constabulary,Cambridgeshire Constabulary,,,No Location,,,Shoplifting,Investigation complete; no suspect identified,
898a02b1521bba643dd0cf8b0ae80c8d23141fcfbfd0412c0d7507a7b676d5bd,2022-06,Cambridgeshire Constabulary,Cambridgeshire Constabulary,,,No Location,,,Shoplifting,Investigation complete; no suspect identified,
c7c8e1a6b0e0cb7d0b70513159a5280eca26d62d155c8615d14883f164fe9a66,2022-06,Cambridgeshire Constabulary,Cambridgeshire Constabulary,,,No Location,,,Shoplifting,Unable to prosecute suspect,
b811ab82c52806cd6aef470cfe2b2f826b01c0ffdbd9dacbd8f7f12529296250,2022-06,Cambridgeshire Constabulary,Cambridgeshire Constabulary,,,No Location,,,Shoplifting,Investigation complete; no suspect identified,
d6992326172b03805fb0a1bed20aacb24bfacd9b7b87a01ac4971fce70493a65,2022-06,Cambridgeshire Constabulary,Cambridgeshire Constabulary,,,No Location,,,Shoplifting,Investigation complete; no suspect identified,
408291813465728ddcd2c6c9fbd3b924ed195d9dcaeaf40e95f9b32a5e8e9e19,2022-06,Cambridgeshire Constabulary,Cambridgeshire Constabulary,,,No Location,,,Shoplifting,Investigation complete; no suspect identified,
9bf40ae07e56c18fcd23558946c31e102d9d8b83fe0157637ca7b5a7881ff75f,2022-06,Cambridgeshire Constabulary,Cambridgeshire Constabulary,,,No Location,,,Shoplifting,Offender given a caution,
2b0f7d5c8de5496a42a8c233daafdbcab6861b380d217136229fb3080c9515d6,2022-06,Cambridgeshire Constabulary,Cambridgeshire Constabulary,,,No Location,,,Shoplifting,Investigation complete; no suspect identified,
fba23ae7213937f85b6aab61e5ea9dec088c8adac60e0b80d6b9695a072e5e2b,2022-06,Cambridgeshire Constabulary,Cambridgeshire Constabulary,,,No Location,,,Shoplifting,Offender given a caution,
b1b23702e49e45bb6246d778a2bd6e7789c066de22a22647b45856673fab1ab4,2022-06,Cambridgeshire Constabulary,Cambridgeshire Constabulary,,,No Location,,,Shoplifting,Investigation complete; no suspect identified,
7c8885346c328349f2a4ab4b2d7ef6a7f26c8a4836c3a9b2034849304f299b2d,2022-06,Cambridgeshire Constabulary,Cambridgeshire Constabulary,,,No Location,,,Shoplifting,Investigation complete; no suspect identified,
6af59e9a99146fc2504e4cda98588c7ef255d0d24cfa2bbfe5e88b26b2654e7e,2022-06,Cambridgeshire Constabulary,Cambridgeshire Constabulary,,,No Location,,,Shoplifting,Investigation complete; no suspect identified,
6a07b7659b54e9177db67dfb65df1efefccc149a0a2add6f7a718c0ef5173f5d,2022-06,Cambridgeshire Constabulary,Cambridgeshire Constabulary,,,No Location,,,Theft from the person,Investigation complete; no suspect identified,
53542ca1ce474876e344f299bb30d3996650cad0c74bf01a5bfe9c24bae6c88c,2022-06,Cambridgeshire Constabulary,Cambridgeshire Constabulary,,,No Location,,,Theft from the person,Investigation complete; no suspect identified,
236b07622e57c0de8c0096d8bb5aed6ab18ff6f1a24cab389b5072fd78ea4306,2022-06,Cambridgeshire Constabulary,Cambridgeshire Constabulary,,,No Location,,,Theft from the person,Investigation complete; no suspect identified,
67c0bc25a4b48483e3304de5c788299f77df12c90a41d11990954e165253ec0d,2022-06,Cambridgeshire Constabulary,Cambridgeshire Constabulary,,,No Location,,,Theft from the person,Unable to prosecute suspect,
ede50add66e4d8f7431d9dff1b9b41faa11e8e61be1c84df400a097012da6785,2022-06,Cambridgeshire Constabulary,Cambridgeshire Constabulary,,,No Location,,,Theft from the person,Investigation complete; no suspect identified,
78b1c7e0c2cb25c3993184c9e4a9260393d1aaa75e3b5d59dfd6796447da4c20,2022-06,Cambridgeshire Constabulary,Cambridgeshire Constabulary,,,No Location,,,Theft from the person,Investigation complete; no suspect identified,
e442c8d3ea4294a4d163de311a71dab0cdfe2f680a981e37b644c2fe1bb9d180,2022-06,Cambridgeshire Constabulary,Cambridgeshire Constabulary,,,No Location,,,Theft from the person,Unable to prosecute suspect,
ed390c93f7d65c630e0f082daa27e41765d6b48707a1ccfe1d1a5354294683af,2022-06,Cambridgeshire Constabulary,Cambridgeshire Constabulary,,,No Location,,,Theft from the person,Investigation complete; no suspect identified,
8b9ef44ea0fd792b4321738742f3b007fee9c0a92e5be4f2d09fa93447d65ec0,2022-06,Cambridgeshire Constabulary,Cambridgeshire Constabulary,,,No Location,,,Vehicle crime,Investigation complete; no suspect identified,
7cd3b3e9bda034fda3e024e4bb0f158b2a445dc75c11774db80b8d07c7559305,2022-06,Cambridgeshire Constabulary,Cambridgeshire Constabulary,,,No Location,,,Vehicle crime,Investigation complete; no suspect identified,
a0967079a220a4ade07f367e84e8be89609e71e54d6717d3ddce7cc7b12a4b26,2022-06,Cambridgeshire Constabulary,Cambridgeshire Constabulary,,,No Location,,,Vehicle crime,Investigation complete; no suspect identified,
d2c4a33e61cf4b2c192e724a39d948a0d9760ac9372438431c679ecace423a73,2022-06,Cambridgeshire Constabulary,Cambridgeshire Constabulary,,,No Location,,,Vehicle crime,Investigation complete; no suspect identified,
da08deb31369f19c6ce66af2f598648a2974c96a37197163e1c6cf0d7261e976,2022-06,Cambridgeshire Constabulary,Cambridgeshire Constabulary,,,No Location,,,Vehicle crime,Investigation complete; no suspect identified,
ee47c8f04cb6cdb04a360ed5d62612c30503e90a49c4c77e41a1f266e566c66a,2022-06,Cambridgeshire Constabulary,Cambridgeshire Constabulary,,,No Location,,,Violence and sexual offences,Unable to prosecute suspect,
63f942b611842b47b2550981d7b4ae393d1b74c15641d538120783df4009856c,2022-06,Cambridgeshire Constabulary,Cambridgeshire Constabulary,,,No Location,,,Violence and sexual offences,Investigation complete; no suspect identified,
10888bb057b98def3728ca71042137e08de0cfc6b0780b88b4b12d51e4807386,2022-06,Cambridgeshire Constabulary,Cambridgeshire Constabulary,,,No Location,,,Violence and sexual offences,Investigation complete; no suspect identified,
7806749ff5e3f76a8c9c77defac66f9a63377f6c08c099cf15747e210a793807,2022-06,Cambridgeshire Constabulary,Cambridgeshire Constabulary,,,No Location,,,Violence and sexual offences,Unable to prosecute suspect,
0475684ede0ff78d622a55da2dd794976de9f5d9fe8fb6d5d03e51b4cef9a7a7,2022-06,Cambridgeshire Constabulary,Cambridgeshire Constabulary,,,No Location,,,Violence and sexual offences,Unable to prosecute suspect,
52f52b04141518f43f88bc27d3acf1b115a3a96878e200ec6959172b349065f8,2022-06,Cambridgeshire Constabulary,Cambridgeshire Constabulary,,,No Location,,,Violence and sexual offences,Status update unavailable,
daafe917361c098ae913d5966814fe2aeff3d3702a16722c010980aa54c28a63,2022-06,Cambridgeshire Constabulary,Cambridgeshire Constabulary,,,No Location,,,Violence and sexual offences,Unable to prosecute suspect,
d773d5e240f9697867475353c70771e6f9b32f431979b1b24d23a07239b2da7f,2022-06,Cambridgeshire Constabulary,Cambridgeshire Constabulary,,,No Location,,,Violence and sexual offences,Unable to prosecute suspect,
900fd10ec3ccf48b1bb03e527fde3f5c29e9ab9e3e2ddb421558893a5df5a7d5,2022-06,Cambridgeshire Constabulary,Cambridgeshire Constabulary,,,No Location,,,Violence and sexual offences,Unable to prosecute suspect,
b1734d606f4a53643827e281605c18c2a1c9051c14d6024e08d4e44ad8072096,2022-06,Cambridgeshire Constabulary,Cambridgeshire Constabulary,,,No Location,,,Violence and sexual offences,Unable to prosecute suspect,
f239cea41e21261718a246af1ca6fd54cfe49f09a14a93f5b774bd09f358cf0d,2022-06,Cambridgeshire Constabulary,Cambridgeshire Constabulary,,,No Location,,,Violence and sexual offences,Local resolution,
99545e54b7ac6a04d631e707ac9557b82849e070c7d73ee5563c8b5689928605,2022-06,Cambridgeshire Constabulary,Cambridgeshire Constabulary,,,No Location,,,Violence and sexual offences,Unable to prosecute suspect,
9cbf80a69cabe9423094e2737df6db9fc890bcb918596a917278b3368bd3f066,2022-06,Cambridgeshire Constabulary,Cambridgeshire Constabulary,,,No Location,,,Violence and sexual offences,Court result unavailable,
8a2277448d05cac825fc940967f9d8e75a5a4bb0b4aef46efd6904947108cfbd,2022-06,Cambridgeshire Constabulary,Cambridgeshire Constabulary,,,No Location,,,Violence and sexual offences,Offender given a caution,
cc58039927a38605093848e1d81c5f958392afa7e561584abe22a71d6133d733,2022-06,Cambridgeshire Constabulary,Cambridgeshire Constabulary,,,No Location,,,Violence and sexual offences,Unable to prosecute suspect,
68ec3013941cccea1a158bb9bab9a0dcb75ab90460787807ce64f436b679a161,2022-06,Cambridgeshire Constabulary,Cambridgeshire Constabulary,,,No Location,,,Violence and sexual offences,Unable to prosecute suspect,
1b948f640b0f87b92e44aa3763f72b0b0da331b18f6470f4de60dcc73db0e1a3,2022-06,Cambridgeshire Constabulary,Cambridgeshire Constabulary,,,No Location,,,Violence and sexual offences,Unable to prosecute suspect,
ff8221b5cf3dfd218129034eca0c95301c931ed4378dd90faa907adb8f4233c5,2022-06,Cambridgeshire Constabulary,Cambridgeshire Constabulary,,,No Location,,,Violence and sexual offences,Investigation complete; no suspect identified,
d06aac75f19a4128d0538301dae9261ed86fb99da651e09109a631f0d011c336,2022-06,Cambridgeshire Constabulary,Cambridgeshire Constabulary,,,No Location,,,Violence and sexual offences,Status update unavailable,
60db216aa836d1af8b2ebfe41704debc5f81019f6b59dfb165048bc651cd52b4,2022-06,Cambridgeshire Constabulary,Cambridgeshire Constabulary,,,No Location,,,Violence and sexual offences,Unable to prosecute suspect,
0747d60d27ac9a5dbc821c8ce7655809fe2cafe7152c3db2f3dfe86f464b407d,2022-06,Cambridgeshire Constabulary,Cambridgeshire Constabulary,,,No Location,,,Violence and sexual offences,Unable to prosecute suspect,
65b68dc50cbb22b2c04244bbdb61d732018957bd2aa50684c2edf68b46d18017,2022-06,Cambridgeshire Constabulary,Cambridgeshire Constabulary,,,No Location,,,Violence and sexual offences,Unable to prosecute suspect,
8ec142a0f0e7e21a5076454b6bb5a46b488ac7d89cbbe62f5eb1023320f95692,2022-06,Cambridgeshire Constabulary,Cambridgeshire Constabulary,,,No Location,,,Violence and sexual offences,Investigation complete; no suspect identified,
1d5086119337621c64f6b8c6f69947026aa7a1a432295e2e038df4e51ba52775,2022-06,Cambridgeshire Constabulary,Cambridgeshire Constabulary,,,No Location,,,Violence and sexual offences,Unable to prosecute suspect,
489679f221a88e8ab4c5c0b908a963d8a329c84ee13628759ded7afe59d3c634,2022-06,Cambridgeshire Constabulary,Cambridgeshire Constabulary,,,No Location,,,Violence and sexual offences,Unable to prosecute suspect,
9f156448b4cd0f235546954d3c30ba8c287fc6ebe7801c21b26e5b5d2b7996de,2022-06,Cambridgeshire Constabulary,Cambridgeshire Constabulary,,,No Location,,,Violence and sexual offences,Unable to prosecute suspect,
34763974ed92b35f30de98d5c8793e511339d7cfe22ee56181234fad44b535ef,2022-06,Cambridgeshire Constabulary,Cambridgeshire Constabulary,,,No Location,,,Violence and sexual offences,Unable to prosecute suspect,
7e41ce6863ba0e58902e2484686922906cd75e97df8c2552794c416798998e04,2022-06,Cambridgeshire Constabulary,Cambridgeshire Constabulary,,,No Location,,,Violence and sexual offences,Status update unavailable,
0143c4499bee08ade3d190e9f40d16d849647aa31e7e0b23daa5aef814c71f65,2022-06,Cambridgeshire Constabulary,Cambridgeshire Constabulary,,,No Location,,,Violence and sexual offences,Unable to prosecute suspect,
ac03f2556dad0096d72a55ddce1b89fdcb19d35c614a244bbd246cdd5888d910,2022-06,Cambridgeshire Constabulary,Cambridgeshire Constabulary,,,No Location,,,Violence and sexual offences,Unable to prosecute suspect,
ff706a2c3440cdcdf9c1c90815dd8c4796c458ad54153bd90743ec87192b5263,2022-06,Cambridgeshire Constabulary,Cambridgeshire Constabulary,,,No Location,,,Violence and sexual offences,Investigation complete; no suspect identified,
8a4c0bb27a5e4a0800d9062f682eebe339c725faf9743d15fce429ed9f25b19f,2022-06,Cambridgeshire Constabulary,Cambridgeshire Constabulary,,,No Location,,,Violence and sexual offences,Local resolution,
e77d5456c74e2f55ffb5c82abe4ba5a463a1ea5c80d08d9c5cd90ae1b6a60ec1,2022-06,Cambridgeshire Constabulary,Cambridgeshire Constabulary,,,No Location,,,Violence and sexual offences,Status update unavailable,
da5c81c0a3b3073947ef4eac95d99f0adf323c17bda138faa71aabd760081236,2022-06,Cambridgeshire Constabulary,Cambridgeshire Constabulary,,,No Location,,,Violence and sexual offences,Investigation complete; no suspect identified,
b8e8b89acb703a9e2f9f26a852d659fa56626171e2ff15afb286478b67078d10,2022-06,Cambridgeshire Constabulary,Cambridgeshire Constabulary,,,No Location,,,Violence and sexual offences,Further action is not in the public interest,
e7d0ec251abf76d627835ff3ec1b4409425303a89c470252affe50ba1b926c0b,2022-06,Cambridgeshire Constabulary,Cambridgeshire Constabulary,,,No Location,,,Violence and sexual offences,Unable to prosecute suspect,
d4b1b013e9761d1e06f6f56f279c26a1c550b4b4be83fe3847c1175f85b2ecae,2022-06,Cambridgeshire Constabulary,Cambridgeshire Constabulary,,,No Location,,,Violence and sexual offences,Unable to prosecute suspect,
73483230c91cc7e8cfca3d49b3403235b05e67de0bdcb9a4bb13508abec4a5b4,2022-06,Cambridgeshire Constabulary,Cambridgeshire Constabulary,,,No Location,,,Violence and sexual offences,Investigation complete; no suspect identified,
d0ecd0e3aa4f70e61e50553b96bdc7cd8419733f6e9c52e25e585b710ef07de9,2022-06,Cambridgeshire Constabulary,Cambridgeshire Constabulary,,,No Location,,,Violence and sexual offences,Unable to prosecute suspect,
2ad0b697c4a4791993c14c25f6c8aeacaa2889cf71ffa99cf071535a94d5fff3,2022-06,Cambridgeshire Constabulary,Cambridgeshire Constabulary,,,No Location,,,Violence and sexual offences,Investigation complete; no suspect identified,
d49a6d89200a5019dcdb386057893a42f4053fa1407a075d37cbecf6b05c2c5a,2022-06,Cambridgeshire Constabulary,Cambridgeshire Constabulary,,,No Location,,,Violence and sexual offences,Status update unavailable,
4888ce687943ee48df7619645096624cd034263a96f081bca3167b77c6dd2ca3,2022-06,Cambridgeshire Constabulary,Cambridgeshire Constabulary,,,No Location,,,Violence and sexual offences,Investigation complete; no suspect identified,
1cd5706d4c0c90c77b6d65208bd32b390eaaaad9ffd60919b8bf593ab3c6744d,2022-06,Cambridgeshire Constabulary,Cambridgeshire Constabulary,,,No Location,,,Violence and sexual offences,Court result unavailable,
f0f8f983080255b76aa698ebb774b834b59ba85f52974b4b593a6655feacea5e,2022-06,Cambridgeshire Constabulary,Cambridgeshire Constabulary,,,No Location,,,Violence and sexual offences,Investigation complete; no suspect identified,
d133be8615f6c3ae5f4c0d9b9989a2094eacf1866e633d9541f6ddcd6c8e6e93,2022-06,Cambridgeshire Constabulary,Cambridgeshire Constabulary,,,No Location,,,Violence and sexual offences,Status update unavailable,
0ec5d0af8d8a3c035d87c46be63c60de0080fc825da24cf7f38531cfdfa262eb,2022-06,Cambridgeshire Constabulary,Cambridgeshire Constabulary,,,No Location,,,Violence and sexual offences,Investigation complete; no suspect identified,
c04fff1276ef283928ff76a388f78270def49616c720a08a83774578ab51bc4c,2022-06,Cambridgeshire Constabulary,Cambridgeshire Constabulary,,,No Location,,,Violence and sexual offences,Unable to prosecute suspect,
eb6f56f2d4c5a1e859f728a4e91a2ee73177f02740757797e64b6269f4c05886,2022-06,Cambridgeshire Constabulary,Cambridgeshire Constabulary,,,No Location,,,Violence and sexual offences,Investigation complete; no suspect identified,
c5bc7ada55a692a822a185cb20c23805e1ffdbe78092121fc2ef68befbd7b1a0,2022-06,Cambridgeshire Constabulary,Cambridgeshire Constabulary,,,No Location,,,Violence and sexual offences,Investigation complete; no suspect identified,
3a367947ed3f4dff5d187f367029739e621b3bbfd03291671daf47f5ccd46363,2022-06,Cambridgeshire Constabulary,Cambridgeshire Constabulary,,,No Location,,,Violence and sexual offences,Unable to prosecute suspect,
71cd39750312ec3f5b8f44551d125b710718d5e2b559f932cd962d2c8b806e06,2022-06,Cambridgeshire Constabulary,Cambridgeshire Constabulary,,,No Location,,,Violence and sexual offences,Unable to prosecute suspect,
c8bf12704aea018ab65b6a85cebf7478b7a6e14b26535877789080cd0f178bc3,2022-06,Cambridgeshire Constabulary,Cambridgeshire Constabulary,,,No Location,,,Violence and sexual offences,Unable to prosecute suspect,
fcd3af79fab79debbc7fc9d9993166a42f19ea01fb268b4f45e9dbdef53035e2,2022-06,Cambridgeshire Constabulary,Cambridgeshire Constabulary,,,No Location,,,Violence and sexual offences,Unable to prosecute suspect,
060cc001c2cb9414f61e4eeabb589dcfae9f2f10219d76d5e8ba9fd4222686ea,2022-06,Cambridgeshire Constabulary,Cambridgeshire Constabulary,,,No Location,,,Violence and sexual offences,Action to be taken by another organisation,
264c9b196f77d6784c27fd813dfcb5dcb646d76fb7cf2f300ba7bdcbf0b91f73,2022-06,Cambridgeshire Constabulary,Cambridgeshire Constabulary,,,No Location,,,Violence and sexual offences,Investigation complete; no suspect identified,
d80ea2065eb268fc37e1075eb8532ba7986c068a74e43a7163d355aeaaf31d2d,2022-06,Cambridgeshire Constabulary,Cambridgeshire Constabulary,,,No Location,,,Violence and sexual offences,Unable to prosecute suspect,
62444079b58288de1edcbc56504f8d45963bf5f1e42ebbaeebfee90fd1f5c281,2022-06,Cambridgeshire Constabulary,Cambridgeshire Constabulary,,,No Location,,,Violence and sexual offences,Unable to prosecute suspect,
77c9e625b40034d24717b57647bf67fc39c930e3e8b5284217f54e83ddfaf260,2022-06,Cambridgeshire Constabulary,Cambridgeshire Constabulary,,,No Location,,,Violence and sexual offences,Unable to prosecute suspect,
25d078f88fd1b71b988bbf09fe03fbfda670a6e5cce31cadc883ad217a360d79,2022-06,Cambridgeshire Constabulary,Cambridgeshire Constabulary,,,No Location,,,Violence and sexual offences,Unable to prosecute suspect,
2faf987bcdfb0d13b218e04a1f675518e97542e35510affc697da27e783ecb94,2022-06,Cambridgeshire Constabulary,Cambridgeshire Constabulary,,,No Location,,,Violence and sexual offences,Investigation complete; no suspect identified,
68dead1855443ea301a64eb405ff160e8159d16e5716f5dc46414eb37aece245,2022-06,Cambridgeshire Constabulary,Cambridgeshire Constabulary,,,No Location,,,Violence and sexual offences,Unable to prosecute suspect,
77a13c6f5a5bb5729a7914ba5a76f303cfd4d46c0dc06ca92335cfea184fa784,2022-06,Cambridgeshire Constabulary,Cambridgeshire Constabulary,,,No Location,,,Violence and sexual offences,Unable to prosecute suspect,
cc4cb743388a3be95859af0119f21e100d581b21dcd43948e9f00ead7d9bff32,2022-06,Cambridgeshire Constabulary,Cambridgeshire Constabulary,,,No Location,,,Violence and sexual offences,Awaiting court outcome,
0592ef7e532f8c8bb9204f4b3758f72715d0b69cf28f2abb5611e72cd72b1096,2022-06,Cambridgeshire Constabulary,Cambridgeshire Constabulary,,,No Location,,,Violence and sexual offences,Unable to prosecute suspect,
5b7d7bdf78313c6839c9672f8b5c7c71a4191a9a1750615641fdfcc391010c01,2022-06,Cambridgeshire Constabulary,Cambridgeshire Constabulary,,,No Location,,,Violence and sexual offences,Unable to prosecute suspect,
8df18d60a8917664f9952874fbc0e8064503d617afab0f810694a02339602d4b,2022-06,Cambridgeshire Constabulary,Cambridgeshire Constabulary,,,No Location,,,Violence and sexual offences,Unable to prosecute suspect,
d1a9c1d96aa32e60967dff45b3d2fbb823054dfdc542a644f75f38e60ded4ca3,2022-06,Cambridgeshire Constabulary,Cambridgeshire Constabulary,,,No Location,,,Violence and sexual offences,Unable to prosecute suspect,
8aab8a7997c1700f2ddfa623b2fd293cc334891287b15c178523c5353bc1b5c1,2022-06,Cambridgeshire Constabulary,Cambridgeshire Constabulary,,,No Location,,,Violence and sexual offences,Investigation complete; no suspect identified,
428dc1989bac722b48bb7e2200cc236c77e3fd93bd5b215017ca0bc52e786b42,2022-06,Cambridgeshire Constabulary,Cambridgeshire Constabulary,,,No Location,,,Violence and sexual offences,Local resolution,
5e1f156a89f0ec9c7315ce5c85c8df51b35f6b5e8bb3a9615b796fff270689cf,2022-06,Cambridgeshire Constabulary,Cambridgeshire Constabulary,,,No Location,,,Violence and sexual offences,Investigation complete; no suspect identified,
5efc0b9c4baf6ae84f5cb3ef3e3e636f5e7141358a6849a3f67a0cbeed1d1aba,2022-06,Cambridgeshire Constabulary,Cambridgeshire Constabulary,,,No Location,,,Violence and sexual offences,Unable to prosecute suspect,
a751594dbdeb114662a18da2f22851f943a5e891515692be5285b221dcbd4695,2022-06,Cambridgeshire Constabulary,Cambridgeshire Constabulary,,,No Location,,,Violence and sexual offences,Unable to prosecute suspect,
75cad42dcf8c24007f55596d6f6635cabf57ede7a6204ef77a811b2a582e306f,2022-06,Cambridgeshire Constabulary,Cambridgeshire Constabulary,,,No Location,,,Violence and sexual offences,Unable to prosecute suspect,
4efb5a1b813acaad9536d375ea62363ae0f7a8522c9f055c4c2d12f2ebe50fd4,2022-06,Cambridgeshire Constabulary,Cambridgeshire Constabulary,,,No Location,,,Violence and sexual offences,Unable to prosecute suspect,
dff677c16f53f7ac95c1bfef6070f19d2b86517cf14ebb0f254805b157c17323,2022-06,Cambridgeshire Constabulary,Cambridgeshire Constabulary,,,No Location,,,Violence and sexual offences,Investigation complete; no suspect identified,
4774108f7fc452c8063a62d5606f81b809329744ec08cab191f200f0a1161b0d,2022-06,Cambridgeshire Constabulary,Cambridgeshire Constabulary,,,No Location,,,Violence and sexual offences,Court result unavailable,
3a2ef77c92743b9da58923b4446314c7af8d1b5afd40ec0176679fc86d253b6f,2022-06,Cambridgeshire Constabulary,Cambridgeshire Constabulary,,,No Location,,,Violence and sexual offences,Unable to prosecute suspect,
d97ebc664337674697d75a9cb00dc535b60399c553d2476436bc94f37a63c545,2022-06,Cambridgeshire Constabulary,Cambridgeshire Constabulary,,,No Location,,,Violence and sexual offences,Unable to prosecute suspect,
d860b8b53c42073c431ec4eed85edd188b1ac438a05b590650d1646e7b80b43b,2022-06,Cambridgeshire Constabulary,Cambridgeshire Constabulary,,,No Location,,,Violence and sexual offences,Unable to prosecute suspect,
12802dc67377007b8df150a6e105db3ff1fcd288537aa3e02f2dd17ff7a4abce,2022-06,Cambridgeshire Constabulary,Cambridgeshire Constabulary,,,No Location,,,Violence and sexual offences,Local resolution,
278eaf0e6ea0b5f99bf465899504009576623f620db8722d33f470ce7e84d159,2022-06,Cambridgeshire Constabulary,Cambridgeshire Constabulary,,,No Location,,,Violence and sexual offences,Unable to prosecute suspect,
449b1e6b97bf28871927bad7da5ab2a9ca13c7ec4b031ca5ebb0e3456c9c5f21,2022-06,Cambridgeshire Constabulary,Cambridgeshire Constabulary,,,No Location,,,Violence and sexual offences,Unable to prosecute suspect,
6ea347ecbdc540bb08c6b2cbedd3462827d9b33b7937ec6d5ec192feb7f1c7d6,2022-06,Cambridgeshire Constabulary,Cambridgeshire Constabulary,,,No Location,,,Violence and sexual offences,Unable to prosecute suspect,
a90d699376d3c33fca00b03c8a28729e4f8414c9de9da1185ec9003f4ea01fb4,2022-06,Cambridgeshire Constabulary,Cambridgeshire Constabulary,,,No Location,,,Violence and sexual offences,Investigation complete; no suspect identified,
c95fb1a8161082eeba82641287bbfa48dc3fff8c733f98cbc62d9f986b84396a,2022-06,Cambridgeshire Constabulary,Cambridgeshire Constabulary,,,No Location,,,Violence and sexual offences,Unable to prosecute suspect,
87d6e924b773bd33637071c804ff805a50a9041fd7c54fd490b856726f1402e1,2022-06,Cambridgeshire Constabulary,Cambridgeshire Constabulary,,,No Location,,,Violence and sexual offences,Investigation complete; no suspect identified,
fb5951b11ad1f0213f632e872fc62f11801cf1dcc93e5f4204c0c4365b1c379c,2022-06,Cambridgeshire Constabulary,Cambridgeshire Constabulary,,,No Location,,,Violence and sexual offences,Offender given a caution,
6c7294cd9d21654c548f5ad1c8d6cd02521f4312d6f53f6688a2f632652903c4,2022-06,Cambridgeshire Constabulary,Cambridgeshire Constabulary,,,No Location,,,Violence and sexual offences,Local resolution,
3993de5c3cc05d2e8fb9afd276dd27bf39bf33eb2d50f9b13912bb47c1cfe9bb,2022-06,Cambridgeshire Constabulary,Cambridgeshire Constabulary,,,No Location,,,Violence and sexual offences,Unable to prosecute suspect,
1d06acabd7fc18f5cbb8ea9984983c77a3d76ed1d0506a37cae2b38eaf219d83,2022-06,Cambridgeshire Constabulary,Cambridgeshire Constabulary,,,No Location,,,Other crime,Status update unavailable,
9f429ca3b13d14dce691302a54b296f273c9725c290a0dad8bf597d5c2814a40,2022-06,Cambridgeshire Constabulary,Cambridgeshire Constabulary,,,No Location,,,Other crime,Unable to prosecute suspect,
0c7e96cb6d57eac4204ae64f0f2c8dda0b03e5ad8fd882aeaad36305d133a951,2022-06,Cambridgeshire Constabulary,Cambridgeshire Constabulary,,,No Location,,,Other crime,Unable to prosecute suspect,
99fb9832bef10872b3394dbabc34b2ddc0c23874b010ff9146a253edd8142828,2022-06,Cambridgeshire Constabulary,Cambridgeshire Constabulary,,,No Location,,,Other crime,Status update unavailable,
e44651a1e84f48706b65d761edb1052b68816b530ac5ac25ad6dbf077789e950,2022-06,Cambridgeshire Constabulary,Cambridgeshire Constabulary,,,No Location,,,Other crime,Unable to prosecute suspect,
fe9f315bc8a1bc4fd6ada9c2946f213f1c3698b82126a5b30022b790ee6a6e3d,2022-06,Cambridgeshire Constabulary,Cambridgeshire Constabulary,,,No Location,,,Other crime,Status update unavailable,
2c0c8bfe49d59323c915bb802713e2127f0498c110c1eef5884a648c8e04350d,2022-06,Cambridgeshire Constabulary,Cambridgeshire Constabulary,,,No Location,,,Other crime,Status update unavailable,
5adf9bd977c469cacd3014871992b01dd88576d02e9af93bc0cd37ebac723782,2022-06,Cambridgeshire Constabulary,Cambridgeshire Constabulary,,,No Location,,,Other crime,Status update unavailable,
1a3c203b6842ff0c3d295d3ca05bf7d5ed48a0fe800328f08a37043d321f0b9e,2022-06,Cambridgeshire Constabulary,Cambridgeshire Constabulary,,,No Location,,,Other crime,Unable to prosecute suspect,
478dacde458d24be075632f30594049acd8a9ef05c8ffe5c431590afae7496f6,2022-06,Cambridgeshire Constabulary,Cambridgeshire Constabulary,,,No Location,,,Other crime,Investigation complete; no suspect identified,
9654a03ee1942f96462f00b5d2d8a0beae94335f717388c7f37aba1395da5597,2022-06,Cambridgeshire Constabulary,Cambridgeshire Constabulary,,,No Location,,,Other crime,Status update unavailable,
33a1109b8af6fb0a0794bb94ccc445dd54f669fd64f436b9f18332c35c2ca3f6,2022-06,Cambridgeshire Constabulary,Cambridgeshire Constabulary,,,No Location,,,Other crime,Status update unavailable,
648e702ecde2a5ffb694ed578c542b9214c37fbaf6dd510c37ab6b2ee83dc0ad,2022-06,Cambridgeshire Constabulary,Cambridgeshire Constabulary,,,No Location,,,Other crime,Status update unavailable,
9e444afc0838ab0f3ce1438517702aadd814c8840a2fffd86eebc5a25153812a,2022-06,Cambridgeshire Constabulary,Cambridgeshire Constabulary,,,No Location,,,Other crime,Status update unavailable,
4d2e6f6a54fa56f7722aed8a184ad60eac2a61a45ca561b31b0551b700a4628d,2022-06,Cambridgeshire Constabulary,Cambridgeshire Constabulary,,,No Location,,,Other crime,Investigation complete; no suspect identified,
4424695d7063c0e6f065df05df8e83474dcdc77a84d4fb5c73964517446e8fa5,2022-06,Cambridgeshire Constabulary,Cambridgeshire Constabulary,,,No Location,,,Other crime,Unable to prosecute suspect,
7e1fae37316ffa298e425fba24de646cfcef85ff2c38dc284e945ea87849b53f,2022-06,Cambridgeshire Constabulary,Cambridgeshire Constabulary,,,No Location,,,Other crime,Awaiting court outcome,
0601fc8fe477099732cad86fa55e905b701e1619f9cc02bd28826ce82d999877,2022-06,Cambridgeshire Constabulary,Cambridgeshire Constabulary,,,No Location,,,Other crime,Status update unavailable,
9552890dafeea8ee5065a5b285e35e8ad853efb0970f45b9187dde880d34172d,2022-06,Cambridgeshire Constabulary,Cambridgeshire Constabulary,,,No Location,,,Other crime,Status update unavailable,
